Source: Spectrum Viewer

Chart: Pulse Spectrum

Series: 
Wavelength (nm)	S (a.u.)
617.638	0.0293855
617.773	0.0293855
617.908	0.0296405
618.043	0.0290031
618.178	0.0293218
618.313	0.0284294
618.448	0.0295767
618.583	0.0283656
618.718	0.0298955
618.853	0.0293218
618.988	0.0291305
619.123	0.0293218
619.258	0.0280469
619.394	0.0290031
619.529	0.0288118
619.664	0.0284931
619.799	0.0286843
619.934	0.0286843
620.069	0.0283656
620.204	0.029258
620.339	0.0284931
620.474	0.0284931
620.609	0.0286206
620.744	0.0287481
620.879	0.0291305
621.014	0.0286206
621.149	0.0288756
621.284	0.0284294
621.419	0.0295767
621.554	0.0285569
621.689	0.0286206
621.825	0.0293218
621.96	0.0290031
622.095	0.029258
622.23	0.0291305
622.365	0.0283656
622.5	0.0286206
622.635	0.0291943
622.77	0.0284931
622.905	0.0290031
623.04	0.0288118
623.175	0.0287481
623.31	0.0287481
623.445	0.0293855
623.58	0.0290031
623.715	0.0286206
623.85	0.029513
623.985	0.0289393
624.12	0.0290668
624.255	0.029258
624.39	0.0295767
624.525	0.0281107
624.661	0.0288756
624.796	0.0291943
624.931	0.0293855
625.066	0.0288118
625.201	0.0288118
625.336	0.0277919
625.471	0.0293855
625.606	0.0290031
625.741	0.0290668
625.876	0.0286843
626.011	0.0291943
626.146	0.0287481
626.281	0.0298955
626.416	0.0286206
626.551	0.0295767
626.686	0.0289393
626.821	0.0289393
626.956	0.0286843
627.091	0.0290031
627.226	0.0283656
627.361	0.0279194
627.496	0.029258
627.631	0.0281744
627.766	0.0287481
627.901	0.0281107
628.036	0.027537
628.171	0.0293855
628.307	0.0279832
628.442	0.0288756
628.577	0.0284931
628.712	0.0284294
628.847	0.0293218
628.982	0.0297042
629.117	0.0290031
629.252	0.0290031
629.387	0.0298317
629.522	0.0289393
629.657	0.0304691
629.792	0.029258
629.927	0.0293218
630.062	0.0286206
630.197	0.0288118
630.332	0.0293218
630.467	0.0289393
630.602	0.0288756
630.737	0.0281744
630.872	0.0286206
631.007	0.0290668
631.142	0.0288118
631.277	0.0285569
631.412	0.0279832
631.547	0.0287481
631.682	0.0286843
631.817	0.0282381
631.952	0.0291305
632.087	0.0295767
632.222	0.029513
632.357	0.0294493
632.492	0.0296405
632.627	0.0283019
632.762	0.0305966
632.897	0.0290668
633.032	0.0282381
633.167	0.0281744
633.302	0.0300867
633.437	0.0293218
633.572	0.0291943
633.707	0.0290031
633.842	0.0300229
633.978	0.0277282
634.113	0.0286206
634.248	0.0288118
634.383	0.0291305
634.518	0.0293218
634.653	0.0281744
634.788	0.0287481
634.923	0.0296405
635.058	0.029258
635.193	0.0293218
635.328	0.0288756
635.463	0.0281744
635.598	0.0294493
635.733	0.0293218
635.868	0.0284294
636.003	0.0291943
636.138	0.0290668
636.273	0.0290031
636.408	0.0296405
636.543	0.0287481
636.678	0.029513
636.813	0.0288118
636.948	0.0296405
637.083	0.0283019
637.218	0.0293855
637.353	0.0283656
637.488	0.0293855
637.623	0.029513
637.758	0.0288118
637.893	0.0291305
638.028	0.0286843
638.163	0.029258
638.298	0.0289393
638.433	0.029513
638.568	0.0290031
638.703	0.0291943
638.838	0.0286843
638.973	0.0286843
639.108	0.0284931
639.243	0.029768
639.378	0.0288118
639.513	0.0279194
639.648	0.0288756
639.783	0.0287481
639.918	0.0290031
640.053	0.029258
640.188	0.029768
640.323	0.029513
640.458	0.0286206
640.593	0.0290668
640.728	0.0287481
640.863	0.0290031
640.998	0.0281744
641.133	0.0291943
641.268	0.0281107
641.403	0.0291305
641.538	0.0299592
641.673	0.0290031
641.808	0.029258
641.943	0.0288118
642.078	0.0293855
642.213	0.0289393
642.348	0.0288756
642.483	0.0279832
642.618	0.0291305
642.753	0.0293855
642.888	0.0299592
643.023	0.0293218
643.158	0.0284294
643.293	0.0290031
643.428	0.0287481
643.563	0.0289393
643.698	0.0281744
643.833	0.0284931
643.968	0.0289393
644.103	0.0293218
644.237	0.0279832
644.372	0.029513
644.507	0.0286206
644.642	0.0297042
644.777	0.029258
644.912	0.0283656
645.047	0.0299592
645.182	0.0286843
645.317	0.0290668
645.452	0.0288118
645.587	0.029258
645.722	0.0291943
645.857	0.0289393
645.992	0.0290031
646.127	0.0288118
646.262	0.0284294
646.397	0.0290668
646.532	0.0297042
646.667	0.0291305
646.802	0.0288118
646.937	0.0283656
647.072	0.029768
647.207	0.0282381
647.342	0.0285569
647.477	0.0286843
647.612	0.0288118
647.747	0.0291943
647.882	0.0293218
648.017	0.0288756
648.152	0.0288118
648.287	0.0283019
648.422	0.029768
648.557	0.0294493
648.692	0.0288118
648.827	0.0291305
648.962	0.029513
649.097	0.0287481
649.232	0.0295767
649.367	0.0290668
649.502	0.0293855
649.637	0.0290668
649.772	0.0281744
649.906	0.0291305
650.041	0.0294493
650.176	0.0283656
650.311	0.0289393
650.446	0.0279194
650.581	0.0283656
650.716	0.0293855
650.851	0.0280469
650.986	0.0296405
651.121	0.0281107
651.256	0.0288118
651.391	0.0290668
651.526	0.0289393
651.661	0.0288118
651.796	0.0291943
651.931	0.0297042
652.066	0.0286206
652.201	0.0300867
652.336	0.0284931
652.471	0.0289393
652.606	0.0293855
652.741	0.0284294
652.876	0.0293855
653.011	0.0288118
653.146	0.0296405
653.281	0.0289393
653.415	0.0291943
653.55	0.0286206
653.685	0.029258
653.82	0.0291943
653.955	0.0283656
654.09	0.0279832
654.225	0.0285569
654.36	0.0293218
654.495	0.0287481
654.63	0.0288756
654.765	0.029258
654.9	0.0293218
655.035	0.0288756
655.17	0.0289393
655.305	0.0284931
655.44	0.0291305
655.575	0.0287481
655.71	0.029768
655.845	0.029258
655.98	0.0284294
656.115	0.0288118
656.25	0.0296405
656.384	0.0294493
656.519	0.0286206
656.654	0.0289393
656.789	0.0293855
656.924	0.0295767
657.059	0.0288118
657.194	0.0287481
657.329	0.0298317
657.464	0.0284931
657.599	0.0293218
657.734	0.0291943
657.869	0.0283019
658.004	0.029513
658.139	0.0290031
658.274	0.0291943
658.409	0.0291305
658.544	0.0287481
658.679	0.0291943
658.813	0.0288118
658.948	0.0288118
659.083	0.0290668
659.218	0.0300867
659.353	0.0290668
659.488	0.0288756
659.623	0.0289393
659.758	0.0284931
659.893	0.0300229
660.028	0.0286206
660.163	0.0290668
660.298	0.0282381
660.433	0.0286843
660.568	0.0291305
660.703	0.0291305
660.838	0.0290031
660.972	0.0291305
661.107	0.0297042
661.242	0.0286206
661.377	0.0279194
661.512	0.0288118
661.647	0.0286843
661.782	0.0290668
661.917	0.0293218
662.052	0.0281744
662.187	0.0288118
662.322	0.0283656
662.457	0.0287481
662.592	0.0282381
662.727	0.0284294
662.862	0.0289393
662.996	0.0287481
663.131	0.0285569
663.266	0.0296405
663.401	0.0289393
663.536	0.0298955
663.671	0.0284931
663.806	0.0288118
663.941	0.0288118
664.076	0.0285569
664.211	0.0286206
664.346	0.0287481
664.481	0.0296405
664.616	0.0293855
664.75	0.0286206
664.885	0.0287481
665.02	0.0293855
665.155	0.029513
665.29	0.0289393
665.425	0.0293218
665.56	0.0299592
665.695	0.0297042
665.83	0.0281744
665.965	0.0291305
666.1	0.0291943
666.235	0.0293218
666.37	0.0286206
666.504	0.0293218
666.639	0.0274732
666.774	0.0288756
666.909	0.0293218
667.044	0.0287481
667.179	0.0293855
667.314	0.0285569
667.449	0.0289393
667.584	0.0298955
667.719	0.0290031
667.854	0.0289393
667.989	0.0294493
668.123	0.0295767
668.258	0.0287481
668.393	0.0299592
668.528	0.0286843
668.663	0.0291305
668.798	0.0293855
668.933	0.0291305
669.068	0.0295767
669.203	0.0295767
669.338	0.0288118
669.473	0.0290031
669.607	0.0290031
669.742	0.0294493
669.877	0.0286206
670.012	0.0294493
670.147	0.0290031
670.282	0.0288756
670.417	0.0290668
670.552	0.0283656
670.687	0.0281107
670.822	0.0299592
670.957	0.0287481
671.091	0.029513
671.226	0.029513
671.361	0.0293218
671.496	0.0287481
671.631	0.0290668
671.766	0.0291943
671.901	0.0284931
672.036	0.0287481
672.171	0.0290031
672.306	0.0284931
672.44	0.0290031
672.575	0.0294493
672.71	0.029768
672.845	0.0289393
672.98	0.0291943
673.115	0.0293855
673.25	0.0288118
673.385	0.0290031
673.52	0.0289393
673.655	0.0286206
673.789	0.0286206
673.924	0.0291305
674.059	0.0283019
674.194	0.0289393
674.329	0.0285569
674.464	0.0294493
674.599	0.0296405
674.734	0.0279832
674.869	0.0284294
675.003	0.029258
675.138	0.0287481
675.273	0.0282381
675.408	0.0288118
675.543	0.0293855
675.678	0.0293218
675.813	0.0293218
675.948	0.0290668
676.083	0.0290668
676.217	0.0283019
676.352	0.0279832
676.487	0.0286843
676.622	0.0295767
676.757	0.0294493
676.892	0.0286206
677.027	0.0293218
677.162	0.0296405
677.297	0.029768
677.431	0.0293218
677.566	0.0293218
677.701	0.0289393
677.836	0.0290668
677.971	0.0284294
678.106	0.0290668
678.241	0.0294493
678.376	0.0298955
678.511	0.0290031
678.645	0.029513
678.78	0.0291943
678.915	0.0291305
679.05	0.0290031
679.185	0.0294493
679.32	0.0298955
679.455	0.0286843
679.59	0.0283019
679.724	0.0282381
679.859	0.0286843
679.994	0.0290031
680.129	0.029258
680.264	0.0307241
680.399	0.029258
680.534	0.0283656
680.669	0.0289393
680.803	0.0288756
680.938	0.0286206
681.073	0.0286206
681.208	0.0277919
681.343	0.0288756
681.478	0.0290668
681.613	0.0289393
681.748	0.0284294
681.882	0.0279194
682.017	0.0293218
682.152	0.0286206
682.287	0.029513
682.422	0.0289393
682.557	0.0289393
682.692	0.0290668
682.827	0.0284931
682.961	0.0282381
683.096	0.0290031
683.231	0.0289393
683.366	0.029513
683.501	0.0293218
683.636	0.0294493
683.771	0.0297042
683.906	0.0294493
684.04	0.0285569
684.175	0.0289393
684.31	0.029768
684.445	0.0290668
684.58	0.0291943
684.715	0.029258
684.85	0.0283656
684.984	0.0291305
685.119	0.0302779
685.254	0.0287481
685.389	0.0284294
685.524	0.0291305
685.659	0.0290031
685.794	0.0289393
685.928	0.0282381
686.063	0.0288756
686.198	0.0286206
686.333	0.0286206
686.468	0.0285569
686.603	0.0289393
686.738	0.0281107
686.872	0.0296405
687.007	0.0288756
687.142	0.0280469
687.277	0.0286206
687.412	0.0289393
687.547	0.0291943
687.682	0.0284931
687.816	0.0281107
687.951	0.0283656
688.086	0.0286843
688.221	0.0289393
688.356	0.0299592
688.491	0.0279832
688.626	0.029768
688.76	0.029258
688.895	0.0291305
689.03	0.0287481
689.165	0.0284294
689.3	0.0284931
689.435	0.0300229
689.57	0.0284294
689.704	0.0288756
689.839	0.029513
689.974	0.0287481
690.109	0.0286206
690.244	0.0298317
690.379	0.0291305
690.513	0.0284931
690.648	0.0287481
690.783	0.0289393
690.918	0.0296405
691.053	0.029768
691.188	0.0294493
691.323	0.0297042
691.457	0.0286843
691.592	0.0291943
691.727	0.0290031
691.862	0.0290031
691.997	0.0290031
692.132	0.029258
692.266	0.0288118
692.401	0.0289393
692.536	0.0294493
692.671	0.0300229
692.806	0.0286206
692.941	0.0293855
693.075	0.0290031
693.21	0.029258
693.345	0.0280469
693.48	0.0288756
693.615	0.0293855
693.75	0.0286206
693.885	0.0287481
694.019	0.0289393
694.154	0.0289393
694.289	0.0288756
694.424	0.0285569
694.559	0.0290668
694.694	0.0297042
694.828	0.0294493
694.963	0.0291943
695.098	0.0288118
695.233	0.0288118
695.368	0.0290668
695.503	0.0280469
695.637	0.0290668
695.772	0.0283656
695.907	0.029768
696.042	0.0289393
696.177	0.0284294
696.312	0.0291943
696.446	0.0297042
696.581	0.029768
696.716	0.0281107
696.851	0.0295767
696.986	0.0295767
697.12	0.0284931
697.255	0.0290668
697.39	0.0293218
697.525	0.0296405
697.66	0.0288118
697.795	0.0284294
697.929	0.0286843
698.064	0.0284931
698.199	0.029258
698.334	0.0288118
698.469	0.029258
698.604	0.0291305
698.738	0.0293218
698.873	0.029513
699.008	0.0295767
699.143	0.0296405
699.278	0.0289393
699.412	0.0279832
699.547	0.0298955
699.682	0.0291943
699.817	0.0294493
699.952	0.0290668
700.087	0.0288118
700.221	0.0288118
700.356	0.0291305
700.491	0.0291305
700.626	0.0288118
700.761	0.0288756
700.895	0.0277282
701.03	0.0289393
701.165	0.0291305
701.3	0.0290031
701.435	0.0286206
701.57	0.0282381
701.704	0.0288756
701.839	0.029513
701.974	0.0293855
702.109	0.0288118
702.244	0.0287481
702.378	0.0298955
702.513	0.0283019
702.648	0.0288756
702.783	0.0290668
702.918	0.0293855
703.052	0.0284931
703.187	0.0293218
703.322	0.0283656
703.457	0.0288756
703.592	0.0293218
703.727	0.0294493
703.861	0.0305329
703.996	0.0291943
704.131	0.0286206
704.266	0.0288118
704.401	0.029513
704.535	0.0284931
704.67	0.0289393
704.805	0.0286206
704.94	0.0288118
705.075	0.0294493
705.209	0.0282381
705.344	0.0281744
705.479	0.0285569
705.614	0.0285569
705.749	0.0285569
705.883	0.029768
706.018	0.0291943
706.153	0.0286206
706.288	0.0278557
706.423	0.0286843
706.557	0.0288756
706.692	0.0287481
706.827	0.0290668
706.962	0.029513
707.097	0.0293855
707.231	0.0293855
707.366	0.0277919
707.501	0.0284931
707.636	0.0281744
707.771	0.0286843
707.905	0.029258
708.04	0.0286843
708.175	0.0293855
708.31	0.0287481
708.445	0.0301504
708.579	0.0293218
708.714	0.0289393
708.849	0.0287481
708.984	0.0298955
709.118	0.0293855
709.253	0.029513
709.388	0.0288118
709.523	0.0284294
709.658	0.0287481
709.792	0.029258
709.927	0.0295767
710.062	0.0296405
710.197	0.0291305
710.332	0.0289393
710.466	0.0285569
710.601	0.0281744
710.736	0.0297042
710.871	0.0296405
711.006	0.0285569
711.14	0.0284294
711.275	0.0284931
711.41	0.0290668
711.545	0.0295767
711.679	0.0289393
711.814	0.0281744
711.949	0.0295767
712.084	0.0284931
712.219	0.0291305
712.353	0.0291305
712.488	0.029768
712.623	0.0284294
712.758	0.0281107
712.892	0.0288756
713.027	0.0284931
713.162	0.0291943
713.297	0.029258
713.432	0.0290031
713.566	0.0283656
713.701	0.0300867
713.836	0.0282381
713.971	0.029258
714.105	0.0283019
714.24	0.0284931
714.375	0.0283019
714.51	0.029513
714.645	0.0286206
714.779	0.0290668
714.914	0.0286843
715.049	0.0293218
715.184	0.0281107
715.318	0.0287481
715.453	0.029258
715.588	0.0296405
715.723	0.029258
715.858	0.0291943
715.992	0.0291305
716.127	0.0286206
716.262	0.0284294
716.397	0.0287481
716.531	0.0293218
716.666	0.0284931
716.801	0.0281744
716.936	0.0291943
717.07	0.0287481
717.205	0.0284294
717.34	0.0286206
717.475	0.0291943
717.61	0.0286843
717.744	0.0297042
717.879	0.0285569
718.014	0.0293218
718.149	0.0288756
718.283	0.0290031
718.418	0.0286843
718.553	0.0288756
718.688	0.029258
718.822	0.0289393
718.957	0.0283656
719.092	0.029258
719.227	0.0290031
719.361	0.029258
719.496	0.0285569
719.631	0.0289393
719.766	0.0291943
719.9	0.029258
720.035	0.0289393
720.17	0.0283656
720.305	0.029513
720.44	0.0287481
720.574	0.0291305
720.709	0.0290668
720.844	0.0296405
720.979	0.0288118
721.113	0.0291305
721.248	0.0287481
721.383	0.0289393
721.518	0.0291305
721.652	0.0290031
721.787	0.0283656
721.922	0.0289393
722.057	0.0289393
722.191	0.0302779
722.326	0.0286843
722.461	0.0279832
722.596	0.0287481
722.73	0.0289393
722.865	0.0293855
723	0.0285569
723.135	0.0299592
723.269	0.0297042
723.404	0.029258
723.539	0.029513
723.674	0.0290031
723.808	0.0287481
723.943	0.029513
724.078	0.0284294
724.213	0.0289393
724.347	0.0281107
724.482	0.0291943
724.617	0.0290031
724.752	0.0293218
724.886	0.0283019
725.021	0.0299592
725.156	0.0293218
725.291	0.0291305
725.425	0.0290668
725.56	0.029258
725.695	0.0280469
725.829	0.0293855
725.964	0.0291943
726.099	0.0299592
726.234	0.0291305
726.368	0.0286206
726.503	0.0291305
726.638	0.0285569
726.773	0.0290668
726.907	0.029513
727.042	0.0281744
727.177	0.0288118
727.312	0.029258
727.446	0.0288756
727.581	0.0299592
727.716	0.0287481
727.851	0.0294493
727.985	0.0290031
728.12	0.0287481
728.255	0.0290031
728.389	0.0285569
728.524	0.0291305
728.659	0.0286206
728.794	0.0290668
728.928	0.0300229
729.063	0.0289393
729.198	0.0288756
729.333	0.0296405
729.467	0.0284931
729.602	0.0286206
729.737	0.0281107
729.872	0.0291305
730.006	0.0283019
730.141	0.0287481
730.276	0.0290668
730.41	0.0293218
730.545	0.0285569
730.68	0.0289393
730.815	0.0287481
730.949	0.0291943
731.084	0.0288756
731.219	0.0289393
731.354	0.027282
731.488	0.0284931
731.623	0.0283656
731.758	0.0281107
731.892	0.0287481
732.027	0.0300867
732.162	0.0284294
732.297	0.0295767
732.431	0.0293855
732.566	0.0290031
732.701	0.0285569
732.835	0.0281107
732.97	0.0287481
733.105	0.029258
733.24	0.0288118
733.374	0.0286206
733.509	0.0289393
733.644	0.0297042
733.779	0.029768
733.913	0.0297042
734.048	0.0289393
734.183	0.0278557
734.317	0.0293218
734.452	0.029768
734.587	0.0281744
734.722	0.0288756
734.856	0.0293218
734.991	0.029258
735.126	0.0290031
735.26	0.0286843
735.395	0.0283019
735.53	0.0282381
735.665	0.0290031
735.799	0.0287481
735.934	0.0290031
736.069	0.0290031
736.203	0.0290668
736.338	0.0291305
736.473	0.0287481
736.607	0.0291943
736.742	0.0282381
736.877	0.0298317
737.012	0.0281744
737.146	0.0286206
737.281	0.0288118
737.416	0.0287481
737.55	0.0284931
737.685	0.0285569
737.82	0.0281107
737.955	0.0298955
738.089	0.0279832
738.224	0.0293218
738.359	0.0283656
738.493	0.0286206
738.628	0.0295767
738.763	0.0296405
738.897	0.0290668
739.032	0.0295767
739.167	0.0293218
739.302	0.0291305
739.436	0.0288118
739.571	0.0287481
739.706	0.0283019
739.84	0.0291943
739.975	0.0279832
740.11	0.0299592
740.244	0.0287481
740.379	0.029513
740.514	0.0281744
740.649	0.0290031
740.783	0.027537
740.918	0.029768
741.053	0.0291943
741.187	0.0288118
741.322	0.0293218
741.457	0.0286206
741.591	0.0286206
741.726	0.0281744
741.861	0.0289393
741.996	0.0288756
742.13	0.0290668
742.265	0.0280469
742.4	0.0286206
742.534	0.0298955
742.669	0.0285569
742.804	0.0294493
742.938	0.0293218
743.073	0.0284931
743.208	0.0284294
743.342	0.0279832
743.477	0.0281744
743.612	0.0293218
743.747	0.0288756
743.881	0.0288756
744.016	0.0286206
744.151	0.0284931
744.285	0.0278557
744.42	0.0283019
744.555	0.0289393
744.689	0.0283656
744.824	0.0290668
744.959	0.0286206
745.093	0.029513
745.228	0.0295767
745.363	0.0291305
745.497	0.0288756
745.632	0.0296405
745.767	0.0284294
745.901	0.0294493
746.036	0.0286843
746.171	0.0287481
746.305	0.0287481
746.44	0.0289393
746.575	0.0290668
746.71	0.0297042
746.844	0.029258
746.979	0.0290668
747.114	0.0290031
747.248	0.0290031
747.383	0.0283656
747.518	0.0288756
747.652	0.029513
747.787	0.0282381
747.922	0.0293855
748.056	0.0295767
748.191	0.0293218
748.326	0.0286206
748.46	0.0290668
748.595	0.0285569
748.73	0.0281744
748.864	0.0293855
748.999	0.0289393
749.134	0.0276007
749.268	0.029513
749.403	0.0293218
749.538	0.029258
749.672	0.0285569
749.807	0.0297042
749.942	0.0291943
750.076	0.0293855
750.211	0.0288756
750.346	0.0290668
750.48	0.0291943
750.615	0.0289393
750.75	0.0289393
750.884	0.0290668
751.019	0.0284931
751.154	0.0287481
751.288	0.0288756
751.423	0.0289393
751.558	0.029258
751.692	0.0284294
751.827	0.0288118
751.962	0.0288756
752.096	0.0288118
752.231	0.0298955
752.366	0.0288756
752.5	0.0296405
752.635	0.0291943
752.77	0.029513
752.904	0.029768
753.039	0.0296405
753.174	0.0281744
753.308	0.029513
753.443	0.0286206
753.578	0.0289393
753.712	0.0290031
753.847	0.0290668
753.982	0.0284931
754.116	0.0290031
754.251	0.0286843
754.386	0.0284294
754.52	0.0289393
754.655	0.0291305
754.79	0.0293218
754.924	0.0290668
755.059	0.0285569
755.194	0.0298317
755.328	0.0288756
755.463	0.0297042
755.597	0.0290031
755.732	0.0287481
755.867	0.0290031
756.001	0.029513
756.136	0.0293855
756.271	0.029513
756.405	0.0289393
756.54	0.0290668
756.675	0.0281744
756.809	0.0288756
756.944	0.029513
757.079	0.029513
757.213	0.0300229
757.348	0.0293855
757.483	0.0294493
757.617	0.0294493
757.752	0.0289393
757.887	0.029513
758.021	0.0284294
758.156	0.029513
758.29	0.0284931
758.425	0.0290668
758.56	0.0288756
758.694	0.0291943
758.829	0.0286206
758.964	0.0285569
759.098	0.0281744
759.233	0.0291943
759.368	0.0288118
759.502	0.0289393
759.637	0.0287481
759.772	0.029258
759.906	0.0290031
760.041	0.0286843
760.175	0.0289393
760.31	0.0288118
760.445	0.0284294
760.579	0.0281107
760.714	0.0288756
760.849	0.0298955
760.983	0.0294493
761.118	0.029258
761.253	0.0294493
761.387	0.0281107
761.522	0.0289393
761.656	0.0291305
761.791	0.0290031
761.926	0.0288118
762.06	0.0291943
762.195	0.0285569
762.33	0.029258
762.464	0.0288756
762.599	0.0287481
762.733	0.0284931
762.868	0.0294493
763.003	0.029768
763.137	0.029768
763.272	0.0296405
763.407	0.0285569
763.541	0.0290668
763.676	0.0286843
763.811	0.0298955
763.945	0.0294493
764.08	0.0281107
764.214	0.0283656
764.349	0.0284294
764.484	0.0291305
764.618	0.0286206
764.753	0.0288118
764.888	0.0288118
765.022	0.029768
765.157	0.0290031
765.291	0.0288118
765.426	0.0286206
765.561	0.0290031
765.695	0.0283656
765.83	0.029768
765.965	0.0288118
766.099	0.0290031
766.234	0.0293855
766.368	0.0304054
766.503	0.0294493
766.638	0.0288118
766.772	0.0290031
766.907	0.029258
767.041	0.0286206
767.176	0.0288118
767.311	0.0289393
767.445	0.0288756
767.58	0.0295767
767.715	0.0286843
767.849	0.0285569
767.984	0.0288756
768.118	0.0285569
768.253	0.0291943
768.388	0.0286206
768.522	0.029258
768.657	0.029513
768.791	0.0289393
768.926	0.0291305
769.061	0.0284294
769.195	0.0284931
769.33	0.0277919
769.465	0.0286206
769.599	0.0286206
769.734	0.0283656
769.868	0.0290668
770.003	0.0277919
770.138	0.029513
770.272	0.029513
770.407	0.0290031
770.541	0.0290668
770.676	0.029258
770.811	0.0290031
770.945	0.0298955
771.08	0.029513
771.214	0.0284294
771.349	0.0287481
771.484	0.0291305
771.618	0.0297042
771.753	0.0293855
771.887	0.0281107
772.022	0.0288118
772.157	0.0290668
772.291	0.0283019
772.426	0.0286843
772.56	0.0287481
772.695	0.0291943
772.83	0.029258
772.964	0.0286843
773.099	0.0286206
773.233	0.0299592
773.368	0.0289393
773.503	0.0284294
773.637	0.0296405
773.772	0.0289393
773.906	0.0280469
774.041	0.0299592
774.176	0.0286843
774.31	0.0294493
774.445	0.0284931
774.579	0.0287481
774.714	0.0290668
774.849	0.0287481
774.983	0.0283019
775.118	0.0293218
775.252	0.0297042
775.387	0.0289393
775.522	0.0294493
775.656	0.0291943
775.791	0.0289393
775.925	0.0291305
776.06	0.0284931
776.195	0.0285569
776.329	0.0291943
776.464	0.0290031
776.598	0.0287481
776.733	0.0290668
776.868	0.0291305
777.002	0.029258
777.137	0.0298955
777.271	0.0287481
777.406	0.0290668
777.54	0.0289393
777.675	0.0291305
777.81	0.0284931
777.944	0.0293855
778.079	0.0291943
778.213	0.0281107
778.348	0.0288118
778.483	0.0283656
778.617	0.0280469
778.752	0.0290668
778.886	0.0283656
779.021	0.0277919
779.155	0.0295767
779.29	0.0291943
779.425	0.0285569
779.559	0.0287481
779.694	0.029258
779.828	0.0290031
779.963	0.0290031
780.098	0.0287481
780.232	0.0281744
780.367	0.0286206
780.501	0.0286206
780.636	0.0282381
780.77	0.0286206
780.905	0.0290031
781.04	0.0298955
781.174	0.0281744
781.309	0.0294493
781.443	0.0287481
781.578	0.0291305
781.712	0.0287481
781.847	0.0290668
781.982	0.0298955
782.116	0.029258
782.251	0.0295767
782.385	0.0294493
782.52	0.0291943
782.654	0.0286843
782.789	0.0283019
782.924	0.0291305
783.058	0.0287481
783.193	0.0288756
783.327	0.0278557
783.462	0.029513
783.596	0.0287481
783.731	0.0283656
783.866	0.0290668
784	0.0288756
784.135	0.0286843
784.269	0.0288118
784.404	0.0284931
784.538	0.0299592
784.673	0.0300229
784.808	0.0287481
784.942	0.0297042
785.077	0.029513
785.211	0.0291943
785.346	0.0290031
785.48	0.0285569
785.615	0.0286206
785.75	0.0300229
785.884	0.0285569
786.019	0.0291305
786.153	0.0286843
786.288	0.0290668
786.422	0.0288756
786.557	0.0284294
786.691	0.0290668
786.826	0.0288118
786.961	0.0288756
787.095	0.0295767
787.23	0.0281744
787.364	0.0293855
787.499	0.0288756
787.633	0.0288118
787.768	0.0294493
787.902	0.0281744
788.037	0.029258
788.172	0.0290668
788.306	0.0293218
788.441	0.0290031
788.575	0.0290668
788.71	0.0288756
788.844	0.0289393
788.979	0.0296405
789.113	0.0284294
789.248	0.0290031
789.383	0.0291305
789.517	0.0284931
789.652	0.0291305
789.786	0.0289393
789.921	0.0288118
790.055	0.0286843
790.19	0.0291305
790.324	0.0282381
790.459	0.0295767
790.594	0.0290031
790.728	0.0283656
790.863	0.0288118
790.997	0.0298317
791.132	0.0288756
791.266	0.029513
791.401	0.0286843
791.535	0.0285569
791.67	0.0290031
791.804	0.0291305
791.939	0.029258
792.074	0.0288118
792.208	0.0294493
792.343	0.029768
792.477	0.0291305
792.612	0.0288118
792.746	0.0287481
792.881	0.029258
793.015	0.0288118
793.15	0.0289393
793.284	0.0288756
793.419	0.0299592
793.553	0.0294493
793.688	0.0301504
793.823	0.0291305
793.957	0.0291943
794.092	0.0286843
794.226	0.0294493
794.361	0.0283019
794.495	0.0294493
794.63	0.0294493
794.764	0.0296405
794.899	0.0285569
795.033	0.0283019
795.168	0.0293855
795.302	0.0288756
795.437	0.0290031
795.572	0.0304691
795.706	0.0286843
795.841	0.0300229
795.975	0.0293855
796.11	0.0291943
796.244	0.0285569
796.379	0.0288756
796.513	0.0286206
796.648	0.0291305
796.782	0.0290031
796.917	0.0293855
797.051	0.0279832
797.186	0.0288756
797.32	0.029258
797.455	0.0288756
797.589	0.0295767
797.724	0.0294493
797.859	0.0290668
797.993	0.0288756
798.128	0.0286843
798.262	0.0289393
798.397	0.0286206
798.531	0.0288756
798.666	0.0280469
798.8	0.0291943
798.935	0.0293218
799.069	0.0294493
799.204	0.0288756
799.338	0.0295767
799.473	0.0298317
799.607	0.029513
799.742	0.0293855
799.876	0.0291305
800.011	0.0291943
800.145	0.0284931
800.28	0.0296405
800.414	0.0298317
800.549	0.0287481
800.683	0.0283656
800.818	0.029258
800.953	0.0294493
801.087	0.0291305
801.222	0.0279194
801.356	0.0288118
801.491	0.0283019
801.625	0.0293855
801.76	0.0294493
801.894	0.0286843
802.029	0.0301504
802.163	0.0293855
802.298	0.0289393
802.432	0.0297042
802.567	0.0293855
802.701	0.0282381
802.836	0.029258
802.97	0.0284931
803.105	0.0288756
803.239	0.0286206
803.374	0.0291305
803.508	0.0293218
803.643	0.0298317
803.777	0.0293855
803.912	0.029768
804.046	0.0286843
804.181	0.0284294
804.315	0.0289393
804.45	0.0289393
804.584	0.0294493
804.719	0.0303417
804.853	0.0303417
804.988	0.0300867
805.122	0.0300867
805.257	0.029768
805.391	0.0291305
805.526	0.0293855
805.66	0.0290668
805.795	0.0297042
805.929	0.0286843
806.064	0.0297042
806.198	0.0299592
806.333	0.029768
806.467	0.0289393
806.602	0.0294493
806.736	0.0300229
806.871	0.0289393
807.005	0.029513
807.14	0.0290031
807.274	0.0291305
807.409	0.0300867
807.543	0.0293218
807.678	0.0289393
807.812	0.0300867
807.947	0.0305329
808.081	0.0299592
808.216	0.0299592
808.35	0.029513
808.485	0.0299592
808.619	0.0293855
808.754	0.0294493
808.888	0.0289393
809.023	0.0297042
809.157	0.0309791
809.292	0.0307879
809.426	0.0311066
809.561	0.0295767
809.695	0.0310428
809.83	0.0305966
809.964	0.0297042
810.099	0.0304054
810.233	0.0307241
810.368	0.031489
810.502	0.0307241
810.637	0.0308516
810.771	0.0305329
810.906	0.0320627
811.04	0.0318078
811.175	0.0310428
811.309	0.031999
811.444	0.0334651
811.578	0.0326364
811.713	0.0328914
811.847	0.0332738
811.982	0.0345487
812.116	0.0349312
812.251	0.0351861
812.385	0.036206
812.519	0.0358873
812.654	0.0377358
812.788	0.038437
812.923	0.0386283
813.057	0.0405405
813.192	0.0437277
813.326	0.0497195
813.461	0.0671851
813.595	0.20742
813.73	0.294811
813.864	0.275625
813.999	0.234702
814.133	0.253187
814.268	0.314317
814.402	0.380163
814.537	0.579296
814.671	0.981897
814.806	0.954679
814.94	0.528111
815.075	0.302843
815.209	0.31642
815.344	0.340579
815.478	0.551504
815.612	0.43154
815.747	0.942058
815.881	0.719276
816.016	1
816.15	0.998853
816.285	0.183134
816.419	0.0505482
816.554	0.0410505
816.688	0.0380546
816.823	0.0368434
816.957	0.0356323
817.092	0.03372
817.226	0.0351861
817.361	0.0332738
817.495	0.0334651
817.63	0.0328276
817.764	0.0333376
817.898	0.0326364
818.033	0.031489
818.167	0.0321265
818.302	0.0318078
818.436	0.0311066
818.571	0.0313616
818.705	0.0297042
818.84	0.0305329
818.974	0.0312978
819.109	0.031489
819.243	0.0309791
819.378	0.0295767
819.512	0.0302142
819.646	0.0298955
819.781	0.0311066
819.915	0.0306604
820.05	0.0308516
820.184	0.0302142
820.319	0.0295767
820.453	0.0300229
820.588	0.0294493
820.722	0.0295767
820.857	0.0296405
820.991	0.0290031
821.126	0.0300867
821.26	0.029768
821.394	0.0303417
821.529	0.029258
821.663	0.0301504
821.798	0.0293855
821.932	0.0291305
822.067	0.0289393
822.201	0.0297042
822.336	0.0290668
822.47	0.0296405
822.605	0.0287481
822.739	0.0290668
822.873	0.0294493
823.008	0.029258
823.142	0.0290031
823.277	0.0296405
823.411	0.0290668
823.546	0.0289393
823.68	0.0299592
823.815	0.0288756
823.949	0.0294493
824.083	0.0295767
824.218	0.0293855
824.352	0.0294493
824.487	0.0283656
824.621	0.0291943
824.756	0.0290031
824.89	0.0286843
825.025	0.029768
825.159	0.029258
825.293	0.0298317
825.428	0.0291305
825.562	0.0291305
825.697	0.0282381
825.831	0.0291943
825.966	0.0293855
826.1	0.0288118
826.235	0.0286206
826.369	0.0285569
826.503	0.0287481
826.638	0.0291305
826.772	0.0298955
826.907	0.0288118
827.041	0.0284931
827.176	0.0285569
827.31	0.0302779
827.445	0.0290031
827.579	0.0296405
827.713	0.0293855
827.848	0.029513
827.982	0.0286206
828.117	0.0293218
828.251	0.0287481
828.386	0.0284294
828.52	0.029768
828.654	0.0290668
828.789	0.0298955
828.923	0.0284294
829.058	0.0296405
829.192	0.0294493
829.327	0.0285569
829.461	0.0294493
829.596	0.0297042
829.73	0.0286843
829.864	0.0293218
829.999	0.0285569
830.133	0.0280469
830.268	0.0284294
830.402	0.0291305
830.537	0.0291305
830.671	0.0283019
830.805	0.029513
830.94	0.0300229
831.074	0.0293218
831.209	0.0291943
831.343	0.0286843
831.478	0.0293218
831.612	0.0290031
831.746	0.0286843
831.881	0.029258
832.015	0.0297042
832.15	0.0286843
832.284	0.0284294
832.418	0.0297042
832.553	0.0283019
832.687	0.0282381
832.822	0.0291305
832.956	0.0284931
833.091	0.0286206
833.225	0.0283019
833.359	0.0281744
833.494	0.0295767
833.628	0.0296405
833.763	0.0283656
833.897	0.0290668
834.032	0.0286206
834.166	0.0280469
834.3	0.0291305
834.435	0.0300867
834.569	0.0289393
834.704	0.029513
834.838	0.0282381
834.972	0.0282381
835.107	0.0288118
835.241	0.0284931
835.376	0.0289393
835.51	0.0289393
835.645	0.0288118
835.779	0.0286843
835.913	0.0286843
836.048	0.0288118
836.182	0.0279832
836.317	0.0285569
836.451	0.0289393
836.585	0.0297042
836.72	0.0288756
836.854	0.0293855
836.989	0.0294493
837.123	0.0301504
837.257	0.029513
837.392	0.0297042
837.526	0.0288118
837.661	0.0293855
837.795	0.0299592
837.929	0.0286843
838.064	0.0283019
838.198	0.0288756
838.333	0.0283019
838.467	0.0295767
838.602	0.0300229
838.736	0.0296405
838.87	0.029768
839.005	0.029258
839.139	0.029513
839.274	0.0283656
839.408	0.0297042
839.542	0.0297042
839.677	0.0293218
839.811	0.0285569
839.946	0.0283019
840.08	0.0291305
840.214	0.0290668
840.349	0.0291305
840.483	0.0302779
840.618	0.0291305
840.752	0.0290668
840.886	0.0290668
841.021	0.0284931
841.155	0.0288756
841.29	0.0288756
841.424	0.0281107
841.558	0.0290031
841.693	0.0290668
841.827	0.0289393
841.961	0.0285569
842.096	0.0285569
842.23	0.0289393
842.365	0.029513
842.499	0.0284931
842.633	0.0290031
842.768	0.0289393
842.902	0.0283019
843.037	0.029513
843.171	0.0290031
843.305	0.029513
843.44	0.0291305
843.574	0.0289393
843.709	0.0293218
843.843	0.0290031
843.977	0.0291943
844.112	0.0291943
844.246	0.0289393
844.381	0.029513
844.515	0.0284931
844.649	0.0296405
844.784	0.0288118
844.918	0.0290031
845.052	0.0302142
845.187	0.0284294
845.321	0.0285569
845.456	0.0298955
845.59	0.0298955
845.724	0.0282381
845.859	0.029513
845.993	0.0286843
846.128	0.0290668
846.262	0.0284294
846.396	0.0290031
846.531	0.0300867
846.665	0.0290668
846.799	0.0298955
846.934	0.0294493
847.068	0.0297042
847.203	0.0297042
847.337	0.0293855
847.471	0.029513
847.606	0.0291305
847.74	0.0283019
847.874	0.0286843
848.009	0.0290668
848.143	0.0298317
848.278	0.0287481
848.412	0.0288118
848.546	0.0296405
848.681	0.0290668
848.815	0.0283019
848.949	0.0287481
849.084	0.0291305
849.218	0.029513
849.353	0.0281744
849.487	0.0286843
849.621	0.0290668
849.756	0.0293855
849.89	0.0291305
850.024	0.0291943
850.159	0.0282381
850.293	0.0283656
850.428	0.0295767
850.562	0.0289393
850.696	0.0297042
850.831	0.0288118
850.965	0.0293218
851.099	0.0279832
851.234	0.0293855
851.368	0.0291943
851.502	0.0288118
851.637	0.0285569
851.771	0.0286843
851.906	0.0285569
852.04	0.0286843
852.174	0.0285569
852.309	0.0297042
852.443	0.0291943
852.577	0.0286843
852.712	0.0291305
852.846	0.0284931
852.98	0.0277919
853.115	0.027537
853.249	0.0281107
853.384	0.0281744
853.518	0.0280469
853.652	0.0288756
853.787	0.0291943
853.921	0.0286843
854.055	0.0284931
854.19	0.0284294
854.324	0.0288118
854.458	0.0283656
854.593	0.0285569
854.727	0.0290668
854.861	0.0293218
854.996	0.0293855
855.13	0.0295767
855.265	0.0291943
855.399	0.0282381
855.533	0.0279832
855.668	0.0288118
855.802	0.0288118
855.936	0.0290668
856.071	0.0287481
856.205	0.0288118
856.339	0.0290031
856.474	0.0284294
856.608	0.0293855
856.742	0.0293218
856.877	0.0286206
857.011	0.0284294
857.145	0.0293855
857.28	0.0278557
857.414	0.0286206
857.549	0.0287481
857.683	0.0283019
857.817	0.0291305
857.952	0.0285569
858.086	0.0291943
858.22	0.0294493
858.355	0.0297042
858.489	0.029513
858.623	0.0286206
858.758	0.0297042
858.892	0.0290031
859.026	0.0293218
859.161	0.0287481
859.295	0.0282381
859.429	0.0290031
859.564	0.0287481
859.698	0.0290668
859.832	0.0284294
859.967	0.0284931
860.101	0.0291943
860.235	0.0280469
860.37	0.029768
860.504	0.0290668
860.638	0.0299592
860.773	0.0286843
860.907	0.0290031
861.041	0.0293855
861.176	0.0285569
861.31	0.0289393
861.444	0.029768
861.579	0.0284931
861.713	0.0290668
861.847	0.0286206
861.982	0.0286843
862.116	0.0291943
862.25	0.0300229
862.385	0.0284294
862.519	0.0293218
862.653	0.0293218
862.788	0.0285569
862.922	0.0280469
863.056	0.0286843
863.191	0.0300867
863.325	0.0291305
863.459	0.0288756
863.594	0.0286843
863.728	0.0293855
863.862	0.0291943
863.997	0.0294493
864.131	0.0288756
864.265	0.0285569
864.4	0.0293855
864.534	0.0291305
864.668	0.0294493
864.803	0.0293855
864.937	0.0290031
865.071	0.0291305
865.206	0.029258
865.34	0.0293218
865.474	0.0300867
865.609	0.0285569
865.743	0.0287481
865.877	0.0290031
866.012	0.0295767
866.146	0.0284931
866.28	0.0293855
866.415	0.0295767
866.549	0.0288118
866.683	0.0290031
866.818	0.0289393
866.952	0.0285569
867.086	0.0282381
867.221	0.0283656
867.355	0.0290668
867.489	0.0297042
867.623	0.0289393
867.758	0.0287481
867.892	0.0286843
868.026	0.0291943
868.161	0.0290668
868.295	0.029258
868.429	0.0290031
868.564	0.0291305
868.698	0.0298317
868.832	0.0279832
868.967	0.0293218
869.101	0.0282381
869.235	0.0288118
869.37	0.0286206
869.504	0.0294493
869.638	0.0288118
869.773	0.0286843
869.907	0.0281744
870.041	0.0291305
870.175	0.029258
870.31	0.0288756
870.444	0.0288118
870.578	0.0291943
870.713	0.0283019
870.847	0.0289393
870.981	0.029258
871.116	0.0290031
871.25	0.0290031
871.384	0.0297042
871.519	0.0288756
871.653	0.0289393
871.787	0.0286843
871.921	0.029513
872.056	0.0287481
872.19	0.0288756
872.324	0.0298955
872.459	0.0286843
872.593	0.029513
872.727	0.0288118
872.862	0.0297042
872.996	0.0293218
873.13	0.0290031
873.264	0.0287481
873.399	0.029513
873.533	0.0286843
873.667	0.0290668
873.802	0.0290031
873.936	0.0285569
874.07	0.0287481
874.205	0.0288118
874.339	0.0300867
874.473	0.0291305
874.607	0.029768
874.742	0.0290668
874.876	0.0290668
875.01	0.0287481
875.145	0.0287481
875.279	0.0287481
875.413	0.029258
875.548	0.0293218
875.682	0.029258
875.816	0.0284294
875.95	0.0280469
876.085	0.0291943
876.219	0.0290031
876.353	0.029258
876.488	0.0290668
876.622	0.0289393
876.756	0.0284931
876.89	0.0289393
877.025	0.029513
877.159	0.0290031
877.293	0.0287481
877.428	0.0282381
877.562	0.0289393
877.696	0.0293218
877.83	0.0289393
877.965	0.0287481
878.099	0.0286206
878.233	0.0290668
878.368	0.0297042
878.502	0.0288118
878.636	0.0291305
878.77	0.0287481
878.905	0.0291943
879.039	0.0298317
879.173	0.0293218
879.308	0.029258
879.442	0.0289393
879.576	0.0289393
879.71	0.0288756
879.845	0.0288756
879.979	0.0293855
880.113	0.0286206
880.248	0.0291943
880.382	0.0284294
880.516	0.0295767
880.65	0.0286843
880.785	0.0302779
880.919	0.0287481
881.053	0.0297042
881.188	0.0289393
881.322	0.0284931
881.456	0.0289393
881.59	0.0290031
881.725	0.0293218
881.859	0.0290031
881.993	0.0289393
882.127	0.0286843
882.262	0.0291943
882.396	0.0289393
882.53	0.0280469
882.665	0.029258
882.799	0.0290031
882.933	0.0296405
883.067	0.0277919
883.202	0.0291943
883.336	0.029513
883.47	0.0289393
883.604	0.0288756
883.739	0.0290031
883.873	0.0291305
884.007	0.0286206
884.142	0.0299592
884.276	0.0293218
884.41	0.0288756
884.544	0.0295767
884.679	0.0284931
884.813	0.0290031
884.947	0.0298317
885.081	0.0284931
885.216	0.0279194
885.35	0.0289393
885.484	0.0284931
885.618	0.0291943
885.753	0.0291943
885.887	0.0285569
886.021	0.0291943
886.155	0.0289393
886.29	0.0290031
886.424	0.0279194
886.558	0.0279194
886.693	0.0298317
886.827	0.0295767
886.961	0.0299592
887.095	0.0290031
887.23	0.0284931
887.364	0.029768
887.498	0.0284294
887.632	0.0299592
887.767	0.0282381
887.901	0.0289393
888.035	0.0291305
888.169	0.0289393
888.304	0.0288756
888.438	0.0291943
888.572	0.0291943
888.706	0.0288118
888.841	0.029258
888.975	0.0286206
889.109	0.0290031
889.243	0.0287481
889.378	0.0289393
889.512	0.0297042
889.646	0.0293218
889.78	0.0284294
889.915	0.029513
890.049	0.0289393
890.183	0.0280469
890.317	0.0290031
890.452	0.0286206
890.586	0.0286206
890.72	0.0290031
890.854	0.0294493
890.989	0.0296405
891.123	0.029513
891.257	0.0285569
891.391	0.0283656
891.526	0.029258
891.66	0.0293855
891.794	0.0300867
891.928	0.0290031
892.063	0.0284294
892.197	0.0286206
892.331	0.0290668
892.465	0.0282381
892.6	0.0288756
892.734	0.0290031
892.868	0.0284294
893.002	0.0285569
893.137	0.0290031
893.271	0.029258
893.405	0.0279832
893.539	0.0283656
893.674	0.0291943
893.808	0.0286843
893.942	0.0286206
894.076	0.0291943
894.21	0.0291305
894.345	0.0302779
894.479	0.0284294
894.613	0.0289393
894.747	0.0298317
894.882	0.0295767
895.016	0.029258
895.15	0.0286206
895.284	0.0282381
895.419	0.0291943
895.553	0.0290031
895.687	0.029258
895.821	0.0288118
895.956	0.0293218
896.09	0.0293218
896.224	0.0290031
896.358	0.0300229
896.492	0.0279194
896.627	0.029258
896.761	0.0284931
896.895	0.029258
897.029	0.0283019
897.164	0.0288118
897.298	0.0290031
897.432	0.0293855
897.566	0.0289393
897.701	0.0290668
897.835	0.0278557
897.969	0.029513
898.103	0.0288756
898.237	0.0297042
898.372	0.0286206
898.506	0.0288756
898.64	0.029513
898.774	0.0286843
898.909	0.0291943
899.043	0.0293855
899.177	0.0289393
899.311	0.0286206
899.445	0.0284931
899.58	0.0294493
899.714	0.0288756
899.848	0.0290031
899.982	0.0282381
900.117	0.0289393
900.251	0.0291305
900.385	0.0286843
900.519	0.0287481
900.653	0.0290668
900.788	0.0283019
900.922	0.0291943
901.056	0.0293855
901.19	0.0283019
901.325	0.0291305
901.459	0.0291943
901.593	0.0286206
901.727	0.0288118
901.861	0.0280469
901.996	0.0287481
902.13	0.0290668
902.264	0.029258
902.398	0.0286206
902.532	0.0284931
902.667	0.0289393
902.801	0.0286206
902.935	0.0288118
903.069	0.029258
903.204	0.0286206
903.338	0.0284931
903.472	0.029258
903.606	0.0295767
903.74	0.0281744
903.875	0.029513
904.009	0.0288118
904.143	0.029258
904.277	0.0286206
904.411	0.0300229
904.546	0.0286843
904.68	0.0279194
904.814	0.0293855
904.948	0.0287481
905.082	0.0286206
905.217	0.0293855
905.351	0.0285569
905.485	0.0279832
905.619	0.0287481
905.753	0.0286843
905.888	0.0281107
906.022	0.0279832
906.156	0.0288118
906.29	0.0287481
906.424	0.0290668
906.559	0.0290668
906.693	0.0284931
906.827	0.0284931
906.961	0.029258
907.095	0.0288118
907.23	0.029258
907.364	0.0290668
907.498	0.0290031
907.632	0.0284931
907.766	0.0288756
907.901	0.0283019
908.035	0.0285569
908.169	0.0287481
908.303	0.0295767
908.437	0.0290668
908.572	0.029513
908.706	0.0289393
908.84	0.0289393
908.974	0.0291943
909.108	0.0291305
909.243	0.0297042
909.377	0.027282
909.511	0.0291305
909.645	0.0285569
909.779	0.0289393
909.914	0.0286843
910.048	0.0289393
910.182	0.0284931
910.316	0.0283019
910.45	0.0291943
910.585	0.0290668
910.719	0.0289393
910.853	0.0291943
910.987	0.0286843
911.121	0.0288756
911.255	0.0288756
911.39	0.0291943
911.524	0.0294493
911.658	0.0294493
911.792	0.0297042
911.926	0.0290031
912.061	0.0286843
912.195	0.0288756
912.329	0.0291305
912.463	0.0294493
912.597	0.0297042
912.732	0.0297042
912.866	0.029513
913	0.0293855
913.134	0.0291943
913.268	0.0286843
913.402	0.0293855
913.537	0.029258
913.671	0.0283019
913.805	0.0288756
913.939	0.0288118
914.073	0.0283019
914.208	0.0293855
914.342	0.0290031
914.476	0.0283019
914.61	0.0283656
914.744	0.0290031
914.878	0.0284931
915.013	0.0288118
915.147	0.0291305
915.281	0.0291943
915.415	0.0289393
915.549	0.0290031
915.683	0.0291943
915.818	0.0283656
915.952	0.0293855
916.086	0.029258
916.22	0.0302142
916.354	0.0282381
916.488	0.0288756
916.623	0.0285569
916.757	0.0302142
916.891	0.0293855
917.025	0.0285569
917.159	0.0293855
917.293	0.0288118
917.428	0.0293218
917.562	0.0286206
917.696	0.029768
917.83	0.0290031
917.964	0.0284931
918.098	0.0285569
918.233	0.0287481
918.367	0.0289393
918.501	0.0289393
918.635	0.0289393
918.769	0.0288118
918.903	0.029513
919.038	0.0291305
919.172	0.0285569
919.306	0.0294493
919.44	0.0288756
919.574	0.0291943
919.708	0.0284294
919.843	0.0297042
919.977	0.0298317
920.111	0.0291943
920.245	0.029513
920.379	0.0281107
920.513	0.0294493
920.648	0.0289393
920.782	0.0291943
920.916	0.0291943
921.05	0.0297042
921.184	0.0284931
921.318	0.0282381
921.453	0.029258
921.587	0.029258
921.721	0.0293855
921.855	0.0288756
921.989	0.0294493
922.123	0.0288118
922.257	0.0287481
922.392	0.0294493
922.526	0.0286843
922.66	0.0290668
922.794	0.0293855
922.928	0.0284931
923.062	0.0286843
923.197	0.0293218
923.331	0.0295767
923.465	0.029258
923.599	0.0291943
923.733	0.0279194
923.867	0.0304054
924.001	0.0290031
924.136	0.0298317
924.27	0.0287481
924.404	0.0291943
924.538	0.0298317
924.672	0.0284294
924.806	0.0294493
924.94	0.0281744
925.075	0.0290668
925.209	0.0288756
925.343	0.0286206
925.477	0.0290031
925.611	0.0286206
925.745	0.0281744
925.879	0.0284294
926.014	0.0290668
926.148	0.0281107
926.282	0.0293218
926.416	0.0293218
926.55	0.029258
926.684	0.029513
926.818	0.0284294
926.953	0.029513
927.087	0.0286843
927.221	0.0294493
927.355	0.0289393
927.489	0.0289393
927.623	0.0291305
927.757	0.0295767
927.892	0.0287481
928.026	0.0294493
928.16	0.0293218
928.294	0.0286843
928.428	0.029258
928.562	0.029258
928.696	0.0279832
928.831	0.0295767
928.965	0.0290031
929.099	0.0288118
929.233	0.0287481
929.367	0.0289393
929.501	0.0299592
929.635	0.0284294
929.769	0.0286206
929.904	0.0290668
930.038	0.0280469
930.172	0.0285569
930.306	0.0286206
930.44	0.029768
930.574	0.0293218
930.708	0.0289393
930.843	0.0283019
930.977	0.0286206
931.111	0.0290668
931.245	0.0296405
931.379	0.0286206
931.513	0.0288118
931.647	0.029513
931.781	0.0294493
931.916	0.0295767
932.05	0.0293218
932.184	0.0295767
932.318	0.0305329
932.452	0.0288756
932.586	0.0281107
932.72	0.0289393
932.854	0.0291943
932.989	0.0288756
933.123	0.029258
933.257	0.029768
933.391	0.0284294
933.525	0.0286206
933.659	0.0285569
933.793	0.0294493
933.927	0.0295767
934.061	0.0286206
934.196	0.0293218
934.33	0.0293855
934.464	0.0284931
934.598	0.0279194
934.732	0.0294493
934.866	0.0284931
935	0.0286843
935.134	0.0288756
935.269	0.029768
935.403	0.0291305
935.537	0.0285569
935.671	0.0287481
935.805	0.029258
935.939	0.0291305
936.073	0.0287481
936.207	0.0294493
936.341	0.0295767
936.476	0.0297042
936.61	0.0286843
936.744	0.0290668
936.878	0.0284931
937.012	0.0284294
937.146	0.0303417
937.28	0.0290031
937.414	0.0296405
937.548	0.0297042
937.683	0.0283019
937.817	0.0295767
937.951	0.0289393
938.085	0.0290031
938.219	0.0290668
938.353	0.0296405
938.487	0.029513
938.621	0.0290668
938.755	0.0283656
938.889	0.0288118
939.024	0.0290031
939.158	0.0297042
939.292	0.0298317
939.426	0.0282381
939.56	0.0288756
939.694	0.0291305
939.828	0.0290668
939.962	0.029768
940.096	0.0294493
940.231	0.0279194
940.365	0.0289393
940.499	0.0290668
940.633	0.0295767
940.767	0.0286843
940.901	0.0294493
941.035	0.0287481
941.169	0.0293218
941.303	0.0284931
941.437	0.0293855
941.571	0.0288756
941.706	0.0293218
941.84	0.0297042
941.974	0.0286843
942.108	0.0281744
942.242	0.0291305
942.376	0.0281744
942.51	0.0291943
942.644	0.0291305
942.778	0.0290031
942.912	0.0289393
943.047	0.0284294
943.181	0.0288118
943.315	0.0291305
943.449	0.0297042
943.583	0.0295767
943.717	0.0285569
943.851	0.0291943
943.985	0.0290668
944.119	0.0286206
944.253	0.0290031
944.387	0.0290031
944.522	0.0284294
944.656	0.0285569
944.79	0.0287481
944.924	0.0290668
945.058	0.0290031
945.192	0.0293218
945.326	0.0283019
945.46	0.0288756
945.594	0.0286843
945.728	0.0290031
945.862	0.029513
945.996	0.029258
946.131	0.0288756
946.265	0.0283019
946.399	0.0289393
946.533	0.0291305
946.667	0.0281107
946.801	0.0279194
946.935	0.0289393
947.069	0.0285569
947.203	0.0287481
947.337	0.029258
947.471	0.0291305
947.605	0.0290031
947.739	0.0295767
947.874	0.0289393
948.008	0.0294493
948.142	0.0288118
948.276	0.0287481
948.41	0.0291305
948.544	0.0286843
948.678	0.029258
948.812	0.0283656
948.946	0.0289393
949.08	0.0297042
949.214	0.0291305
949.348	0.0290031
949.482	0.0293855
949.617	0.0298955
949.751	0.0283019
949.885	0.0295767
950.019	0.0286843
950.153	0.0293218
950.287	0.0297042
950.421	0.0286843
950.555	0.0291305
950.689	0.0294493
950.823	0.0299592
950.957	0.0290668
951.091	0.029768
951.225	0.0288118
951.359	0.0291943
951.493	0.029258
951.628	0.0291305
951.762	0.0290668
951.896	0.0300229
952.03	0.0281107
952.164	0.029258
952.298	0.0282381
952.432	0.0276645
952.566	0.0283656
952.7	0.0295767
952.834	0.0286843
952.968	0.0288118
953.102	0.0288756
953.236	0.0293218
953.37	0.0288118
953.504	0.0304691
953.639	0.0291943
953.773	0.0293855
953.907	0.0291305
954.041	0.0302779
954.175	0.0289393
954.309	0.0283656
954.443	0.0293855
954.577	0.0297042
954.711	0.0288756
954.845	0.0283019
954.979	0.0288756
955.113	0.0286206
955.247	0.0288118
955.381	0.0289393
955.515	0.0288756
955.649	0.0298317
955.783	0.0289393
955.917	0.0288756
956.052	0.0291943
956.186	0.0288756
956.32	0.0286206
956.454	0.0296405
956.588	0.0286206
956.722	0.0288118
956.856	0.0290031
956.99	0.0290668
957.124	0.0288118
957.258	0.0291305
957.392	0.0288756
957.526	0.0290668
957.66	0.0294493
957.794	0.0300229
957.928	0.0286206
958.062	0.0283656
958.196	0.0288756
958.33	0.0279194
958.464	0.0297042
958.598	0.0282381
958.733	0.0294493
958.867	0.0290031
959.001	0.0284294
959.135	0.0293218
959.269	0.029513
959.403	0.0291305
959.537	0.0279194
959.671	0.0282381
959.805	0.0298317
959.939	0.0289393
960.073	0.0286843
960.207	0.0304054
960.341	0.0291305
960.475	0.0293218
960.609	0.0288118
960.743	0.0290668
960.877	0.0291943
961.011	0.0290668
961.145	0.0284294
961.279	0.0287481
961.413	0.0286206
961.547	0.0291305
961.681	0.0285569
961.815	0.0298955
961.949	0.0284294
962.083	0.0281744
962.218	0.0286843
962.352	0.0289393
962.486	0.0277919
962.62	0.0285569
962.754	0.0289393
962.888	0.0284931
963.022	0.029258
963.156	0.0288756
963.29	0.0290668
963.424	0.0295767
963.558	0.0284931
963.692	0.029258
963.826	0.0286843
963.96	0.0290031
964.094	0.0295767
964.228	0.0285569
964.362	0.0284931
964.496	0.0291305
964.63	0.0276007
964.764	0.0290031
964.898	0.0286843
965.032	0.0288118
965.166	0.0293855
965.3	0.0286206
965.434	0.0281107
965.568	0.0291943
965.702	0.0290668
965.836	0.0284931
965.97	0.029258
966.104	0.0287481
966.238	0.0280469
966.372	0.0286206
966.506	0.0282381
966.64	0.0291305
966.774	0.0281107
966.908	0.0290668
967.043	0.0291305
967.177	0.0293855
967.311	0.029513
967.445	0.0280469
967.579	0.0293855
967.713	0.029513
967.847	0.0288756
967.981	0.0278557
968.115	0.0288118
968.249	0.0295767
968.383	0.0290031
968.517	0.029768
968.651	0.0295767
968.785	0.0288756
968.919	0.0286843
969.053	0.0286206
969.187	0.0285569
969.321	0.0298317
969.455	0.0301504
969.589	0.0286843
969.723	0.0293218
969.857	0.0289393
969.991	0.029513
970.125	0.0288756
970.259	0.0293855
970.393	0.0290668
970.527	0.0290668
970.661	0.0280469
970.795	0.029258
970.929	0.0290031
971.063	0.0286843
971.197	0.0293855
971.331	0.0285569
971.465	0.0281107
971.599	0.0284931
971.733	0.029513
971.867	0.0288118
972.001	0.0302142
972.135	0.0288756
972.269	0.0289393
972.403	0.0285569
972.537	0.029258
972.671	0.0288756
972.805	0.0288118
972.939	0.0296405
973.073	0.0281744
973.207	0.0283656
973.341	0.0290668
973.475	0.0287481
973.609	0.0290668
973.743	0.0281107
973.877	0.0283019
974.011	0.0279832
974.145	0.0290031
974.279	0.0288756
974.413	0.0298317
974.547	0.0290031
974.681	0.0297042
974.815	0.0290031
974.949	0.0288118
975.083	0.0284931
975.217	0.0280469
975.351	0.0288756
975.485	0.0293218
975.619	0.0291943
975.753	0.0285569
975.887	0.0294493
976.021	0.0286843
976.155	0.0288118
976.289	0.0285569
976.423	0.0281744
976.557	0.0284931
976.691	0.0288756
976.825	0.0297042
976.959	0.0290031
977.093	0.0287481
977.227	0.0284931
977.361	0.0293855
977.495	0.0290668
977.629	0.0288118
977.763	0.0291305
977.897	0.0290668
978.031	0.0289393
978.165	0.0277282
978.299	0.0288118
978.433	0.0296405
978.567	0.0288118
978.701	0.029768
978.835	0.0293218
978.969	0.0291943
979.103	0.0298317
979.237	0.0286206
979.371	0.0288756
979.505	0.0286843
979.639	0.0286843
979.773	0.0286843
979.907	0.0285569
980.041	0.0295767
980.175	0.0293855
980.308	0.0288118
980.442	0.0293855
980.576	0.0286843
980.71	0.0290031
980.844	0.0290031
980.978	0.0286843
981.112	0.0288118
981.246	0.0288756
981.38	0.0284294
981.514	0.0284294
981.648	0.0289393
981.782	0.0286206
981.916	0.0291305
982.05	0.0284931
982.184	0.0293218
982.318	0.0295767
982.452	0.0284931
982.586	0.0283656
982.72	0.0286843
982.854	0.0289393
982.988	0.029258
983.122	0.0286843
983.256	0.0297042
983.39	0.0281744
983.524	0.0282381
983.658	0.0284931
983.792	0.0294493
983.926	0.0294493
984.06	0.0278557
984.194	0.0288118
984.328	0.0286843
984.462	0.0293855
984.596	0.0297042
984.73	0.0291305
984.864	0.0291305
984.998	0.0291943
985.132	0.0288118
985.265	0.0291943
985.399	0.029258
985.533	0.0283656
985.667	0.0286843
985.801	0.0283019
985.935	0.0283656
986.069	0.0287481
986.203	0.029258
986.337	0.0286843
986.471	0.0296405
986.605	0.0286843
986.739	0.029258
986.873	0.0290031
987.007	0.0285569
987.141	0.0291305
987.275	0.0287481
987.409	0.0283656
987.543	0.0286206
987.677	0.0289393
987.811	0.0288756
987.945	0.0288756
988.079	0.0288118
988.213	0.0282381
988.347	0.0287481
988.481	0.0286843
988.614	0.0289393
988.748	0.0289393
988.882	0.0290668
989.016	0.0283656
989.15	0.0294493
989.284	0.0277282
989.418	0.0297042
989.552	0.029513
989.686	0.0288756
989.82	0.0285569
989.954	0.0286843
990.088	0.0287481
990.222	0.0290031
990.356	0.0290031
990.49	0.0291305
990.624	0.0294493
990.758	0.0288756
990.892	0.0289393
991.026	0.0285569
991.16	0.0284931
991.294	0.0293855
991.427	0.029258
991.561	0.0280469
991.695	0.0288118
991.829	0.0284931
991.963	0.0289393
992.097	0.0291943
992.231	0.0284294
992.365	0.0297042
992.499	0.0283019
992.633	0.0297042
992.767	0.0288118
992.901	0.029258
993.035	0.0288756
993.169	0.0288118
993.303	0.0279832
993.437	0.0293218
993.571	0.0282381
993.704	0.0284294
993.838	0.0293218
993.972	0.0290668
994.106	0.0294493
994.24	0.0286206
994.374	0.029258
994.508	0.0287481
994.642	0.0283019
994.776	0.0287481
994.91	0.0296405
995.044	0.0284931
995.178	0.0290031
995.312	0.0288118
995.446	0.0293855
995.58	0.029513
995.714	0.0288118
995.847	0.0290031
995.981	0.0289393
996.115	0.029258
996.249	0.0291305
996.383	0.029258
996.517	0.0288756
996.651	0.0288756
996.785	0.0281744
996.919	0.0286843
997.053	0.0283656
997.187	0.0281744
997.321	0.0284294
997.455	0.0293218
997.589	0.029258
997.722	0.0291943
997.856	0.0286843
997.99	0.0293855
998.124	0.029768
998.258	0.0284294
998.392	0.0296405
998.526	0.0293855
998.66	0.0291943
998.794	0.029768
998.928	0.0281744
999.062	0.0290668
999.196	0.0279832
999.33	0.0285569
999.464	0.0288756
999.597	0.0283019
999.731	0.0288118
999.865	0.0289393
999.999	0.0284931
1000.13	0.0290668
1000.27	0.0277282
1000.4	0.0288118
1000.53	0.0286843
1000.67	0.0284931
1000.8	0.0284294
1000.94	0.0288756
1001.07	0.0290031
1001.2	0.0288756
1001.34	0.0290668
1001.47	0.0288756
1001.61	0.0284294
1001.74	0.0288756
1001.87	0.0287481
1002.01	0.0291943
1002.14	0.0281107
1002.28	0.0294493
1002.41	0.0285569
1002.54	0.0284294
1002.68	0.0289393
1002.81	0.0285569
1002.95	0.0288756
1003.08	0.0290668
1003.21	0.0291943
1003.35	0.0281744
1003.48	0.0281107
1003.61	0.029258
1003.75	0.0289393
1003.88	0.0293218
1004.02	0.0283019
1004.15	0.029768
1004.28	0.0300867
1004.42	0.0284294
1004.55	0.0284931
1004.69	0.0293218
1004.82	0.0293218
1004.95	0.0291943
1005.09	0.0286843
1005.22	0.0291305
1005.36	0.0286206
1005.49	0.0286206
1005.62	0.0291305
1005.76	0.0288756
1005.89	0.0295767
1006.03	0.0290031
1006.16	0.0302142
1006.29	0.0290668
1006.43	0.0286206
1006.56	0.029258
1006.69	0.0288756
1006.83	0.0291305
1006.96	0.0288756
1007.1	0.0284294
1007.23	0.0286206
1007.36	0.0288756
1007.5	0.0294493
1007.63	0.0290031
1007.77	0.0293218
1007.9	0.0288118
1008.03	0.0276645
1008.17	0.0284931
1008.3	0.029768
1008.44	0.0291305
1008.57	0.0293855
1008.7	0.0288118
1008.84	0.0290668
1008.97	0.0295767
1009.1	0.0289393
1009.24	0.029258
1009.37	0.0288756
1009.51	0.0286843
1009.64	0.0286843
1009.77	0.0285569
1009.91	0.0300867
1010.04	0.0290668
1010.18	0.0293855
1010.31	0.0289393
1010.44	0.0289393
1010.58	0.0276645
1010.71	0.0295767
1010.85	0.029258
1010.98	0.0294493
1011.11	0.0286843
1011.25	0.0293855
1011.38	0.0291305
1011.51	0.0288756
1011.65	0.0283019
1011.78	0.0293855
1011.92	0.0290031
1012.05	0.0283656
1012.18	0.0289393
1012.32	0.0295767
1012.45	0.029513
1012.59	0.0290668
1012.72	0.0300229
1012.85	0.0283656
1012.99	0.0288756
1013.12	0.0294493
1013.26	0.0289393
1013.39	0.029258
1013.52	0.029513
1013.66	0.0290668
1013.79	0.0283019
1013.92	0.029258
1014.06	0.0281744
1014.19	0.0283019
1014.33	0.0287481
1014.46	0.0288756
1014.59	0.0281107
1014.73	0.0293855
1014.86	0.0291943
1015	0.029513
1015.13	0.0294493
1015.26	0.0290031
1015.4	0.0284931
1015.53	0.0278557
1015.67	0.0288118
1015.8	0.0280469
1015.93	0.0285569
1016.07	0.0291943
1016.2	0.0298955
1016.33	0.0284294
1016.47	0.0289393
1016.6	0.0290031
1016.74	0.0293218
1016.87	0.0288756
1017	0.0285569
1017.14	0.0297042
1017.27	0.0293218
1017.41	0.0281107
1017.54	0.0293855
1017.67	0.0303417
1017.81	0.0298317
1017.94	0.0293855
1018.07	0.0294493
1018.21	0.0291305
1018.34	0.0290031
1018.48	0.0284931
1018.61	0.0286206
1018.74	0.0288118
1018.88	0.0300229
1019.01	0.029513
1019.15	0.0291943
1019.28	0.0288118
1019.41	0.029768
1019.55	0.0290668
1019.68	0.0293218
1019.82	0.0284931
1019.95	0.0293218
1020.08	0.0290031
1020.22	0.0285569
1020.35	0.0294493
1020.48	0.0291943
1020.62	0.0288756
1020.75	0.0286843
1020.89	0.0274732
1021.02	0.0293855
1021.15	0.0302142
1021.29	0.0289393
1021.42	0.0284931
1021.56	0.0285569
1021.69	0.0286206
1021.82	0.0289393
1021.96	0.0290668
1022.09	0.0288118
1022.22	0.0287481
1022.36	0.0294493
1022.49	0.0290031
1022.63	0.0281744
1022.76	0.0291305
1022.89	0.0289393
1023.03	0.0290668
1023.16	0.0289393
1023.3	0.0293218
1023.43	0.0293855
1023.56	0.0293855
1023.7	0.0290031
1023.83	0.0286206
1023.96	0.0297042
1024.1	0.0286843
1024.23	0.0289393
1024.37	0.0293218
1024.5	0.0288118
1024.63	0.0283019
1024.77	0.0291943
1024.9	0.029513
1025.04	0.029258
1025.17	0.0284294
1025.3	0.0293855
1025.44	0.029513
1025.57	0.0291305
1025.7	0.0288756
1025.84	0.0296405
1025.97	0.0290668
1026.11	0.0283019
1026.24	0.0288118
1026.37	0.0291943
1026.51	0.0288118
1026.64	0.0298955
1026.78	0.0285569
1026.91	0.0290668
1027.04	0.0288118
1027.18	0.0286206
1027.31	0.0295767
1027.44	0.0296405
1027.58	0.0287481
1027.71	0.0297042
1027.85	0.0287481
1027.98	0.0289393
1028.11	0.0284294
1028.25	0.029258
1028.38	0.0283019
1028.52	0.0293218
1028.65	0.0280469
1028.78	0.0291305
1028.92	0.0286843
1029.05	0.0290668
1029.18	0.0283656
1029.32	0.0286843
1029.45	0.0287481
1029.59	0.0288756
1029.72	0.0283019
1029.85	0.029513
1029.99	0.0291943
1030.12	0.0297042
1030.26	0.0288118
1030.39	0.0290031
1030.52	0.0286206
1030.66	0.0286843
1030.79	0.0293855
1030.92	0.0285569
1031.06	0.0287481
1031.19	0.0293218
1031.33	0.0282381
1031.46	0.0290031
1031.59	0.0281107
1031.73	0.0289393
1031.86	0.0295767
1031.99	0.0285569
1032.13	0.0293855
1032.26	0.0293855
1032.4	0.0288118
1032.53	0.0287481
1032.66	0.0279832
1032.8	0.0285569
1032.93	0.0276007
1033.07	0.0287481
1033.2	0.0295767
1033.33	0.0285569
1033.47	0.0288118
1033.6	0.0287481
1033.73	0.0297042
1033.87	0.0298317
1034	0.029258
1034.14	0.0286843
1034.27	0.0286843
1034.4	0.0284294
1034.54	0.0286843
1034.67	0.0288118
1034.81	0.0294493
1034.94	0.0291943
1035.07	0.0294493
1035.21	0.0290031
1035.34	0.0293218
1035.47	0.029258
1035.61	0.0285569
1035.74	0.0298955
1035.88	0.0281744
1036.01	0.0285569
1036.14	0.0287481
1036.28	0.029513
1036.41	0.029258
1036.54	0.0286206
1036.68	0.0284931
1036.81	0.0295767
1036.95	0.0286843
1037.08	0.0286843
1037.21	0.0289393
1037.35	0.0290031
1037.48	0.0298955
1037.62	0.0286206
1037.75	0.0286206
1037.88	0.029513
1038.02	0.0291305
1038.15	0.0293218
1038.28	0.0281744
1038.42	0.0288756
1038.55	0.0294493
1038.69	0.0288756
1038.82	0.0287481
1038.95	0.0297042
1039.09	0.0287481
1039.22	0.0290031
1039.35	0.0286206
1039.49	0.029768
1039.62	0.0284294
1039.76	0.0277282
1039.89	0.0290031
1040.02	0.0295767
1040.16	0.0283019
1040.29	0.0283656
1040.43	0.0284931
1040.56	0.0284931
1040.69	0.0289393
1040.83	0.0289393
1040.96	0.0291305
1041.09	0.029513
1041.23	0.0298955
1041.36	0.0280469
1041.5	0.0293855
1041.63	0.0274732
1041.76	0.0286843
1041.9	0.0281107
1042.03	0.0290031
1042.16	0.0287481
1042.3	0.0291943
1042.43	0.0298955
1042.57	0.029258
1042.7	0.0282381
1042.83	0.0283656
1042.97	0.0291305
1043.1	0.0290668
1043.23	0.0286206
1043.37	0.0301504
1043.5	0.0286843
1043.64	0.0289393
1043.77	0.0285569
1043.9	0.0277282
1044.04	0.0282381
1044.17	0.0289393
1044.31	0.029258
1044.44	0.0296405
1044.57	0.0297042
1044.71	0.0282381
1044.84	0.0285569
1044.97	0.029258
1045.11	0.029513
1045.24	0.0287481
1045.38	0.0290031
1045.51	0.0284931
1045.64	0.0278557
1045.78	0.0284931
1045.91	0.0288118
1046.04	0.0286843
1046.18	0.0293855
1046.31	0.0284294
1046.45	0.0286206
1046.58	0.0298317
1046.71	0.0284931
1046.85	0.0291943
1046.98	0.0290668
1047.11	0.0287481
1047.25	0.0293218
1047.38	0.0288118
1047.52	0.029513
1047.65	0.0285569
1047.78	0.0291305
1047.92	0.0279832
1048.05	0.0286843
1048.18	0.0290031
1048.32	0.0285569
1048.45	0.0281107
1048.59	0.0284931
1048.72	0.0287481
1048.85	0.0302142
1048.99	0.029258
1049.12	0.0284294
1049.25	0.0283656
1049.39	0.0283656
1049.52	0.0291943
1049.66	0.0290031
1049.79	0.0304691
1049.92	0.0289393
1050.06	0.0286843
1050.19	0.0281744
1050.33	0.0291305
1050.46	0.0293218
1050.59	0.0279194
1050.73	0.0290668
1050.86	0.0293855
1050.99	0.0284931
1051.13	0.0290668
1051.26	0.0287481
1051.4	0.0291305
1051.53	0.0298317
1051.66	0.0284294
1051.8	0.0288118
1051.93	0.0286843
1052.06	0.0289393
1052.2	0.0295767
1052.33	0.0294493
1052.47	0.0291943
1052.6	0.0288118
1052.73	0.0286843
1052.87	0.0284931
1053	0.0290668
1053.13	0.0288756
1053.27	0.0293855
1053.4	0.0279832
1053.54	0.0290668
1053.67	0.0286206
1053.8	0.0283019
1053.94	0.0284931
1054.07	0.0293218
1054.2	0.0291943
1054.34	0.0293218
1054.47	0.0287481
1054.61	0.0286843
1054.74	0.0296405
1054.87	0.0294493
1055.01	0.0286843
1055.14	0.0301504
1055.27	0.0285569
1055.41	0.0293218
1055.54	0.0290668
1055.68	0.0284931
1055.81	0.0283019
1055.94	0.0290031
1056.08	0.0287481
1056.21	0.0288118
1056.34	0.0293218
1056.48	0.0280469
1056.61	0.029258
1056.75	0.0288756
1056.88	0.0296405
1057.01	0.0283019
1057.15	0.029768
1057.28	0.0288756
1057.41	0.0287481
1057.55	0.0289393
1057.68	0.0281744
1057.82	0.0291943
1057.95	0.0287481
1058.08	0.029258
1058.22	0.0291943
1058.35	0.0290668
1058.48	0.0294493
1058.62	0.0285569
1058.75	0.029258
1058.89	0.029258
1059.02	0.029258
1059.15	0.029768
1059.29	0.0291943
1059.42	0.0294493
1059.55	0.0288756
1059.69	0.0285569
1059.82	0.0290031
1059.96	0.0283656
1060.09	0.0297042
1060.22	0.0290031
1060.36	0.0285569
1060.49	0.0284294
1060.62	0.0284931
1060.76	0.0284931
1060.89	0.029258
1061.03	0.0288118
1061.16	0.0290668
1061.29	0.0284931
1061.43	0.0283656
1061.56	0.0289393
1061.69	0.0286206
1061.83	0.0295767
1061.96	0.0296405
1062.1	0.0289393
1062.23	0.0288756
1062.36	0.0291305
1062.5	0.0293218
1062.63	0.0289393
1062.76	0.0283656
1062.9	0.0291943
1063.03	0.0289393
1063.17	0.029513
1063.3	0.0293218
1063.43	0.0288118
1063.57	0.0297042
1063.7	0.0293218
1063.83	0.0286206
1063.97	0.0291305
1064.1	0.0299592
1064.23	0.029258
1064.37	0.0281107
1064.5	0.0286843
1064.64	0.0293218
1064.77	0.0302142
1064.9	0.0293218
1065.04	0.0285569
1065.17	0.0289393
1065.3	0.0287481
1065.44	0.0290668
1065.57	0.0291305
1065.71	0.0291943
1065.84	0.0291305
1065.97	0.0290668
1066.11	0.0294493
1066.24	0.0281744
1066.37	0.0294493
1066.51	0.0286843
1066.64	0.0286843
1066.78	0.0294493
1066.91	0.0287481
1067.04	0.0290031
1067.18	0.0288118
1067.31	0.0286843
1067.44	0.0294493
1067.58	0.0281744
1067.71	0.0288756
1067.85	0.0287481
1067.98	0.0284931
1068.11	0.0293855
1068.25	0.0290668
1068.38	0.0279832
1068.51	0.0291305
1068.65	0.0290031
1068.78	0.0279832
1068.92	0.0301504
1069.05	0.0285569
1069.18	0.0279194
1069.32	0.0291943
1069.45	0.0291943
1069.58	0.0291305
1069.72	0.029258
1069.85	0.0285569
1069.98	0.0286206
1070.12	0.0289393
1070.25	0.0291943
1070.39	0.0286843
1070.52	0.0291305
1070.65	0.0286843
1070.79	0.0296405
1070.92	0.0285569
1071.05	0.0293218
1071.19	0.0290031
1071.32	0.0299592
1071.46	0.029258
1071.59	0.0281744
1071.72	0.029258
1071.86	0.0296405
1071.99	0.0290668
1072.12	0.0291943
1072.26	0.0291943
1072.39	0.029513
1072.53	0.0288118
1072.66	0.0284931
1072.79	0.0290668
1072.93	0.0280469
1073.06	0.0293855
1073.19	0.0288756
1073.33	0.0290031
1073.46	0.0291943
1073.59	0.0293855
1073.73	0.0283656
1073.86	0.0286206
1074	0.0279194
1074.13	0.0286206
1074.26	0.0284931
1074.4	0.0290031
1074.53	0.0281107
1074.66	0.0286843
1074.8	0.0284931
1074.93	0.0290031
1075.07	0.0293218
1075.2	0.0286843
1075.33	0.029258
1075.47	0.0288756
1075.6	0.029258
1075.73	0.0290668
1075.87	0.0291305
1076	0.0297042
1076.14	0.0290031
1076.27	0.0286843
1076.4	0.0296405
1076.54	0.0286843
1076.67	0.0300867
1076.8	0.0290031
1076.94	0.0291943
1077.07	0.029258
1077.2	0.0289393
1077.34	0.0286843
1077.47	0.0288118
1077.61	0.0287481
1077.74	0.0291943
1077.87	0.029513
1078.01	0.0291943
1078.14	0.0297042
1078.27	0.0288118
1078.41	0.0280469
1078.54	0.0288118
1078.68	0.0290031
1078.81	0.0288118
1078.94	0.0288756
1079.08	0.0291305
1079.21	0.0288118
1079.34	0.029258
1079.48	0.0280469
1079.61	0.0278557
1079.74	0.0284294
1079.88	0.0288118
1080.01	0.0293218
1080.15	0.0288118
1080.28	0.0285569
1080.41	0.0290031
1080.55	0.0288118
1080.68	0.0291305
1080.81	0.0298317
1080.95	0.0291943
1081.08	0.0281744
1081.22	0.0291305
1081.35	0.0289393
1081.48	0.0286843
1081.62	0.029258
1081.75	0.0291943
1081.88	0.0289393
1082.02	0.0290668
1082.15	0.0291305
1082.28	0.0279832
1082.42	0.0287481
1082.55	0.0290668
1082.69	0.029258
1082.82	0.0285569
1082.95	0.0284931
1083.09	0.0288118
1083.22	0.029258
1083.35	0.0298317
1083.49	0.0290031
1083.62	0.0289393
1083.75	0.0286843
1083.89	0.0291305
1084.02	0.0286843
1084.16	0.0284931
1084.29	0.0294493
1084.42	0.0297042
1084.56	0.0288756
1084.69	0.0304054
1084.82	0.0288756
1084.96	0.0289393
1085.09	0.029768
1085.23	0.0291943
1085.36	0.0297042
1085.49	0.0289393
1085.63	0.0288756
1085.76	0.0284294
1085.89	0.029258
1086.03	0.0290031
1086.16	0.0286843
1086.29	0.0291943
1086.43	0.029768
1086.56	0.0291305
1086.7	0.0287481
1086.83	0.0284294
1086.96	0.0288118
1087.1	0.0286206
1087.23	0.0291305
1087.36	0.0286843
1087.5	0.0290668
1087.63	0.0283656
1087.76	0.0287481
1087.9	0.0288756
1088.03	0.0283019
1088.17	0.0290668
1088.3	0.0296405
1088.43	0.029768
1088.57	0.0288756
1088.7	0.0286843
1088.83	0.0290668
1088.97	0.0293855
1089.1	0.0289393
1089.24	0.0293218
1089.37	0.0282381
1089.5	0.0291305
1089.64	0.0293855
1089.77	0.0290031
1089.9	0.0293855
1090.04	0.0291943
1090.17	0.0288118
1090.3	0.0286843
1090.44	0.0290668
1090.57	0.029768
1090.71	0.0290668
1090.84	0.0285569
1090.97	0.0290031
1091.11	0.0286843
1091.24	0.0293218
1091.37	0.0290031
1091.51	0.0290668
1091.64	0.0291943
1091.77	0.0291943
1091.91	0.0298317
1092.04	0.0285569
1092.18	0.0289393
1092.31	0.0289393
1092.44	0.0286843
1092.58	0.0287481
1092.71	0.0284294
1092.84	0.0291943
1092.98	0.0289393
1093.11	0.0285569
1093.24	0.029258
1093.38	0.0283656
1093.51	0.0288118
1093.65	0.0287481
1093.78	0.0294493
1093.91	0.0295767
1094.05	0.0299592
1094.18	0.0288118
1094.31	0.0289393
1094.45	0.0294493
1094.58	0.029513
1094.71	0.0291943
1094.85	0.029258
1094.98	0.0288756
1095.12	0.0286206
1095.25	0.0279832
1095.38	0.029513
1095.52	0.0285569
1095.65	0.029513
1095.78	0.029258
1095.92	0.0286843
1096.05	0.0294493
1096.18	0.0291305
1096.32	0.0295767
1096.45	0.0286843
1096.59	0.0286843
1096.72	0.0278557
1096.85	0.0288756
1096.99	0.029258
1097.12	0.0288118
1097.25	0.0283019
1097.39	0.0286843
1097.52	0.0287481
1097.65	0.0284294
1097.79	0.0286206
1097.92	0.0287481
1098.06	0.0289393
1098.19	0.0287481
1098.32	0.0290668
1098.46	0.0285569
1098.59	0.029768
1098.72	0.0288118
1098.86	0.029258
1098.99	0.0284931
1099.12	0.0295767
1099.26	0.0284931
1099.39	0.0290031
1099.53	0.0288118
1099.66	0.0286206
1099.79	0.0288756
1099.93	0.0295767
1100.06	0.0283019
1100.19	0.0291943
1100.33	0.0293218
1100.46	0.0286206
1100.59	0.0287481
1100.73	0.0295767
1100.86	0.0290031
1100.99	0.0293218
1101.13	0.0290031
1101.26	0.0295767
1101.4	0.0284294
1101.53	0.0286843
1101.66	0.0283656
1101.8	0.0287481
1101.93	0.0287481
1102.06	0.0290668
1102.2	0.0287481
1102.33	0.0281107
1102.46	0.0281744
1102.6	0.0285569
1102.73	0.0293218
1102.87	0.0288756
1103	0.029513
1103.13	0.0289393
1103.27	0.0288756
1103.4	0.0290031
1103.53	0.0280469
1103.67	0.0279194
1103.8	0.0284931
1103.93	0.0289393
1104.07	0.0279832
1104.2	0.0293218
1104.34	0.0280469
1104.47	0.0290668
1104.6	0.0290031
1104.74	0.0286206
1104.87	0.0289393
1105	0.0300229
1105.14	0.0285569
1105.27	0.0291943
1105.4	0.0286206
1105.54	0.0288118
1105.67	0.0288118
1105.8	0.029258
1105.94	0.0284294
1106.07	0.0285569
1106.21	0.029258
1106.34	0.0286843
1106.47	0.029258
1106.61	0.0288756
1106.74	0.0288118
1106.87	0.0290031
1107.01	0.0291305
1107.14	0.029513
1107.27	0.0283656
1107.41	0.0288756
1107.54	0.0285569

