Source: Spectrum Viewer

Chart: Pulse Spectrum

Series: 
Wavelength (nm)	S (a.u.)
617.638	0.0299968
617.773	0.0279501
617.908	0.0290374
618.043	0.0298049
618.178	0.0293572
618.313	0.0283978
618.448	0.0291653
618.583	0.0283978
618.718	0.0292933
618.853	0.0285257
618.988	0.0294212
619.123	0.0280141
619.258	0.0295491
619.394	0.0298689
619.529	0.0292293
619.664	0.029613
619.799	0.0287816
619.934	0.0293572
620.069	0.0289735
620.204	0.0292933
620.339	0.0288455
620.474	0.0285897
620.609	0.0292933
620.744	0.0289735
620.879	0.0299328
621.014	0.0294212
621.149	0.0287816
621.284	0.0290374
621.419	0.0284618
621.554	0.0291653
621.689	0.0289095
621.825	0.0286537
621.96	0.0288455
622.095	0.0288455
622.23	0.0295491
622.365	0.0289095
622.5	0.0276303
622.635	0.0292933
622.77	0.0288455
622.905	0.029613
623.04	0.0295491
623.175	0.0291653
623.31	0.0287816
623.445	0.0294851
623.58	0.0293572
623.715	0.029677
623.85	0.0287816
623.985	0.0283339
624.12	0.0292933
624.255	0.0301887
624.39	0.0298689
624.525	0.0282699
624.661	0.0291014
624.796	0.0292293
624.931	0.0287816
625.066	0.0294212
625.201	0.029613
625.336	0.0294212
625.471	0.0298049
625.606	0.029613
625.741	0.0289735
625.876	0.0295491
626.011	0.0283339
626.146	0.0287816
626.281	0.0285257
626.416	0.0295491
626.551	0.0291014
626.686	0.0289735
626.821	0.0294212
626.956	0.0291653
627.091	0.0291653
627.226	0.0271186
627.361	0.0289735
627.496	0.0291653
627.631	0.0292293
627.766	0.0294212
627.901	0.0283978
628.036	0.0276943
628.171	0.0290374
628.307	0.0299968
628.442	0.0291653
628.577	0.0290374
628.712	0.0289735
628.847	0.0292933
628.982	0.0291014
629.117	0.0292933
629.252	0.0294212
629.387	0.0289095
629.522	0.0300608
629.657	0.0295491
629.792	0.0287176
629.927	0.029613
630.062	0.0286537
630.197	0.0285897
630.332	0.0287816
630.467	0.0282699
630.602	0.0291653
630.737	0.0291653
630.872	0.0290374
631.007	0.0298049
631.142	0.0282699
631.277	0.0289095
631.412	0.0289095
631.547	0.0287816
631.682	0.0287176
631.817	0.029741
631.952	0.0295491
632.087	0.0288455
632.222	0.0295491
632.357	0.0283339
632.492	0.0292933
632.627	0.0289095
632.762	0.0292933
632.897	0.0287176
633.032	0.0298049
633.167	0.0292933
633.302	0.0292293
633.437	0.0283978
633.572	0.0291014
633.707	0.0284618
633.842	0.0289735
633.978	0.0283339
634.113	0.029677
634.248	0.0285897
634.383	0.0289735
634.518	0.029613
634.653	0.0289735
634.788	0.0294851
634.923	0.0285257
635.058	0.0291014
635.193	0.0287816
635.328	0.0293572
635.463	0.0291653
635.598	0.0288455
635.733	0.0287176
635.868	0.0286537
636.003	0.0285257
636.138	0.0293572
636.273	0.0294851
636.408	0.0292293
636.543	0.0294851
636.678	0.0287816
636.813	0.029741
636.948	0.0287176
637.083	0.0285257
637.218	0.0287816
637.353	0.029613
637.488	0.0283978
637.623	0.0293572
637.758	0.0288455
637.893	0.029677
638.028	0.0295491
638.163	0.0286537
638.298	0.0299968
638.433	0.029613
638.568	0.0288455
638.703	0.0295491
638.838	0.0292293
638.973	0.0289735
639.108	0.0291014
639.243	0.0285897
639.378	0.0285897
639.513	0.0289095
639.648	0.0289095
639.783	0.0292933
639.918	0.0282699
640.053	0.0298689
640.188	0.029677
640.323	0.0298689
640.458	0.0291014
640.593	0.0285257
640.728	0.0292933
640.863	0.0284618
640.998	0.0279501
641.133	0.0288455
641.268	0.0291653
641.403	0.0282059
641.538	0.0283339
641.673	0.0290374
641.808	0.0292293
641.943	0.0287816
642.078	0.0288455
642.213	0.0289735
642.348	0.0276303
642.483	0.0298689
642.618	0.0299968
642.753	0.0294212
642.888	0.0291653
643.023	0.0288455
643.158	0.0289735
643.293	0.0292293
643.428	0.029677
643.563	0.0291653
643.698	0.0295491
643.833	0.0292293
643.968	0.0287176
644.103	0.028142
644.237	0.0285897
644.372	0.0295491
644.507	0.0291653
644.642	0.0291014
644.777	0.0284618
644.912	0.0290374
645.047	0.0290374
645.182	0.0290374
645.317	0.0298049
645.452	0.0294851
645.587	0.0285257
645.722	0.0287176
645.857	0.0283339
645.992	0.0287176
646.127	0.0287176
646.262	0.0285257
646.397	0.0283978
646.532	0.029613
646.667	0.0285257
646.802	0.0289735
646.937	0.0285257
647.072	0.0294851
647.207	0.0284618
647.342	0.0299328
647.477	0.0292933
647.612	0.0294851
647.747	0.0290374
647.882	0.0283339
648.017	0.0287816
648.152	0.0294212
648.287	0.0291653
648.422	0.0289735
648.557	0.0285257
648.692	0.0294212
648.827	0.0291653
648.962	0.0289735
649.097	0.0289095
649.232	0.0285897
649.367	0.0285257
649.502	0.0283339
649.637	0.0294212
649.772	0.0284618
649.906	0.0293572
650.041	0.029613
650.176	0.0287816
650.311	0.0294212
650.446	0.0291653
650.581	0.0288455
650.716	0.0283339
650.851	0.0285897
650.986	0.0286537
651.121	0.0293572
651.256	0.0287816
651.391	0.0291653
651.526	0.0285897
651.661	0.0303806
651.796	0.0293572
651.931	0.0295491
652.066	0.0291653
652.201	0.0294851
652.336	0.0295491
652.471	0.0286537
652.606	0.0300608
652.741	0.0291014
652.876	0.028142
653.011	0.0284618
653.146	0.0287176
653.281	0.0289095
653.415	0.0290374
653.55	0.0300608
653.685	0.0285897
653.82	0.0291014
653.955	0.0292293
654.09	0.0291653
654.225	0.0291014
654.36	0.028142
654.495	0.0286537
654.63	0.0295491
654.765	0.0291014
654.9	0.0289095
655.035	0.0289095
655.17	0.0291653
655.305	0.0287176
655.44	0.0298689
655.575	0.0294212
655.71	0.0295491
655.845	0.0284618
655.98	0.0291653
656.115	0.029677
656.25	0.0294212
656.384	0.0288455
656.519	0.0293572
656.654	0.0295491
656.789	0.0292933
656.924	0.0288455
657.059	0.0288455
657.194	0.0287176
657.329	0.0289095
657.464	0.0295491
657.599	0.0291653
657.734	0.0284618
657.869	0.0298049
658.004	0.0289735
658.139	0.028142
658.274	0.0285257
658.409	0.0291014
658.544	0.0283339
658.679	0.0293572
658.813	0.0283978
658.948	0.0287176
659.083	0.0291653
659.218	0.0293572
659.353	0.0288455
659.488	0.0291653
659.623	0.0290374
659.758	0.0284618
659.893	0.0285897
660.028	0.0285897
660.163	0.0289095
660.298	0.0298049
660.433	0.0285257
660.568	0.0289735
660.703	0.0294851
660.838	0.0287176
660.972	0.0287816
661.107	0.0287816
661.242	0.029741
661.377	0.0292933
661.512	0.0287816
661.647	0.0291014
661.782	0.0293572
661.917	0.0285897
662.052	0.0285257
662.187	0.0294212
662.322	0.0294851
662.457	0.0292293
662.592	0.0298049
662.727	0.0290374
662.862	0.0289735
662.996	0.0283339
663.131	0.0295491
663.266	0.0298689
663.401	0.0292933
663.536	0.0294212
663.671	0.0291653
663.806	0.0291653
663.941	0.0283339
664.076	0.0287176
664.211	0.0289095
664.346	0.028142
664.481	0.0293572
664.616	0.0291653
664.75	0.0291014
664.885	0.0298689
665.02	0.029741
665.155	0.029677
665.29	0.0291014
665.425	0.029741
665.56	0.0287176
665.695	0.029677
665.83	0.0287176
665.965	0.0289735
666.1	0.0284618
666.235	0.0293572
666.37	0.029741
666.504	0.0289095
666.639	0.0292933
666.774	0.0298689
666.909	0.0292293
667.044	0.029613
667.179	0.0292933
667.314	0.029613
667.449	0.0287816
667.584	0.0291014
667.719	0.0289735
667.854	0.029613
667.989	0.0284618
668.123	0.029613
668.258	0.0283339
668.393	0.0289095
668.528	0.0289095
668.663	0.0289095
668.798	0.028078
668.933	0.0294851
669.068	0.0292293
669.203	0.0284618
669.338	0.0299328
669.473	0.0293572
669.607	0.0282059
669.742	0.0283978
669.877	0.029613
670.012	0.0295491
670.147	0.0290374
670.282	0.0291014
670.417	0.0295491
670.552	0.0293572
670.687	0.0294851
670.822	0.028142
670.957	0.0293572
671.091	0.0287816
671.226	0.0291014
671.361	0.0291653
671.496	0.0293572
671.631	0.0282059
671.766	0.029613
671.901	0.0303166
672.036	0.0299328
672.171	0.0291014
672.306	0.0285257
672.44	0.0299328
672.575	0.0298689
672.71	0.0295491
672.845	0.0287816
672.98	0.0287176
673.115	0.0292293
673.25	0.0290374
673.385	0.0283339
673.52	0.0287816
673.655	0.0287176
673.789	0.0285897
673.924	0.0291653
674.059	0.0287816
674.194	0.0289735
674.329	0.0283978
674.464	0.0289735
674.599	0.029741
674.734	0.0287176
674.869	0.0295491
675.003	0.0280141
675.138	0.0291653
675.273	0.0286537
675.408	0.0286537
675.543	0.0289735
675.678	0.0290374
675.813	0.0288455
675.948	0.0300608
676.083	0.0286537
676.217	0.0285257
676.352	0.0283339
676.487	0.0287816
676.622	0.0282699
676.757	0.0294212
676.892	0.0298049
677.027	0.0294851
677.162	0.0293572
677.297	0.0293572
677.431	0.029677
677.566	0.0286537
677.701	0.0288455
677.836	0.0289095
677.971	0.0294212
678.106	0.0289735
678.241	0.0294851
678.376	0.0284618
678.511	0.0285897
678.645	0.0285257
678.78	0.0294851
678.915	0.0291014
679.05	0.0295491
679.185	0.0291014
679.32	0.0285257
679.455	0.0291653
679.59	0.0290374
679.724	0.029677
679.859	0.0292933
679.994	0.0298689
680.129	0.0292293
680.264	0.0282699
680.399	0.0295491
680.534	0.0290374
680.669	0.0282059
680.803	0.0289095
680.938	0.0294851
681.073	0.0285897
681.208	0.028078
681.343	0.0283978
681.478	0.0282699
681.613	0.0282059
681.748	0.0289095
681.882	0.0294851
682.017	0.0293572
682.152	0.0292933
682.287	0.0277582
682.422	0.0292293
682.557	0.0289735
682.692	0.0286537
682.827	0.0294851
682.961	0.0292293
683.096	0.0286537
683.231	0.0292293
683.366	0.0288455
683.501	0.0286537
683.636	0.0291014
683.771	0.0287816
683.906	0.0292293
684.04	0.0275024
684.175	0.0294212
684.31	0.0286537
684.445	0.0293572
684.58	0.0292293
684.715	0.0284618
684.85	0.0286537
684.984	0.0289735
685.119	0.0289735
685.254	0.0287816
685.389	0.0291014
685.524	0.0285257
685.659	0.0288455
685.794	0.028078
685.928	0.0301247
686.063	0.0280141
686.198	0.029613
686.333	0.0291014
686.468	0.029613
686.603	0.0291014
686.738	0.0293572
686.872	0.0294851
687.007	0.0287176
687.142	0.0287176
687.277	0.0287816
687.412	0.0289735
687.547	0.0287176
687.682	0.0292293
687.816	0.029613
687.951	0.0283339
688.086	0.0282699
688.221	0.0290374
688.356	0.0284618
688.491	0.0289095
688.626	0.029613
688.76	0.0292933
688.895	0.0290374
689.03	0.0290374
689.165	0.0288455
689.3	0.0294212
689.435	0.0287816
689.57	0.0285897
689.704	0.029613
689.839	0.0289095
689.974	0.0298689
690.109	0.0294851
690.244	0.029677
690.379	0.0302526
690.513	0.0294212
690.648	0.0285257
690.783	0.029613
690.918	0.0291014
691.053	0.0287816
691.188	0.028142
691.323	0.0293572
691.457	0.0287816
691.592	0.0287816
691.727	0.028078
691.862	0.0292293
691.997	0.0285897
692.132	0.0288455
692.266	0.0289095
692.401	0.0290374
692.536	0.0287816
692.671	0.029613
692.806	0.028078
692.941	0.0292293
693.075	0.0285257
693.21	0.029613
693.345	0.0291653
693.48	0.0287176
693.615	0.0293572
693.75	0.0298049
693.885	0.0298689
694.019	0.0278222
694.154	0.0288455
694.289	0.0288455
694.424	0.029613
694.559	0.0288455
694.694	0.0293572
694.828	0.0289735
694.963	0.0298049
695.098	0.0298049
695.233	0.0284618
695.368	0.0292293
695.503	0.0285257
695.637	0.0294851
695.772	0.0287176
695.907	0.0282699
696.042	0.0289735
696.177	0.0294212
696.312	0.0298049
696.446	0.0291653
696.581	0.0289735
696.716	0.0287816
696.851	0.0285257
696.986	0.0291653
697.12	0.0282059
697.255	0.0289735
697.39	0.0291014
697.525	0.0294212
697.66	0.0287816
697.795	0.0293572
697.929	0.0291653
698.064	0.029613
698.199	0.0294851
698.334	0.0293572
698.469	0.0287176
698.604	0.0287176
698.738	0.029677
698.873	0.0278222
699.008	0.029613
699.143	0.0301247
699.278	0.0291653
699.412	0.0289735
699.547	0.0291014
699.682	0.0295491
699.817	0.0292933
699.952	0.0292933
700.087	0.0286537
700.221	0.0292933
700.356	0.0285897
700.491	0.0289095
700.626	0.0295491
700.761	0.0285897
700.895	0.0290374
701.03	0.0287176
701.165	0.0292293
701.3	0.0291653
701.435	0.0289735
701.57	0.0289095
701.704	0.0288455
701.839	0.0289095
701.974	0.0291014
702.109	0.0290374
702.244	0.0302526
702.378	0.0288455
702.513	0.0289735
702.648	0.0286537
702.783	0.0290374
702.918	0.029677
703.052	0.0294212
703.187	0.0285257
703.322	0.0288455
703.457	0.029613
703.592	0.0288455
703.727	0.0290374
703.861	0.0289735
703.996	0.0289735
704.131	0.0291014
704.266	0.0289735
704.401	0.0291014
704.535	0.0289095
704.67	0.0290374
704.805	0.0295491
704.94	0.0285897
705.075	0.029741
705.209	0.0291014
705.344	0.0293572
705.479	0.028078
705.614	0.0285897
705.749	0.0291014
705.883	0.0302526
706.018	0.0286537
706.153	0.0292933
706.288	0.0289735
706.423	0.0286537
706.557	0.0292933
706.692	0.0294212
706.827	0.029741
706.962	0.029741
707.097	0.0294212
707.231	0.0289095
707.366	0.0291653
707.501	0.0291014
707.636	0.0295491
707.771	0.0293572
707.905	0.0288455
708.04	0.028078
708.175	0.0285257
708.31	0.0291653
708.445	0.0288455
708.579	0.029741
708.714	0.0285897
708.849	0.0286537
708.984	0.0291014
709.118	0.0287816
709.253	0.0287816
709.388	0.0291653
709.523	0.029677
709.658	0.0284618
709.792	0.029677
709.927	0.0291653
710.062	0.0289095
710.197	0.0300608
710.332	0.0292293
710.466	0.0293572
710.601	0.0282699
710.736	0.0290374
710.871	0.029613
711.006	0.0295491
711.14	0.0285897
711.275	0.0285897
711.41	0.0284618
711.545	0.0282059
711.679	0.0292933
711.814	0.0285257
711.949	0.0286537
712.084	0.0292293
712.219	0.0282699
712.353	0.0289095
712.488	0.0292933
712.623	0.0279501
712.758	0.0291653
712.892	0.0300608
713.027	0.0292933
713.162	0.0292293
713.297	0.0283978
713.432	0.0291653
713.566	0.0287176
713.701	0.0285897
713.836	0.0302526
713.971	0.0289095
714.105	0.0289095
714.24	0.029613
714.375	0.0289735
714.51	0.0291653
714.645	0.0289095
714.779	0.0290374
714.914	0.0290374
715.049	0.0292293
715.184	0.0294212
715.318	0.0300608
715.453	0.029613
715.588	0.0292933
715.723	0.0292293
715.858	0.0292293
715.992	0.0298049
716.127	0.0289735
716.262	0.0285257
716.397	0.0290374
716.531	0.0282699
716.666	0.0293572
716.801	0.0288455
716.936	0.0289735
717.07	0.0278862
717.205	0.0285897
717.34	0.0291014
717.475	0.0291653
717.61	0.0288455
717.744	0.0286537
717.879	0.0287816
718.014	0.0289095
718.149	0.0291014
718.283	0.0294212
718.418	0.0283339
718.553	0.0292933
718.688	0.0294851
718.822	0.0292933
718.957	0.0293572
719.092	0.0287176
719.227	0.0286537
719.361	0.0302526
719.496	0.0286537
719.631	0.0295491
719.766	0.029741
719.9	0.0289095
720.035	0.0285257
720.17	0.0293572
720.305	0.0287816
720.44	0.0292293
720.574	0.029677
720.709	0.0283339
720.844	0.0287176
720.979	0.0295491
721.113	0.0293572
721.248	0.0293572
721.383	0.0295491
721.518	0.0288455
721.652	0.0293572
721.787	0.0285257
721.922	0.0292933
722.057	0.0287176
722.191	0.0291014
722.326	0.0292293
722.461	0.0300608
722.596	0.0291653
722.73	0.0279501
722.865	0.0301247
723	0.029613
723.135	0.029741
723.269	0.0289095
723.404	0.0290374
723.539	0.0289735
723.674	0.0285897
723.808	0.0290374
723.943	0.0292293
724.078	0.0282059
724.213	0.0291014
724.347	0.0283978
724.482	0.0286537
724.617	0.0291653
724.752	0.0275664
724.886	0.0283978
725.021	0.0285257
725.156	0.0301247
725.291	0.0291014
725.425	0.0291014
725.56	0.0294851
725.695	0.0293572
725.829	0.0288455
725.964	0.0286537
726.099	0.0293572
726.234	0.0286537
726.368	0.0295491
726.503	0.0291653
726.638	0.0289095
726.773	0.0292293
726.907	0.0291653
727.042	0.0298049
727.177	0.0294851
727.312	0.0287816
727.446	0.0285257
727.581	0.0285257
727.716	0.0292933
727.851	0.0292293
727.985	0.0289095
728.12	0.0286537
728.255	0.029613
728.389	0.0285257
728.524	0.0289095
728.659	0.0291653
728.794	0.0293572
728.928	0.0285897
729.063	0.0291014
729.198	0.0287816
729.333	0.0302526
729.467	0.0290374
729.602	0.0291653
729.737	0.0287816
729.872	0.0290374
730.006	0.0287176
730.141	0.0294851
730.276	0.0290374
730.41	0.029613
730.545	0.0285897
730.68	0.0292293
730.815	0.0289735
730.949	0.0287176
731.084	0.0291014
731.219	0.0292933
731.354	0.029613
731.488	0.0291653
731.623	0.028078
731.758	0.0292933
731.892	0.0293572
732.027	0.0291653
732.162	0.0294212
732.297	0.0293572
732.431	0.028078
732.566	0.0291014
732.701	0.0289735
732.835	0.0294851
732.97	0.0284618
733.105	0.0287176
733.24	0.0287816
733.374	0.0291014
733.509	0.0291014
733.644	0.0285897
733.779	0.0294851
733.913	0.0282059
734.048	0.0294212
734.183	0.0286537
734.317	0.0290374
734.452	0.0283339
734.587	0.0289735
734.722	0.0291014
734.856	0.0285897
734.991	0.0293572
735.126	0.0291014
735.26	0.0287176
735.395	0.0285897
735.53	0.0289095
735.665	0.0288455
735.799	0.0294851
735.934	0.0291653
736.069	0.0300608
736.203	0.0294851
736.338	0.0289735
736.473	0.0293572
736.607	0.029613
736.742	0.028142
736.877	0.0291653
737.012	0.0289735
737.146	0.0294212
737.281	0.0289735
737.416	0.0292293
737.55	0.029741
737.685	0.0282699
737.82	0.0288455
737.955	0.0289735
738.089	0.0287176
738.224	0.0287176
738.359	0.0292293
738.493	0.0292293
738.628	0.0285257
738.763	0.0292933
738.897	0.029613
739.032	0.0298049
739.167	0.0289735
739.302	0.0291014
739.436	0.0287176
739.571	0.0291653
739.706	0.0286537
739.84	0.0294212
739.975	0.0298049
740.11	0.0290374
740.244	0.0287816
740.379	0.029677
740.514	0.0278862
740.649	0.0298049
740.783	0.0286537
740.918	0.0295491
741.053	0.0292933
741.187	0.0287816
741.322	0.0291014
741.457	0.0298049
741.591	0.0292293
741.726	0.0287816
741.861	0.0291653
741.996	0.0287816
742.13	0.0287176
742.265	0.0294212
742.4	0.0282699
742.534	0.0295491
742.669	0.0291653
742.804	0.0284618
742.938	0.0282699
743.073	0.0287176
743.208	0.029741
743.342	0.0292933
743.477	0.0290374
743.612	0.0295491
743.747	0.0292293
743.881	0.0287176
744.016	0.0299328
744.151	0.0294851
744.285	0.0300608
744.42	0.0285257
744.555	0.0294212
744.689	0.0283978
744.824	0.0291014
744.959	0.0287816
745.093	0.0292933
745.228	0.0295491
745.363	0.0292933
745.497	0.029677
745.632	0.0282059
745.767	0.029613
745.901	0.0292933
746.036	0.0285257
746.171	0.0284618
746.305	0.0288455
746.44	0.0293572
746.575	0.0298049
746.71	0.029613
746.844	0.0285897
746.979	0.0291653
747.114	0.0292933
747.248	0.029677
747.383	0.0289735
747.518	0.0291653
747.652	0.0283978
747.787	0.0290374
747.922	0.0292293
748.056	0.0294851
748.191	0.0287176
748.326	0.028142
748.46	0.0290374
748.595	0.0288455
748.73	0.0283978
748.864	0.0283339
748.999	0.0288455
749.134	0.0283978
749.268	0.0294851
749.403	0.0285257
749.538	0.0298689
749.672	0.029677
749.807	0.0291653
749.942	0.0284618
750.076	0.0294212
750.211	0.0287816
750.346	0.0295491
750.48	0.0294851
750.615	0.0292293
750.75	0.0292293
750.884	0.0286537
751.019	0.0291653
751.154	0.0285257
751.288	0.0290374
751.423	0.0291014
751.558	0.0293572
751.692	0.029677
751.827	0.0295491
751.962	0.0293572
752.096	0.0276943
752.231	0.029741
752.366	0.0283978
752.5	0.0287816
752.635	0.0289735
752.77	0.0295491
752.904	0.0291014
753.039	0.028142
753.174	0.0294851
753.308	0.0287816
753.443	0.0287176
753.578	0.029613
753.712	0.0292293
753.847	0.0286537
753.982	0.0293572
754.116	0.0290374
754.251	0.0287816
754.386	0.0290374
754.52	0.0292933
754.655	0.0290374
754.79	0.0285257
754.924	0.0291014
755.059	0.0287176
755.194	0.0291014
755.328	0.0289735
755.463	0.029613
755.597	0.0289095
755.732	0.0283978
755.867	0.0294212
756.001	0.0288455
756.136	0.0289095
756.271	0.0289735
756.405	0.029741
756.54	0.0287176
756.675	0.0287816
756.809	0.0293572
756.944	0.0293572
757.079	0.0301247
757.213	0.0292293
757.348	0.0294212
757.483	0.029613
757.617	0.0293572
757.752	0.0291653
757.887	0.0286537
758.021	0.0287176
758.156	0.0284618
758.29	0.0285257
758.425	0.0293572
758.56	0.0287816
758.694	0.0291653
758.829	0.0292933
758.964	0.0290374
759.098	0.0282699
759.233	0.0299968
759.368	0.0290374
759.502	0.0285897
759.637	0.0291014
759.772	0.0294212
759.906	0.0291014
760.041	0.029677
760.175	0.0289735
760.31	0.0292293
760.445	0.0292293
760.579	0.0302526
760.714	0.0287816
760.849	0.0292933
760.983	0.029613
761.118	0.0294851
761.253	0.0292293
761.387	0.0294212
761.522	0.0285897
761.656	0.0303166
761.791	0.0289735
761.926	0.0290374
762.06	0.0289095
762.195	0.0295491
762.33	0.0285257
762.464	0.0292933
762.599	0.0291014
762.733	0.0287816
762.868	0.0290374
763.003	0.0292933
763.137	0.0288455
763.272	0.0286537
763.407	0.029613
763.541	0.0294851
763.676	0.0295491
763.811	0.0287816
763.945	0.0291014
764.08	0.0283339
764.214	0.0295491
764.349	0.0291653
764.484	0.0284618
764.618	0.0291653
764.753	0.0289095
764.888	0.0291014
765.022	0.0290374
765.157	0.0290374
765.291	0.0290374
765.426	0.0290374
765.561	0.0283339
765.695	0.0295491
765.83	0.0287176
765.965	0.0284618
766.099	0.029741
766.234	0.0284618
766.368	0.0288455
766.503	0.0291014
766.638	0.029613
766.772	0.0290374
766.907	0.0287816
767.041	0.029613
767.176	0.0292293
767.311	0.0290374
767.445	0.029741
767.58	0.0286537
767.715	0.0291653
767.849	0.0286537
767.984	0.0299328
768.118	0.0294851
768.253	0.0298689
768.388	0.028142
768.522	0.0293572
768.657	0.0283339
768.791	0.0285897
768.926	0.0303166
769.061	0.0289095
769.195	0.029677
769.33	0.0289095
769.465	0.0294851
769.599	0.029613
769.734	0.029741
769.868	0.0284618
770.003	0.0298049
770.138	0.0288455
770.272	0.0293572
770.407	0.0292293
770.541	0.0294212
770.676	0.029677
770.811	0.0283339
770.945	0.0287816
771.08	0.028142
771.214	0.0294212
771.349	0.0287176
771.484	0.0291653
771.618	0.0291014
771.753	0.0292293
771.887	0.0284618
772.022	0.028142
772.157	0.029677
772.291	0.0289735
772.426	0.0294851
772.56	0.0289095
772.695	0.0284618
772.83	0.0289095
772.964	0.0287176
773.099	0.0291014
773.233	0.0290374
773.368	0.0294851
773.503	0.0289735
773.637	0.0285897
773.772	0.0289095
773.906	0.0291014
774.041	0.0294212
774.176	0.0299968
774.31	0.0292293
774.445	0.0298689
774.579	0.0287816
774.714	0.0299968
774.849	0.0291014
774.983	0.0292933
775.118	0.0291014
775.252	0.0287816
775.387	0.0291653
775.522	0.0289735
775.656	0.0289735
775.791	0.0291014
775.925	0.0294851
776.06	0.0292933
776.195	0.0289735
776.329	0.0294212
776.464	0.0289735
776.598	0.0293572
776.733	0.0298049
776.868	0.0294212
777.002	0.0292293
777.137	0.0294212
777.271	0.0290374
777.406	0.0292293
777.54	0.0293572
777.675	0.0287176
777.81	0.029677
777.944	0.0295491
778.079	0.0294851
778.213	0.0291014
778.348	0.0286537
778.483	0.0282699
778.617	0.0289095
778.752	0.0284618
778.886	0.0295491
779.021	0.0292933
779.155	0.0291014
779.29	0.0282059
779.425	0.029677
779.559	0.0292933
779.694	0.0292933
779.828	0.0287816
779.963	0.0291014
780.098	0.0290374
780.232	0.0287816
780.367	0.0294212
780.501	0.0285257
780.636	0.0289735
780.77	0.0289735
780.905	0.0288455
781.04	0.0299328
781.174	0.0289735
781.309	0.0287816
781.443	0.029677
781.578	0.0302526
781.712	0.0294212
781.847	0.0288455
781.982	0.0289735
782.116	0.0280141
782.251	0.0291014
782.385	0.0292933
782.52	0.0292293
782.654	0.0292293
782.789	0.0287176
782.924	0.0289735
783.058	0.0282059
783.193	0.0282059
783.327	0.0293572
783.462	0.0298049
783.596	0.0289095
783.731	0.0287816
783.866	0.0286537
784	0.0295491
784.135	0.0306364
784.269	0.0290374
784.404	0.0293572
784.538	0.0291014
784.673	0.0293572
784.808	0.0287816
784.942	0.0279501
785.077	0.0283339
785.211	0.0292293
785.346	0.0289735
785.48	0.0299328
785.615	0.0291014
785.75	0.029741
785.884	0.0298689
786.019	0.0285257
786.153	0.029677
786.288	0.0300608
786.422	0.0289095
786.557	0.0282059
786.691	0.0280141
786.826	0.029677
786.961	0.0290374
787.095	0.0295491
787.23	0.0286537
787.364	0.0287816
787.499	0.0293572
787.633	0.029677
787.768	0.0294212
787.902	0.0291014
788.037	0.0291014
788.172	0.0286537
788.306	0.0294212
788.441	0.0292933
788.575	0.0287176
788.71	0.0286537
788.844	0.0292933
788.979	0.0292293
789.113	0.0294851
789.248	0.0290374
789.383	0.0291014
789.517	0.0294851
789.652	0.0279501
789.786	0.0287816
789.921	0.0298049
790.055	0.0298049
790.19	0.0288455
790.324	0.0291653
790.459	0.0284618
790.594	0.0288455
790.728	0.0298049
790.863	0.0290374
790.997	0.029677
791.132	0.0286537
791.266	0.0292933
791.401	0.0285897
791.535	0.0293572
791.67	0.0300608
791.804	0.0289735
791.939	0.0293572
792.074	0.0290374
792.208	0.0283978
792.343	0.0300608
792.477	0.0285257
792.612	0.0288455
792.746	0.0291014
792.881	0.0293572
793.015	0.0295491
793.15	0.029741
793.284	0.0283339
793.419	0.0298049
793.553	0.029613
793.688	0.0285257
793.823	0.0286537
793.957	0.0290374
794.092	0.0292933
794.226	0.0292933
794.361	0.0294212
794.495	0.0288455
794.63	0.0289095
794.764	0.0289095
794.899	0.0298049
795.033	0.0298049
795.168	0.0284618
795.302	0.0289735
795.437	0.029677
795.572	0.0292293
795.706	0.0283978
795.841	0.029677
795.975	0.0287176
796.11	0.0291653
796.244	0.0284618
796.379	0.0285897
796.513	0.029613
796.648	0.0287816
796.782	0.0298689
796.917	0.0287176
797.051	0.0291014
797.186	0.0295491
797.32	0.0292293
797.455	0.0292293
797.589	0.0298689
797.724	0.0285257
797.859	0.0292933
797.993	0.029741
798.128	0.0294851
798.262	0.029677
798.397	0.0280141
798.531	0.029613
798.666	0.0292933
798.8	0.0298049
798.935	0.0285897
799.069	0.0283978
799.204	0.0292293
799.338	0.0291653
799.473	0.0294212
799.607	0.0291014
799.742	0.0287176
799.876	0.0290374
800.011	0.0292293
800.145	0.0293572
800.28	0.0290374
800.414	0.0302526
800.549	0.0282699
800.683	0.0292293
800.818	0.0292933
800.953	0.0293572
801.087	0.0298049
801.222	0.0286537
801.356	0.0299968
801.491	0.0292293
801.625	0.0294851
801.76	0.0294851
801.894	0.0300608
802.029	0.0294212
802.163	0.0299968
802.298	0.0294212
802.432	0.0286537
802.567	0.029613
802.701	0.0288455
802.836	0.0290374
802.97	0.029613
803.105	0.0294212
803.239	0.0298689
803.374	0.0299328
803.508	0.0292293
803.643	0.0294212
803.777	0.0283339
803.912	0.0293572
804.046	0.0287176
804.181	0.0293572
804.315	0.0291653
804.45	0.029741
804.584	0.0293572
804.719	0.0301887
804.853	0.0285257
804.988	0.0301887
805.122	0.0294212
805.257	0.0292293
805.391	0.0288455
805.526	0.0293572
805.66	0.0290374
805.795	0.0298689
805.929	0.0301887
806.064	0.0304445
806.198	0.029677
806.333	0.0294851
806.467	0.029613
806.602	0.0298049
806.736	0.0301887
806.871	0.0308283
807.005	0.0301887
807.14	0.0303166
807.274	0.0305085
807.409	0.0295491
807.543	0.029613
807.678	0.0315958
807.812	0.029613
807.947	0.0294212
808.081	0.0292933
808.216	0.0299328
808.35	0.0303166
808.485	0.0301887
808.619	0.0301247
808.754	0.0294851
808.888	0.0306364
809.023	0.0305085
809.157	0.0299968
809.292	0.0303806
809.426	0.0303806
809.561	0.0298049
809.695	0.0301247
809.83	0.0306364
809.964	0.031212
810.099	0.0300608
810.233	0.0315958
810.368	0.0314039
810.502	0.0305724
810.637	0.0317237
810.771	0.0325552
810.906	0.0331948
811.04	0.0321714
811.175	0.0320435
811.309	0.032747
811.444	0.0333866
811.578	0.0324272
811.713	0.0335785
811.847	0.0337064
811.982	0.0351775
812.116	0.0348577
812.251	0.035881
812.385	0.0363287
812.519	0.0356892
812.654	0.0378638
812.788	0.03748
812.923	0.0402303
813.057	0.0417653
813.192	0.0436201
813.326	0.0568596
813.461	0.0838503
813.595	0.126191
813.73	0.173841
813.864	0.172178
813.999	0.16284
814.133	0.223537
814.268	0.339559
814.402	0.505852
814.537	0.778126
814.671	1
814.806	0.821362
814.94	0.592517
815.075	0.645219
815.209	0.75056
815.344	0.968724
815.478	0.898177
815.612	0.725552
815.747	0.548769
815.881	0.395907
816.016	0.30387
816.15	0.145443
816.285	0.292549
816.419	0.533163
816.554	0.265814
816.688	0.0768788
816.823	0.04055
816.957	0.0371602
817.092	0.0356252
817.226	0.0354973
817.361	0.0335785
817.495	0.0337064
817.63	0.0331308
817.764	0.0322354
817.898	0.0330029
818.033	0.0322354
818.167	0.0331308
818.302	0.0326831
818.436	0.0318516
818.571	0.031276
818.705	0.0317877
818.84	0.031276
818.974	0.0301887
819.109	0.0314039
819.243	0.0317237
819.378	0.0308283
819.512	0.0305085
819.646	0.0302526
819.781	0.031212
819.915	0.0299968
820.05	0.0302526
820.184	0.0300608
820.319	0.0305085
820.453	0.0291014
820.588	0.0294212
820.722	0.0305085
820.857	0.0295491
820.991	0.0299328
821.126	0.0298689
821.26	0.029741
821.394	0.0302526
821.529	0.0307643
821.663	0.0298049
821.798	0.029613
821.932	0.0300608
822.067	0.0300608
822.201	0.0307004
822.336	0.0298049
822.47	0.0294851
822.605	0.029613
822.739	0.0299328
822.873	0.029677
823.008	0.0294212
823.142	0.0294851
823.277	0.0304445
823.411	0.0295491
823.546	0.0301247
823.68	0.0294851
823.815	0.0299968
823.949	0.0292933
824.083	0.0294851
824.218	0.0293572
824.352	0.0294851
824.487	0.0287816
824.621	0.0291014
824.756	0.0285897
824.89	0.0292293
825.025	0.0299968
825.159	0.0291653
825.293	0.0292293
825.428	0.0285897
825.562	0.0298049
825.697	0.029677
825.831	0.0292933
825.966	0.0298049
826.1	0.0294212
826.235	0.0291653
826.369	0.029613
826.503	0.029677
826.638	0.0294851
826.772	0.0285897
826.907	0.0286537
827.041	0.0301247
827.176	0.0292933
827.31	0.0295491
827.445	0.0286537
827.579	0.029677
827.713	0.029677
827.848	0.0293572
827.982	0.0288455
828.117	0.0298689
828.251	0.029741
828.386	0.0299968
828.52	0.0287816
828.654	0.0294851
828.789	0.0293572
828.923	0.0301247
829.058	0.0292933
829.192	0.0288455
829.327	0.0292933
829.461	0.0290374
829.596	0.0301247
829.73	0.0287816
829.864	0.0286537
829.999	0.0291014
830.133	0.0292933
830.268	0.0289095
830.402	0.0287816
830.537	0.029677
830.671	0.0289735
830.805	0.0289735
830.94	0.0289095
831.074	0.0290374
831.209	0.0289095
831.343	0.0280141
831.478	0.029741
831.612	0.0292933
831.746	0.0285897
831.881	0.0285897
832.015	0.0291014
832.15	0.0289095
832.284	0.0295491
832.418	0.0291653
832.553	0.0288455
832.687	0.0299968
832.822	0.0291653
832.956	0.0290374
833.091	0.0293572
833.225	0.0288455
833.359	0.0292933
833.494	0.0282059
833.628	0.0294851
833.763	0.0292933
833.897	0.0294851
834.032	0.0289735
834.166	0.0302526
834.3	0.0294212
834.435	0.029613
834.569	0.0282059
834.704	0.0285257
834.838	0.0294851
834.972	0.0283978
835.107	0.0293572
835.241	0.0288455
835.376	0.0295491
835.51	0.0283339
835.645	0.0291014
835.779	0.0287816
835.913	0.029741
836.048	0.0282059
836.182	0.029741
836.317	0.0287176
836.451	0.0293572
836.585	0.0290374
836.72	0.0289095
836.854	0.029741
836.989	0.0301887
837.123	0.0292933
837.257	0.0291014
837.392	0.0293572
837.526	0.0291653
837.661	0.0294212
837.795	0.0288455
837.929	0.0294212
838.064	0.0291014
838.198	0.0288455
838.333	0.0287816
838.467	0.0289735
838.602	0.0290374
838.736	0.0288455
838.87	0.0284618
839.005	0.0292933
839.139	0.0290374
839.274	0.0289095
839.408	0.0295491
839.542	0.0284618
839.677	0.0287176
839.811	0.029741
839.946	0.0288455
840.08	0.029613
840.214	0.0289735
840.349	0.0292933
840.483	0.0290374
840.618	0.0295491
840.752	0.0298689
840.886	0.0285897
841.021	0.0295491
841.155	0.0303166
841.29	0.0292293
841.424	0.0289735
841.558	0.0285257
841.693	0.0286537
841.827	0.0289735
841.961	0.0285257
842.096	0.0303166
842.23	0.0285897
842.365	0.0293572
842.499	0.0290374
842.633	0.0290374
842.768	0.0284618
842.902	0.0285897
843.037	0.0283339
843.171	0.0293572
843.305	0.0286537
843.44	0.0299328
843.574	0.0286537
843.709	0.0289735
843.843	0.0283978
843.977	0.029677
844.112	0.0291014
844.246	0.0299968
844.381	0.0285257
844.515	0.0287176
844.649	0.0285897
844.784	0.0287816
844.918	0.0292933
845.052	0.0291653
845.187	0.0291014
845.321	0.0295491
845.456	0.0289095
845.59	0.0291014
845.724	0.0287176
845.859	0.0287816
845.993	0.0285897
846.128	0.0299968
846.262	0.0285897
846.396	0.0284618
846.531	0.0283339
846.665	0.0287816
846.799	0.0293572
846.934	0.029677
847.068	0.0293572
847.203	0.0282699
847.337	0.0282059
847.471	0.0294851
847.606	0.0291653
847.74	0.0292933
847.874	0.0292293
848.009	0.029677
848.143	0.0288455
848.278	0.029677
848.412	0.0289735
848.546	0.0285257
848.681	0.0287176
848.815	0.0288455
848.949	0.0287176
849.084	0.028142
849.218	0.0298689
849.353	0.029613
849.487	0.0301247
849.621	0.0287816
849.756	0.0294212
849.89	0.0298689
850.024	0.0287816
850.159	0.0299968
850.293	0.0289095
850.428	0.0291653
850.562	0.0295491
850.696	0.0288455
850.831	0.029613
850.965	0.0293572
851.099	0.029613
851.234	0.0289095
851.368	0.0283978
851.502	0.0295491
851.637	0.0292293
851.771	0.0295491
851.906	0.0290374
852.04	0.0286537
852.174	0.0294212
852.309	0.0291014
852.443	0.0284618
852.577	0.0291014
852.712	0.0291653
852.846	0.0285257
852.98	0.0284618
853.115	0.0287176
853.249	0.0292293
853.384	0.0295491
853.518	0.029741
853.652	0.0292933
853.787	0.0285257
853.921	0.029677
854.055	0.0285897
854.19	0.0284618
854.324	0.029677
854.458	0.0294851
854.593	0.0287816
854.727	0.0305085
854.861	0.0289095
854.996	0.0287816
855.13	0.0289095
855.265	0.0292933
855.399	0.0303806
855.533	0.0294212
855.668	0.0292293
855.802	0.0291653
855.936	0.0287176
856.071	0.0284618
856.205	0.0292293
856.339	0.0288455
856.474	0.0294212
856.608	0.0292933
856.742	0.0287816
856.877	0.029741
857.011	0.0287816
857.145	0.0295491
857.28	0.0287176
857.414	0.0290374
857.549	0.0291014
857.683	0.0295491
857.817	0.0292293
857.952	0.029677
858.086	0.0287816
858.22	0.0291653
858.355	0.0291653
858.489	0.0289735
858.623	0.0287816
858.758	0.0287176
858.892	0.0287816
859.026	0.0290374
859.161	0.0286537
859.295	0.0291014
859.429	0.0287176
859.564	0.029613
859.698	0.0285897
859.832	0.0283339
859.967	0.0289735
860.101	0.028078
860.235	0.0290374
860.37	0.029677
860.504	0.0283339
860.638	0.0292933
860.773	0.028078
860.907	0.0287816
861.041	0.0283339
861.176	0.0284618
861.31	0.0287176
861.444	0.0292293
861.579	0.0292933
861.713	0.0283339
861.847	0.0287176
861.982	0.029613
862.116	0.0295491
862.25	0.0293572
862.385	0.0293572
862.519	0.0294851
862.653	0.0290374
862.788	0.0289735
862.922	0.0294851
863.056	0.0288455
863.191	0.0299968
863.325	0.0298049
863.459	0.0302526
863.594	0.0290374
863.728	0.0290374
863.862	0.0290374
863.997	0.0294212
864.131	0.0292933
864.265	0.0282699
864.4	0.0293572
864.534	0.0290374
864.668	0.0287816
864.803	0.0295491
864.937	0.029613
865.071	0.0288455
865.206	0.0289095
865.34	0.0292933
865.474	0.0286537
865.609	0.0293572
865.743	0.0293572
865.877	0.0290374
866.012	0.0294212
866.146	0.0287176
866.28	0.0298049
866.415	0.0285257
866.549	0.0290374
866.683	0.0286537
866.818	0.0295491
866.952	0.0292933
867.086	0.0287816
867.221	0.0285897
867.355	0.0290374
867.489	0.0285897
867.623	0.0293572
867.758	0.0293572
867.892	0.0290374
868.026	0.0295491
868.161	0.0294212
868.295	0.0289735
868.429	0.0292933
868.564	0.0290374
868.698	0.0290374
868.832	0.0290374
868.967	0.0294212
869.101	0.0292293
869.235	0.0288455
869.37	0.0298049
869.504	0.0287176
869.638	0.0292933
869.773	0.0276303
869.907	0.0298689
870.041	0.0293572
870.175	0.0291014
870.31	0.0293572
870.444	0.0290374
870.578	0.0290374
870.713	0.0285897
870.847	0.0299328
870.981	0.0289735
871.116	0.0299328
871.25	0.0287816
871.384	0.029677
871.519	0.0287176
871.653	0.0283978
871.787	0.0292933
871.921	0.0290374
872.056	0.0294212
872.19	0.029677
872.324	0.0287176
872.459	0.0294212
872.593	0.0291653
872.727	0.0289735
872.862	0.0291653
872.996	0.0291014
873.13	0.0292933
873.264	0.0287816
873.399	0.0277582
873.533	0.0289095
873.667	0.0287176
873.802	0.0290374
873.936	0.0283978
874.07	0.0287816
874.205	0.0291014
874.339	0.029613
874.473	0.0287176
874.607	0.0292293
874.742	0.0286537
874.876	0.0290374
875.01	0.0291014
875.145	0.0286537
875.279	0.0289095
875.413	0.029677
875.548	0.0294212
875.682	0.0290374
875.816	0.0294212
875.95	0.0289735
876.085	0.0286537
876.219	0.0282699
876.353	0.0288455
876.488	0.0299328
876.622	0.0288455
876.756	0.0294851
876.89	0.0288455
877.025	0.0295491
877.159	0.0282059
877.293	0.029741
877.428	0.0299328
877.562	0.0289735
877.696	0.0291653
877.83	0.0283339
877.965	0.0286537
878.099	0.0291014
878.233	0.0291653
878.368	0.0290374
878.502	0.0293572
878.636	0.0286537
878.77	0.0291653
878.905	0.0285897
879.039	0.0291653
879.173	0.0286537
879.308	0.0282699
879.442	0.028078
879.576	0.0291653
879.71	0.0295491
879.845	0.0283978
879.979	0.0295491
880.113	0.0287816
880.248	0.0290374
880.382	0.0289735
880.516	0.0290374
880.65	0.0288455
880.785	0.029741
880.919	0.0289095
881.053	0.0289735
881.188	0.0293572
881.322	0.0290374
881.456	0.028142
881.59	0.0287176
881.725	0.0285897
881.859	0.0303806
881.993	0.0290374
882.127	0.0292293
882.262	0.0280141
882.396	0.0288455
882.53	0.0300608
882.665	0.0291653
882.799	0.0292293
882.933	0.0289095
883.067	0.0289095
883.202	0.0290374
883.336	0.0289735
883.47	0.0286537
883.604	0.0295491
883.739	0.0283339
883.873	0.0291014
884.007	0.028142
884.142	0.029677
884.276	0.0287816
884.41	0.0292293
884.544	0.0287176
884.679	0.0279501
884.813	0.0287176
884.947	0.0287176
885.081	0.0287816
885.216	0.0288455
885.35	0.0286537
885.484	0.0292933
885.618	0.0288455
885.753	0.0287176
885.887	0.0289095
886.021	0.0283978
886.155	0.0286537
886.29	0.0291653
886.424	0.0293572
886.558	0.0287176
886.693	0.0290374
886.827	0.029677
886.961	0.0292933
887.095	0.029741
887.23	0.0301887
887.364	0.0299328
887.498	0.0287176
887.632	0.0292933
887.767	0.0289735
887.901	0.0283978
888.035	0.0283978
888.169	0.0298049
888.304	0.0289095
888.438	0.0295491
888.572	0.0290374
888.706	0.0293572
888.841	0.0287176
888.975	0.029677
889.109	0.0288455
889.243	0.0291653
889.378	0.0290374
889.512	0.0290374
889.646	0.0288455
889.78	0.0284618
889.915	0.0290374
890.049	0.0285257
890.183	0.0298049
890.317	0.0298049
890.452	0.0290374
890.586	0.0293572
890.72	0.0287816
890.854	0.0290374
890.989	0.0291014
891.123	0.0287816
891.257	0.0285257
891.391	0.0285897
891.526	0.0282699
891.66	0.0285257
891.794	0.0292293
891.928	0.0283978
892.063	0.029677
892.197	0.0289095
892.331	0.029613
892.465	0.0290374
892.6	0.0292933
892.734	0.0287176
892.868	0.0278222
893.002	0.0287176
893.137	0.0298689
893.271	0.0291014
893.405	0.029613
893.539	0.0290374
893.674	0.0294851
893.808	0.0292933
893.942	0.0298689
894.076	0.0299968
894.21	0.0292933
894.345	0.0295491
894.479	0.0291014
894.613	0.0286537
894.747	0.029613
894.882	0.0290374
895.016	0.0292933
895.15	0.0287176
895.284	0.0285257
895.419	0.0282699
895.553	0.0288455
895.687	0.0302526
895.821	0.0292293
895.956	0.0285897
896.09	0.0298049
896.224	0.0289735
896.358	0.0287176
896.492	0.0278222
896.627	0.0285897
896.761	0.0285897
896.895	0.0303806
897.029	0.0286537
897.164	0.0289095
897.298	0.0289735
897.432	0.0287816
897.566	0.0294851
897.701	0.0292293
897.835	0.0291653
897.969	0.0295491
898.103	0.0298689
898.237	0.0298689
898.372	0.0291014
898.506	0.029613
898.64	0.0286537
898.774	0.0289095
898.909	0.0294851
899.043	0.0293572
899.177	0.0287176
899.311	0.0291014
899.445	0.0288455
899.58	0.0291653
899.714	0.0288455
899.848	0.0292933
899.982	0.0289095
900.117	0.0292293
900.251	0.0294851
900.385	0.0292933
900.519	0.0289095
900.653	0.0294212
900.788	0.0293572
900.922	0.0283978
901.056	0.0291653
901.19	0.0288455
901.325	0.0285257
901.459	0.0285257
901.593	0.0289735
901.727	0.0292933
901.861	0.029613
901.996	0.0289095
902.13	0.0294851
902.264	0.0294212
902.398	0.0284618
902.532	0.0294851
902.667	0.029613
902.801	0.0294212
902.935	0.0287176
903.069	0.0287176
903.204	0.029613
903.338	0.0293572
903.472	0.0292293
903.606	0.029677
903.74	0.0289735
903.875	0.0298689
904.009	0.029613
904.143	0.0292293
904.277	0.0284618
904.411	0.0293572
904.546	0.0283339
904.68	0.0291653
904.814	0.0301887
904.948	0.0283978
905.082	0.0292293
905.217	0.0290374
905.351	0.0292293
905.485	0.029613
905.619	0.0292933
905.753	0.0289735
905.888	0.0286537
906.022	0.0285257
906.156	0.0287176
906.29	0.0289735
906.424	0.0285257
906.559	0.0285257
906.693	0.028078
906.827	0.0291653
906.961	0.0285897
907.095	0.0292293
907.23	0.0284618
907.364	0.029741
907.498	0.0293572
907.632	0.0288455
907.766	0.0289095
907.901	0.0290374
908.035	0.0287176
908.169	0.0298689
908.303	0.0290374
908.437	0.0292293
908.572	0.0289735
908.706	0.0289735
908.84	0.0291653
908.974	0.0287176
909.108	0.0291014
909.243	0.0294851
909.377	0.0286537
909.511	0.0285257
909.645	0.0280141
909.779	0.0273745
909.914	0.0292933
910.048	0.0284618
910.182	0.0288455
910.316	0.0294212
910.45	0.0292293
910.585	0.0294212
910.719	0.0288455
910.853	0.0287816
910.987	0.0286537
911.121	0.0287176
911.255	0.0284618
911.39	0.0298049
911.524	0.0288455
911.658	0.029741
911.792	0.0291653
911.926	0.0287816
912.061	0.0299968
912.195	0.0290374
912.329	0.0291014
912.463	0.0295491
912.597	0.0290374
912.732	0.0291653
912.866	0.0293572
913	0.0300608
913.134	0.0286537
913.268	0.0289095
913.402	0.0289735
913.537	0.0301247
913.671	0.0292933
913.805	0.0282059
913.939	0.0286537
914.073	0.0291014
914.208	0.0294851
914.342	0.0301247
914.476	0.0295491
914.61	0.0298049
914.744	0.029677
914.878	0.0292293
915.013	0.0290374
915.147	0.0294212
915.281	0.029677
915.415	0.0285257
915.549	0.029677
915.683	0.0295491
915.818	0.0289095
915.952	0.028078
916.086	0.0295491
916.22	0.0301247
916.354	0.029741
916.488	0.0288455
916.623	0.0298049
916.757	0.0287816
916.891	0.0293572
917.025	0.0293572
917.159	0.0295491
917.293	0.0289735
917.428	0.0295491
917.562	0.029741
917.696	0.0283978
917.83	0.0284618
917.964	0.0295491
918.098	0.0289095
918.233	0.029741
918.367	0.0290374
918.501	0.0291014
918.635	0.0303806
918.769	0.0291014
918.903	0.0292933
919.038	0.0287816
919.172	0.0298049
919.306	0.0290374
919.44	0.0285897
919.574	0.0286537
919.708	0.0283978
919.843	0.0285897
919.977	0.0298049
920.111	0.0292293
920.245	0.0299968
920.379	0.0294851
920.513	0.0294212
920.648	0.0288455
920.782	0.0284618
920.916	0.029741
921.05	0.0293572
921.184	0.0282699
921.318	0.0290374
921.453	0.029613
921.587	0.0292293
921.721	0.0292293
921.855	0.0287176
921.989	0.0291653
922.123	0.0294851
922.257	0.0290374
922.392	0.029613
922.526	0.0293572
922.66	0.0291014
922.794	0.028142
922.928	0.0295491
923.062	0.0291653
923.197	0.0288455
923.331	0.0291014
923.465	0.0275024
923.599	0.0295491
923.733	0.0283339
923.867	0.029741
924.001	0.029613
924.136	0.0291014
924.27	0.0291653
924.404	0.0295491
924.538	0.0287816
924.672	0.0283978
924.806	0.0292293
924.94	0.0291653
925.075	0.0290374
925.209	0.0280141
925.343	0.0294851
925.477	0.0294851
925.611	0.0292933
925.745	0.0307004
925.879	0.0287176
926.014	0.0287176
926.148	0.0291014
926.282	0.0288455
926.416	0.0298049
926.55	0.0286537
926.684	0.0298049
926.818	0.0285897
926.953	0.0292293
927.087	0.0293572
927.221	0.029677
927.355	0.0287176
927.489	0.0299328
927.623	0.0287176
927.757	0.0301247
927.892	0.0283339
928.026	0.0287816
928.16	0.0291014
928.294	0.0298049
928.428	0.0285257
928.562	0.0282699
928.696	0.0293572
928.831	0.0285257
928.965	0.0291014
929.099	0.0291653
929.233	0.0298049
929.367	0.0298049
929.501	0.0292293
929.635	0.0289735
929.769	0.0283339
929.904	0.0275024
930.038	0.0292293
930.172	0.0291014
930.306	0.0298689
930.44	0.0293572
930.574	0.0292933
930.708	0.0287816
930.843	0.0285897
930.977	0.0286537
931.111	0.0288455
931.245	0.0287176
931.379	0.0292293
931.513	0.0291014
931.647	0.0288455
931.781	0.0292293
931.916	0.0291653
932.05	0.0289095
932.184	0.0288455
932.318	0.0287176
932.452	0.0289735
932.586	0.0294212
932.72	0.0283339
932.854	0.029613
932.989	0.0292933
933.123	0.0287176
933.257	0.0291014
933.391	0.0286537
933.525	0.0287816
933.659	0.0286537
933.793	0.0282699
933.927	0.028078
934.061	0.029677
934.196	0.0288455
934.33	0.0293572
934.464	0.0299328
934.598	0.0292293
934.732	0.0289735
934.866	0.029613
935	0.0286537
935.134	0.0285257
935.269	0.0294212
935.403	0.0293572
935.537	0.0292933
935.671	0.0289735
935.805	0.0294851
935.939	0.0288455
936.073	0.029677
936.207	0.0298689
936.341	0.0287176
936.476	0.0283978
936.61	0.0289095
936.744	0.0292933
936.878	0.0294212
937.012	0.0293572
937.146	0.0295491
937.28	0.0300608
937.414	0.0301887
937.548	0.0282699
937.683	0.0303166
937.817	0.0294212
937.951	0.0294212
938.085	0.0301247
938.219	0.029613
938.353	0.0292933
938.487	0.0291653
938.621	0.0287176
938.755	0.0288455
938.889	0.0292933
939.024	0.0292293
939.158	0.0289735
939.292	0.0278862
939.426	0.0282699
939.56	0.029613
939.694	0.0285257
939.828	0.0294851
939.962	0.0287816
940.096	0.0283339
940.231	0.0291014
940.365	0.0289735
940.499	0.0287176
940.633	0.0291653
940.767	0.0300608
940.901	0.0291014
941.035	0.0291014
941.169	0.0291653
941.303	0.0291014
941.437	0.0298689
941.571	0.029613
941.706	0.0292293
941.84	0.0284618
941.974	0.0292933
942.108	0.0285257
942.242	0.0288455
942.376	0.0283339
942.51	0.0294212
942.644	0.0280141
942.778	0.0288455
942.912	0.0294851
943.047	0.0287816
943.181	0.0288455
943.315	0.029741
943.449	0.0290374
943.583	0.0292293
943.717	0.0286537
943.851	0.0284618
943.985	0.0292293
944.119	0.029741
944.253	0.0291653
944.387	0.0290374
944.522	0.0283339
944.656	0.0288455
944.79	0.0286537
944.924	0.0293572
945.058	0.0292933
945.192	0.029613
945.326	0.0289095
945.46	0.0285257
945.594	0.0285897
945.728	0.0286537
945.862	0.0289735
945.996	0.0286537
946.131	0.0292293
946.265	0.0290374
946.399	0.0292293
946.533	0.0294851
946.667	0.0285257
946.801	0.0300608
946.935	0.0288455
947.069	0.0287176
947.203	0.029613
947.337	0.0286537
947.471	0.0298689
947.605	0.0284618
947.739	0.029741
947.874	0.0294851
948.008	0.0285257
948.142	0.0295491
948.276	0.0293572
948.41	0.0291653
948.544	0.0291014
948.678	0.0277582
948.812	0.0285897
948.946	0.0288455
949.08	0.0294212
949.214	0.0291014
949.348	0.0299968
949.482	0.029677
949.617	0.0283339
949.751	0.029741
949.885	0.0291014
950.019	0.0293572
950.153	0.0285897
950.287	0.0288455
950.421	0.0292293
950.555	0.0284618
950.689	0.0300608
950.823	0.0288455
950.957	0.0299968
951.091	0.0288455
951.225	0.0290374
951.359	0.0290374
951.493	0.0287816
951.628	0.0289095
951.762	0.0291014
951.896	0.0277582
952.03	0.0289095
952.164	0.0295491
952.298	0.0287176
952.432	0.0288455
952.566	0.0292933
952.7	0.0289095
952.834	0.0282699
952.968	0.0301887
953.102	0.0291014
953.236	0.0286537
953.37	0.0292933
953.504	0.0287176
953.639	0.0286537
953.773	0.0284618
953.907	0.0291653
954.041	0.0283978
954.175	0.0291653
954.309	0.0285257
954.443	0.0294212
954.577	0.0285897
954.711	0.0292293
954.845	0.0298049
954.979	0.0292933
955.113	0.0287176
955.247	0.0292293
955.381	0.0292933
955.515	0.0284618
955.649	0.0291653
955.783	0.0285257
955.917	0.0283339
956.052	0.0287816
956.186	0.0291014
956.32	0.0286537
956.454	0.0292933
956.588	0.0291653
956.722	0.029613
956.856	0.029677
956.99	0.0290374
957.124	0.0293572
957.258	0.0287176
957.392	0.0286537
957.526	0.0300608
957.66	0.0291653
957.794	0.0290374
957.928	0.0289735
958.062	0.0292933
958.196	0.0298049
958.33	0.0292933
958.464	0.0285897
958.598	0.0276303
958.733	0.0287816
958.867	0.0289735
959.001	0.0283339
959.135	0.0289735
959.269	0.0299328
959.403	0.0299968
959.537	0.0304445
959.671	0.0294851
959.805	0.0290374
959.939	0.0290374
960.073	0.0288455
960.207	0.0289095
960.341	0.0291014
960.475	0.0289735
960.609	0.0287176
960.743	0.0287816
960.877	0.0287816
961.011	0.0290374
961.145	0.0292933
961.279	0.0291014
961.413	0.0283339
961.547	0.0289735
961.681	0.0298049
961.815	0.0287816
961.949	0.0292293
962.083	0.0292293
962.218	0.0303166
962.352	0.0300608
962.486	0.029741
962.62	0.0285897
962.754	0.0285897
962.888	0.0294851
963.022	0.0294212
963.156	0.0286537
963.29	0.0302526
963.424	0.0289095
963.558	0.0291014
963.692	0.0285897
963.826	0.028078
963.96	0.0302526
964.094	0.0294851
964.228	0.0298689
964.362	0.0285897
964.496	0.0303166
964.63	0.0283339
964.764	0.0295491
964.898	0.0289095
965.032	0.0294212
965.166	0.0294851
965.3	0.0289095
965.434	0.0294212
965.568	0.0287816
965.702	0.0292933
965.836	0.0293572
965.97	0.0285257
966.104	0.0287816
966.238	0.0289735
966.372	0.0292293
966.506	0.0292293
966.64	0.0298049
966.774	0.0290374
966.908	0.0288455
967.043	0.0287816
967.177	0.0292933
967.311	0.0279501
967.445	0.029677
967.579	0.0288455
967.713	0.0293572
967.847	0.0287176
967.981	0.0289735
968.115	0.0289095
968.249	0.0298049
968.383	0.0286537
968.517	0.0285257
968.651	0.0294851
968.785	0.0285257
968.919	0.0294851
969.053	0.0292933
969.187	0.0291014
969.321	0.0289735
969.455	0.0291653
969.589	0.0294212
969.723	0.0290374
969.857	0.0301887
969.991	0.0285257
970.125	0.0290374
970.259	0.0298049
970.393	0.0299328
970.527	0.0291014
970.661	0.0287176
970.795	0.029613
970.929	0.0283978
971.063	0.028142
971.197	0.0295491
971.331	0.0295491
971.465	0.0294212
971.599	0.0288455
971.733	0.0294851
971.867	0.0280141
972.001	0.0290374
972.135	0.0283978
972.269	0.0291653
972.403	0.0285257
972.537	0.0287816
972.671	0.0289735
972.805	0.029741
972.939	0.0299968
973.073	0.0286537
973.207	0.0294851
973.341	0.0292293
973.475	0.0287816
973.609	0.0289095
973.743	0.0292933
973.877	0.0290374
974.011	0.0291014
974.145	0.0292933
974.279	0.0285897
974.413	0.029613
974.547	0.0291014
974.681	0.029613
974.815	0.0290374
974.949	0.0287816
975.083	0.0286537
975.217	0.029677
975.351	0.0291014
975.485	0.0291014
975.619	0.0292933
975.753	0.0294212
975.887	0.0287176
976.021	0.0292933
976.155	0.0301887
976.289	0.0294212
976.423	0.0295491
976.557	0.0292293
976.691	0.0282699
976.825	0.0287176
976.959	0.0288455
977.093	0.029677
977.227	0.0287176
977.361	0.0290374
977.495	0.0289735
977.629	0.0287176
977.763	0.0293572
977.897	0.0285257
978.031	0.0292933
978.165	0.0294212
978.299	0.0301887
978.433	0.0294851
978.567	0.029677
978.701	0.0294851
978.835	0.0288455
978.969	0.0290374
979.103	0.0289095
979.237	0.0294212
979.371	0.0288455
979.505	0.0298049
979.639	0.0298049
979.773	0.0292933
979.907	0.0283978
980.041	0.0287816
980.175	0.0288455
980.308	0.0283339
980.442	0.0285897
980.576	0.0295491
980.71	0.0291014
980.844	0.0285257
980.978	0.0288455
981.112	0.0299968
981.246	0.0295491
981.38	0.0291014
981.514	0.028142
981.648	0.0292933
981.782	0.0290374
981.916	0.0287816
982.05	0.0293572
982.184	0.0298689
982.318	0.029677
982.452	0.0298049
982.586	0.0291014
982.72	0.0285897
982.854	0.0294851
982.988	0.0294212
983.122	0.0291014
983.256	0.0292293
983.39	0.0287816
983.524	0.0285897
983.658	0.0287816
983.792	0.0292933
983.926	0.0294851
984.06	0.0289095
984.194	0.0291014
984.328	0.0282699
984.462	0.0291014
984.596	0.0286537
984.73	0.0292293
984.864	0.0292933
984.998	0.0294212
985.132	0.0300608
985.265	0.029613
985.399	0.0295491
985.533	0.0294851
985.667	0.0285897
985.801	0.0287816
985.935	0.0292293
986.069	0.0292933
986.203	0.029677
986.337	0.0294212
986.471	0.0289095
986.605	0.0280141
986.739	0.0290374
986.873	0.0292933
987.007	0.0285257
987.141	0.0294212
987.275	0.0294212
987.409	0.0283339
987.543	0.0288455
987.677	0.0295491
987.811	0.0299328
987.945	0.0283978
988.079	0.0289095
988.213	0.0278862
988.347	0.0298689
988.481	0.0294212
988.614	0.0292933
988.748	0.0288455
988.882	0.0287816
989.016	0.029613
989.15	0.0289095
989.284	0.0285257
989.418	0.0298049
989.552	0.0303166
989.686	0.0282699
989.82	0.0287176
989.954	0.0295491
990.088	0.0291653
990.222	0.0292933
990.356	0.0289735
990.49	0.0303806
990.624	0.0292933
990.758	0.0290374
990.892	0.0286537
991.026	0.0288455
991.16	0.0289735
991.294	0.0298689
991.427	0.0290374
991.561	0.0292933
991.695	0.0287176
991.829	0.0299968
991.963	0.0291014
992.097	0.0290374
992.231	0.0282059
992.365	0.0285257
992.499	0.029613
992.633	0.0294212
992.767	0.0285257
992.901	0.0288455
993.035	0.0301247
993.169	0.0293572
993.303	0.0291653
993.437	0.0293572
993.571	0.0287816
993.704	0.0287816
993.838	0.0288455
993.972	0.0287816
994.106	0.0285897
994.24	0.0299968
994.374	0.0303166
994.508	0.0285257
994.642	0.0287176
994.776	0.0292933
994.91	0.0293572
995.044	0.029741
995.178	0.0285257
995.312	0.0295491
995.446	0.0299328
995.58	0.0289095
995.714	0.0292293
995.847	0.0287176
995.981	0.028142
996.115	0.0287176
996.249	0.0290374
996.383	0.0283339
996.517	0.0285897
996.651	0.029613
996.785	0.0293572
996.919	0.0291653
997.053	0.0287176
997.187	0.0292293
997.321	0.0291014
997.455	0.0289095
997.589	0.0282059
997.722	0.0299328
997.856	0.0291653
997.99	0.0283339
998.124	0.0287176
998.258	0.0287176
998.392	0.0293572
998.526	0.0293572
998.66	0.0289095
998.794	0.0292293
998.928	0.0289095
999.062	0.0291653
999.196	0.029677
999.33	0.0288455
999.464	0.0292293
999.597	0.0283978
999.731	0.0287816
999.865	0.0292933
999.999	0.0291014
1000.13	0.0299968
1000.27	0.0295491
1000.4	0.0293572
1000.53	0.0287176
1000.67	0.0290374
1000.8	0.0287176
1000.94	0.0287816
1001.07	0.029677
1001.2	0.0294851
1001.34	0.0289735
1001.47	0.0291014
1001.61	0.0289735
1001.74	0.0291653
1001.87	0.0291653
1002.01	0.0293572
1002.14	0.0294851
1002.28	0.0289095
1002.41	0.028142
1002.54	0.0283978
1002.68	0.0294212
1002.81	0.0284618
1002.95	0.0290374
1003.08	0.0298049
1003.21	0.0290374
1003.35	0.0285897
1003.48	0.0291014
1003.61	0.0284618
1003.75	0.0290374
1003.88	0.0292933
1004.02	0.029613
1004.15	0.0289095
1004.28	0.0289095
1004.42	0.0288455
1004.55	0.0286537
1004.69	0.0286537
1004.82	0.0298049
1004.95	0.0283339
1005.09	0.029613
1005.22	0.0286537
1005.36	0.0290374
1005.49	0.0293572
1005.62	0.0289735
1005.76	0.0287816
1005.89	0.0287816
1006.03	0.0289095
1006.16	0.029613
1006.29	0.0290374
1006.43	0.0295491
1006.56	0.0282059
1006.69	0.0295491
1006.83	0.0287816
1006.96	0.0285897
1007.1	0.0282699
1007.23	0.0285257
1007.36	0.0291653
1007.5	0.029613
1007.63	0.029741
1007.77	0.0283339
1007.9	0.0288455
1008.03	0.0286537
1008.17	0.0299968
1008.3	0.0299328
1008.44	0.0292933
1008.57	0.0285897
1008.7	0.0289735
1008.84	0.0279501
1008.97	0.0287816
1009.1	0.0294212
1009.24	0.0291014
1009.37	0.0288455
1009.51	0.0283978
1009.64	0.0289095
1009.77	0.0292293
1009.91	0.0287176
1010.04	0.0291653
1010.18	0.0291653
1010.31	0.0291014
1010.44	0.0284618
1010.58	0.0292933
1010.71	0.029741
1010.85	0.0292293
1010.98	0.0284618
1011.11	0.0282699
1011.25	0.0283339
1011.38	0.0287816
1011.51	0.0285897
1011.65	0.0294212
1011.78	0.0287176
1011.92	0.0291014
1012.05	0.0287176
1012.18	0.0291014
1012.32	0.0291653
1012.45	0.0288455
1012.59	0.0288455
1012.72	0.0291014
1012.85	0.0293572
1012.99	0.0294212
1013.12	0.0291014
1013.26	0.029741
1013.39	0.0289735
1013.52	0.0291653
1013.66	0.0298049
1013.79	0.0294212
1013.92	0.0285897
1014.06	0.0292933
1014.19	0.0289735
1014.33	0.0288455
1014.46	0.0285897
1014.59	0.0291014
1014.73	0.0291014
1014.86	0.0291014
1015	0.0287176
1015.13	0.0282699
1015.26	0.0287176
1015.4	0.0290374
1015.53	0.0289095
1015.67	0.0291014
1015.8	0.0290374
1015.93	0.0289735
1016.07	0.0294212
1016.2	0.0290374
1016.33	0.0287816
1016.47	0.0285897
1016.6	0.0289095
1016.74	0.0302526
1016.87	0.0290374
1017	0.0289735
1017.14	0.0285257
1017.27	0.0283339
1017.41	0.0289095
1017.54	0.028078
1017.67	0.0289095
1017.81	0.028078
1017.94	0.0288455
1018.07	0.0288455
1018.21	0.0289735
1018.34	0.0302526
1018.48	0.0289095
1018.61	0.0289095
1018.74	0.0291014
1018.88	0.029677
1019.01	0.0294212
1019.15	0.0303166
1019.28	0.0293572
1019.41	0.0291014
1019.55	0.0284618
1019.68	0.0282699
1019.82	0.0289095
1019.95	0.028078
1020.08	0.0288455
1020.22	0.0288455
1020.35	0.0283339
1020.48	0.0288455
1020.62	0.0290374
1020.75	0.0291014
1020.89	0.0294851
1021.02	0.0292293
1021.15	0.0292293
1021.29	0.0292293
1021.42	0.0295491
1021.56	0.0286537
1021.69	0.0287176
1021.82	0.0283339
1021.96	0.0294851
1022.09	0.0291653
1022.22	0.0286537
1022.36	0.0285897
1022.49	0.0288455
1022.63	0.0290374
1022.76	0.0298049
1022.89	0.0288455
1023.03	0.0293572
1023.16	0.0294212
1023.3	0.0286537
1023.43	0.0287816
1023.56	0.0292933
1023.7	0.0295491
1023.83	0.0282699
1023.96	0.0285897
1024.1	0.0289735
1024.23	0.0287176
1024.37	0.028078
1024.5	0.0284618
1024.63	0.0285257
1024.77	0.0304445
1024.9	0.0289095
1025.04	0.0295491
1025.17	0.0289735
1025.3	0.0291014
1025.44	0.0293572
1025.57	0.0298049
1025.7	0.029677
1025.84	0.029677
1025.97	0.0286537
1026.11	0.0283978
1026.24	0.0294851
1026.37	0.0285257
1026.51	0.0307004
1026.64	0.0294851
1026.78	0.0287816
1026.91	0.0288455
1027.04	0.0291014
1027.18	0.0287176
1027.31	0.0292933
1027.44	0.0294212
1027.58	0.0298049
1027.71	0.0287816
1027.85	0.0291653
1027.98	0.0285897
1028.11	0.0291014
1028.25	0.029677
1028.38	0.0283978
1028.52	0.0290374
1028.65	0.0285897
1028.78	0.029741
1028.92	0.0287176
1029.05	0.0290374
1029.18	0.0295491
1029.32	0.0286537
1029.45	0.029741
1029.59	0.0285257
1029.72	0.0288455
1029.85	0.0292293
1029.99	0.0285897
1030.12	0.029677
1030.26	0.0303806
1030.39	0.0305085
1030.52	0.0292293
1030.66	0.0285897
1030.79	0.0292933
1030.92	0.0287816
1031.06	0.0298689
1031.19	0.0290374
1031.33	0.0285897
1031.46	0.0295491
1031.59	0.0289735
1031.73	0.0287176
1031.86	0.0290374
1031.99	0.029677
1032.13	0.0287816
1032.26	0.0289735
1032.4	0.0286537
1032.53	0.0290374
1032.66	0.0286537
1032.8	0.0293572
1032.93	0.0289095
1033.07	0.0295491
1033.2	0.0303806
1033.33	0.0286537
1033.47	0.029677
1033.6	0.0290374
1033.73	0.028078
1033.87	0.0294851
1034	0.0288455
1034.14	0.0284618
1034.27	0.0282699
1034.4	0.0284618
1034.54	0.0279501
1034.67	0.0294212
1034.81	0.029677
1034.94	0.0289735
1035.07	0.0288455
1035.21	0.0290374
1035.34	0.0294851
1035.47	0.0293572
1035.61	0.0286537
1035.74	0.0289735
1035.88	0.0290374
1036.01	0.0293572
1036.14	0.0286537
1036.28	0.0294851
1036.41	0.0290374
1036.54	0.0287176
1036.68	0.0287816
1036.81	0.0295491
1036.95	0.0287816
1037.08	0.0280141
1037.21	0.0293572
1037.35	0.0298049
1037.48	0.0284618
1037.62	0.0298049
1037.75	0.0292293
1037.88	0.0289095
1038.02	0.0288455
1038.15	0.0292293
1038.28	0.0293572
1038.42	0.0293572
1038.55	0.0291014
1038.69	0.0293572
1038.82	0.0286537
1038.95	0.0282059
1039.09	0.0294212
1039.22	0.0277582
1039.35	0.0284618
1039.49	0.0291653
1039.62	0.028142
1039.76	0.0294851
1039.89	0.0286537
1040.02	0.0285897
1040.16	0.0292293
1040.29	0.0286537
1040.43	0.0287176
1040.56	0.0287816
1040.69	0.0287176
1040.83	0.0294212
1040.96	0.0287816
1041.09	0.0294212
1041.23	0.029613
1041.36	0.0290374
1041.5	0.0282699
1041.63	0.0288455
1041.76	0.029741
1041.9	0.0291653
1042.03	0.0292933
1042.16	0.0286537
1042.3	0.0293572
1042.43	0.0286537
1042.57	0.029677
1042.7	0.0295491
1042.83	0.0286537
1042.97	0.0284618
1043.1	0.0293572
1043.23	0.0291653
1043.37	0.0287176
1043.5	0.0287816
1043.64	0.0287816
1043.77	0.0279501
1043.9	0.0295491
1044.04	0.0285897
1044.17	0.0292293
1044.31	0.0286537
1044.44	0.0287176
1044.57	0.0290374
1044.71	0.0290374
1044.84	0.0298049
1044.97	0.0298689
1045.11	0.0286537
1045.24	0.0285257
1045.38	0.0293572
1045.51	0.0295491
1045.64	0.0289735
1045.78	0.0283978
1045.91	0.0294212
1046.04	0.0298049
1046.18	0.0292293
1046.31	0.0292933
1046.45	0.0283339
1046.58	0.0298689
1046.71	0.0287176
1046.85	0.0278222
1046.98	0.0292293
1047.11	0.0292933
1047.25	0.0292933
1047.38	0.0290374
1047.52	0.0292293
1047.65	0.0291653
1047.78	0.0287176
1047.92	0.0283339
1048.05	0.0292293
1048.18	0.0277582
1048.32	0.0286537
1048.45	0.0293572
1048.59	0.0294212
1048.72	0.0287816
1048.85	0.0292293
1048.99	0.0293572
1049.12	0.0289735
1049.25	0.0295491
1049.39	0.0287816
1049.52	0.0285897
1049.66	0.0291653
1049.79	0.0289735
1049.92	0.0289735
1050.06	0.0300608
1050.19	0.0294212
1050.33	0.0292933
1050.46	0.0287816
1050.59	0.0290374
1050.73	0.0282699
1050.86	0.0299968
1050.99	0.0287816
1051.13	0.0289735
1051.26	0.0303806
1051.4	0.0287816
1051.53	0.0287816
1051.66	0.0291014
1051.8	0.0294212
1051.93	0.0292293
1052.06	0.0287176
1052.2	0.0294212
1052.33	0.0292933
1052.47	0.0279501
1052.6	0.0301887
1052.73	0.0288455
1052.87	0.0291653
1053	0.0284618
1053.13	0.0294851
1053.27	0.0288455
1053.4	0.029613
1053.54	0.0285257
1053.67	0.0287816
1053.8	0.0284618
1053.94	0.0291014
1054.07	0.0288455
1054.2	0.0282699
1054.34	0.0292933
1054.47	0.0289095
1054.61	0.0289735
1054.74	0.0290374
1054.87	0.0278862
1055.01	0.0292293
1055.14	0.0283339
1055.27	0.0287176
1055.41	0.0294851
1055.54	0.0282059
1055.68	0.0292293
1055.81	0.0288455
1055.94	0.0298049
1056.08	0.0293572
1056.21	0.0292293
1056.34	0.0286537
1056.48	0.0289735
1056.61	0.0288455
1056.75	0.0285897
1056.88	0.0283978
1057.01	0.0283978
1057.15	0.029677
1057.28	0.0286537
1057.41	0.0293572
1057.55	0.0278222
1057.68	0.0292933
1057.82	0.0288455
1057.95	0.0292933
1058.08	0.0289095
1058.22	0.0284618
1058.35	0.0292293
1058.48	0.0287816
1058.62	0.029677
1058.75	0.0286537
1058.89	0.0290374
1059.02	0.0287176
1059.15	0.0289095
1059.29	0.0287816
1059.42	0.0289735
1059.55	0.0288455
1059.69	0.0285897
1059.82	0.0294212
1059.96	0.0286537
1060.09	0.0290374
1060.22	0.0289095
1060.36	0.0292933
1060.49	0.0291653
1060.62	0.0290374
1060.76	0.0287176
1060.89	0.0288455
1061.03	0.0289095
1061.16	0.0283978
1061.29	0.0294851
1061.43	0.0285257
1061.56	0.0292293
1061.69	0.0303806
1061.83	0.0286537
1061.96	0.0294212
1062.1	0.0298689
1062.23	0.029741
1062.36	0.028078
1062.5	0.0289735
1062.63	0.0289095
1062.76	0.0283339
1062.9	0.0292933
1063.03	0.0292293
1063.17	0.0284618
1063.3	0.029613
1063.43	0.0279501
1063.57	0.0292933
1063.7	0.0283339
1063.83	0.0287176
1063.97	0.029677
1064.1	0.0287816
1064.23	0.0291653
1064.37	0.0287176
1064.5	0.0293572
1064.64	0.0291014
1064.77	0.0294851
1064.9	0.0289095
1065.04	0.0295491
1065.17	0.0289095
1065.3	0.0292933
1065.44	0.0291653
1065.57	0.0295491
1065.71	0.0286537
1065.84	0.0290374
1065.97	0.0284618
1066.11	0.0300608
1066.24	0.0294851
1066.37	0.0292933
1066.51	0.0285257
1066.64	0.0285897
1066.78	0.0285897
1066.91	0.0289735
1067.04	0.0285257
1067.18	0.028078
1067.31	0.0294212
1067.44	0.0292293
1067.58	0.029677
1067.71	0.0288455
1067.85	0.0292293
1067.98	0.0287176
1068.11	0.0291653
1068.25	0.0293572
1068.38	0.0291653
1068.51	0.0290374
1068.65	0.0292933
1068.78	0.0282699
1068.92	0.0298049
1069.05	0.0291014
1069.18	0.0291014
1069.32	0.0290374
1069.45	0.0289735
1069.58	0.028078
1069.72	0.0299968
1069.85	0.0289735
1069.98	0.0285897
1070.12	0.0289735
1070.25	0.0279501
1070.39	0.0292293
1070.52	0.0283978
1070.65	0.0295491
1070.79	0.0291653
1070.92	0.0286537
1071.05	0.0286537
1071.19	0.0291014
1071.32	0.0299328
1071.46	0.0285897
1071.59	0.0304445
1071.72	0.0298049
1071.86	0.0285897
1071.99	0.0291653
1072.12	0.0290374
1072.26	0.0290374
1072.39	0.0292293
1072.53	0.0289735
1072.66	0.0290374
1072.79	0.0293572
1072.93	0.0287176
1073.06	0.0292293
1073.19	0.029613
1073.33	0.0288455
1073.46	0.0292293
1073.59	0.0291014
1073.73	0.029741
1073.86	0.0300608
1074	0.0282059
1074.13	0.0288455
1074.26	0.0289735
1074.4	0.0294212
1074.53	0.0294851
1074.66	0.0289735
1074.8	0.0290374
1074.93	0.0288455
1075.07	0.0293572
1075.2	0.0292293
1075.33	0.0299968
1075.47	0.029741
1075.6	0.0289735
1075.73	0.0292293
1075.87	0.0288455
1076	0.0294851
1076.14	0.0292933
1076.27	0.0285257
1076.4	0.0286537
1076.54	0.0286537
1076.67	0.0284618
1076.8	0.0285897
1076.94	0.0287176
1077.07	0.0291014
1077.2	0.0291653
1077.34	0.029677
1077.47	0.0295491
1077.61	0.0286537
1077.74	0.0292933
1077.87	0.029613
1078.01	0.0288455
1078.14	0.0285897
1078.27	0.0295491
1078.41	0.0283978
1078.54	0.029677
1078.68	0.0288455
1078.81	0.0285897
1078.94	0.0291014
1079.08	0.0293572
1079.21	0.0291014
1079.34	0.0287176
1079.48	0.0292933
1079.61	0.0289735
1079.74	0.0290374
1079.88	0.0288455
1080.01	0.0289095
1080.15	0.0292933
1080.28	0.0292933
1080.41	0.0291653
1080.55	0.0289095
1080.68	0.0286537
1080.81	0.0292293
1080.95	0.0291653
1081.08	0.0284618
1081.22	0.0285897
1081.35	0.0298049
1081.48	0.0289095
1081.62	0.0288455
1081.75	0.0289735
1081.88	0.0288455
1082.02	0.0291014
1082.15	0.0291653
1082.28	0.029677
1082.42	0.0288455
1082.55	0.0292293
1082.69	0.0302526
1082.82	0.0290374
1082.95	0.0289735
1083.09	0.0291014
1083.22	0.0290374
1083.35	0.029613
1083.49	0.0285897
1083.62	0.029613
1083.75	0.0292933
1083.89	0.0292293
1084.02	0.0295491
1084.16	0.0285257
1084.29	0.0285257
1084.42	0.0289735
1084.56	0.0294851
1084.69	0.0285257
1084.82	0.0289095
1084.96	0.029613
1085.09	0.0294212
1085.23	0.0287176
1085.36	0.0290374
1085.49	0.0301247
1085.63	0.0298049
1085.76	0.0287176
1085.89	0.0291653
1086.03	0.028078
1086.16	0.0295491
1086.29	0.0291014
1086.43	0.0292933
1086.56	0.0291014
1086.7	0.029741
1086.83	0.0293572
1086.96	0.029613
1087.1	0.0284618
1087.23	0.0295491
1087.36	0.0289735
1087.5	0.029613
1087.63	0.0294212
1087.76	0.0289095
1087.9	0.0291653
1088.03	0.0285897
1088.17	0.0290374
1088.3	0.0292293
1088.43	0.029613
1088.57	0.0293572
1088.7	0.0287176
1088.83	0.0291014
1088.97	0.029613
1089.1	0.0289735
1089.24	0.0288455
1089.37	0.0291014
1089.5	0.0283339
1089.64	0.0289735
1089.77	0.029677
1089.9	0.0292933
1090.04	0.0298049
1090.17	0.0291014
1090.3	0.0288455
1090.44	0.0293572
1090.57	0.029741
1090.71	0.0287816
1090.84	0.029741
1090.97	0.0289735
1091.11	0.0285257
1091.24	0.0294212
1091.37	0.0291653
1091.51	0.0286537
1091.64	0.0287816
1091.77	0.0291014
1091.91	0.0285897
1092.04	0.0302526
1092.18	0.0288455
1092.31	0.0301887
1092.44	0.0288455
1092.58	0.0287816
1092.71	0.0293572
1092.84	0.0289735
1092.98	0.0289735
1093.11	0.0287176
1093.24	0.0292293
1093.38	0.029677
1093.51	0.0288455
1093.65	0.0290374
1093.78	0.0289735
1093.91	0.0292293
1094.05	0.0289095
1094.18	0.0286537
1094.31	0.0289095
1094.45	0.0292933
1094.58	0.0287816
1094.71	0.0294851
1094.85	0.0290374
1094.98	0.0292933
1095.12	0.0287816
1095.25	0.0298689
1095.38	0.0289095
1095.52	0.028078
1095.65	0.0285897
1095.78	0.0295491
1095.92	0.0288455
1096.05	0.0293572
1096.18	0.0290374
1096.32	0.0294851
1096.45	0.0295491
1096.59	0.0288455
1096.72	0.0299328
1096.85	0.029677
1096.99	0.0290374
1097.12	0.0287816
1097.25	0.0294212
1097.39	0.0298049
1097.52	0.0295491
1097.65	0.0291653
1097.79	0.0287816
1097.92	0.0289735
1098.06	0.0290374
1098.19	0.0280141
1098.32	0.0292293
1098.46	0.0288455
1098.59	0.0289095
1098.72	0.0289095
1098.86	0.0291014
1098.99	0.0283339
1099.12	0.029677
1099.26	0.0290374
1099.39	0.0301887
1099.53	0.0298049
1099.66	0.0292293
1099.79	0.0289735
1099.93	0.0290374
1100.06	0.0289735
1100.19	0.0282699
1100.33	0.0292933
1100.46	0.0298049
1100.59	0.0301887
1100.73	0.0294212
1100.86	0.0292293
1100.99	0.0291653
1101.13	0.0298049
1101.26	0.0294212
1101.4	0.0298689
1101.53	0.0288455
1101.66	0.0289735
1101.8	0.0290374
1101.93	0.0289095
1102.06	0.0293572
1102.2	0.0287816
1102.33	0.0283978
1102.46	0.0292293
1102.6	0.0287816
1102.73	0.029677
1102.87	0.0290374
1103	0.0287176
1103.13	0.028078
1103.27	0.029741
1103.4	0.0286537
1103.53	0.0287816
1103.67	0.0289095
1103.8	0.0293572
1103.93	0.0285897
1104.07	0.0290374
1104.2	0.0287816
1104.34	0.0295491
1104.47	0.0289095
1104.6	0.0293572
1104.74	0.0289095
1104.87	0.0301887
1105	0.0288455
1105.14	0.0287176
1105.27	0.0295491
1105.4	0.0291014
1105.54	0.0288455
1105.67	0.0298689
1105.8	0.029677
1105.94	0.0290374
1106.07	0.0292933
1106.21	0.0287816
1106.34	0.0293572
1106.47	0.0291653
1106.61	0.0295491
1106.74	0.0289095
1106.87	0.0280141
1107.01	0.0282699
1107.14	0.029677
1107.27	0.028078
1107.41	0.0286537
1107.54	0.0286537

