Source: Spectrum Viewer

Chart: Pulse Spectrum

Series: 
Wavelength (nm)	S (a.u.)
617.638	0.0277727
617.773	0.0272844
617.908	0.0283831
618.043	0.0277117
618.178	0.0280168
618.313	0.0271013
618.448	0.0276506
618.583	0.0282
618.718	0.0275896
618.853	0.0273454
618.988	0.0277117
619.123	0.0283831
619.258	0.0281389
619.394	0.028322
619.529	0.0281389
619.664	0.0285052
619.799	0.0270402
619.934	0.0275285
620.069	0.0273454
620.204	0.0277727
620.339	0.0273454
620.474	0.0287493
620.609	0.0274065
620.744	0.0274675
620.879	0.0279558
621.014	0.0280168
621.149	0.0272233
621.284	0.028322
621.419	0.0278337
621.554	0.0279558
621.689	0.0274675
621.825	0.0272844
621.96	0.0279558
622.095	0.0278337
622.23	0.0278948
622.365	0.0277117
622.5	0.0281389
622.635	0.0283831
622.77	0.0277117
622.905	0.028261
623.04	0.0281389
623.175	0.0274675
623.31	0.0274065
623.445	0.0278337
623.58	0.0279558
623.715	0.0281389
623.85	0.0276506
623.985	0.0281389
624.12	0.0286883
624.255	0.0276506
624.39	0.0271623
624.525	0.0277727
624.661	0.0275896
624.796	0.0275285
624.931	0.0285662
625.066	0.0274065
625.201	0.0275285
625.336	0.0279558
625.471	0.0278337
625.606	0.0267961
625.741	0.028261
625.876	0.0274675
626.011	0.0281389
626.146	0.0279558
626.281	0.0278337
626.416	0.0279558
626.551	0.0275896
626.686	0.0278337
626.821	0.0275896
626.956	0.0284441
627.091	0.0284441
627.226	0.0284441
627.361	0.028322
627.496	0.0275285
627.631	0.0268571
627.766	0.0274065
627.901	0.0275285
628.036	0.0278948
628.171	0.0276506
628.307	0.0274065
628.442	0.0278337
628.577	0.0272844
628.712	0.028261
628.847	0.0275285
628.982	0.0287493
629.117	0.0276506
629.252	0.0277117
629.387	0.0279558
629.522	0.0273454
629.657	0.0280168
629.792	0.0272233
629.927	0.0280779
630.062	0.0279558
630.197	0.0279558
630.332	0.0282
630.467	0.0278948
630.602	0.0277727
630.737	0.0278337
630.872	0.0281389
631.007	0.0272233
631.142	0.028261
631.277	0.0274065
631.412	0.0273454
631.547	0.0272844
631.682	0.0278337
631.817	0.0268571
631.952	0.0275896
632.087	0.0275285
632.222	0.028261
632.357	0.0275896
632.492	0.028322
632.627	0.0277727
632.762	0.0277117
632.897	0.0286883
633.032	0.0278948
633.167	0.0277117
633.302	0.0286272
633.437	0.0277117
633.572	0.0281389
633.707	0.0274065
633.842	0.0272844
633.978	0.0284441
634.113	0.0286272
634.248	0.0286883
634.383	0.0277727
634.518	0.0274065
634.653	0.0265519
634.788	0.0282
634.923	0.0275285
635.058	0.028261
635.193	0.0272233
635.328	0.0274065
635.463	0.0286272
635.598	0.0272844
635.733	0.0271013
635.868	0.0280168
636.003	0.0278948
636.138	0.0274065
636.273	0.0277117
636.408	0.0271013
636.543	0.0275896
636.678	0.0276506
636.813	0.0280779
636.948	0.0279558
637.083	0.0277727
637.218	0.0275285
637.353	0.0282
637.488	0.0273454
637.623	0.0277727
637.758	0.0271623
637.893	0.0275896
638.028	0.0277727
638.163	0.0276506
638.298	0.0280168
638.433	0.0280779
638.568	0.0277117
638.703	0.0276506
638.838	0.0275285
638.973	0.0277727
639.108	0.0278948
639.243	0.0286272
639.378	0.0279558
639.513	0.0288714
639.648	0.0274675
639.783	0.0282
639.918	0.0275285
640.053	0.028261
640.188	0.0272844
640.323	0.0272233
640.458	0.0277727
640.593	0.0278337
640.728	0.0273454
640.863	0.028322
640.998	0.0275896
641.133	0.0274675
641.268	0.0278948
641.403	0.0273454
641.538	0.026735
641.673	0.0276506
641.808	0.0269181
641.943	0.0282
642.078	0.0281389
642.213	0.026613
642.348	0.0279558
642.483	0.0271623
642.618	0.0278337
642.753	0.0281389
642.888	0.0275285
643.023	0.0280779
643.158	0.028322
643.293	0.0275896
643.428	0.0277117
643.563	0.0279558
643.698	0.0278337
643.833	0.0271623
643.968	0.0285662
644.103	0.0277727
644.237	0.0278948
644.372	0.0278337
644.507	0.0274065
644.642	0.0272844
644.777	0.026735
644.912	0.0281389
645.047	0.0279558
645.182	0.028322
645.317	0.0275285
645.452	0.0282
645.587	0.0275896
645.722	0.0280168
645.857	0.028322
645.992	0.0280779
646.127	0.0272233
646.262	0.0279558
646.397	0.0277727
646.532	0.028261
646.667	0.0275896
646.802	0.0276506
646.937	0.028322
647.072	0.0275285
647.207	0.0271623
647.342	0.0273454
647.477	0.0277727
647.612	0.0286272
647.747	0.028322
647.882	0.0279558
648.017	0.0277727
648.152	0.0271013
648.287	0.0280779
648.422	0.0274675
648.557	0.0276506
648.692	0.0279558
648.827	0.0274065
648.962	0.0278337
649.097	0.0267961
649.232	0.0280168
649.367	0.0282
649.502	0.0275896
649.637	0.0280779
649.772	0.0280168
649.906	0.0275285
650.041	0.0285052
650.176	0.0280779
650.311	0.0269792
650.446	0.0281389
650.581	0.0279558
650.716	0.0274065
650.851	0.0278948
650.986	0.028261
651.121	0.0286272
651.256	0.0279558
651.391	0.0280168
651.526	0.0269181
651.661	0.0282
651.796	0.0272233
651.931	0.0274065
652.066	0.0285662
652.201	0.0283831
652.336	0.0282
652.471	0.0283831
652.606	0.0280779
652.741	0.0273454
652.876	0.0273454
653.011	0.0272844
653.146	0.0277117
653.281	0.0285052
653.415	0.0272844
653.55	0.0272844
653.685	0.0278948
653.82	0.0278948
653.955	0.0276506
654.09	0.028261
654.225	0.0281389
654.36	0.0278948
654.495	0.0283831
654.63	0.0278337
654.765	0.0271623
654.9	0.0272844
655.035	0.0269181
655.17	0.0275896
655.305	0.0276506
655.44	0.0276506
655.575	0.0274675
655.71	0.0277727
655.845	0.0274065
655.98	0.0280779
656.115	0.028261
656.25	0.0275285
656.384	0.0277117
656.519	0.0267961
656.654	0.0281389
656.789	0.0268571
656.924	0.0273454
657.059	0.0277117
657.194	0.0274065
657.329	0.0272844
657.464	0.0280168
657.599	0.0277727
657.734	0.0277727
657.869	0.0277117
658.004	0.0274065
658.139	0.0280779
658.274	0.0269181
658.409	0.0275896
658.544	0.0279558
658.679	0.028261
658.813	0.0280779
658.948	0.0282
659.083	0.0278948
659.218	0.028322
659.353	0.0273454
659.488	0.0284441
659.623	0.0272844
659.758	0.0272844
659.893	0.0273454
660.028	0.028261
660.163	0.0273454
660.298	0.0277117
660.433	0.0278337
660.568	0.028322
660.703	0.028261
660.838	0.0276506
660.972	0.0278337
661.107	0.028322
661.242	0.0275285
661.377	0.0274065
661.512	0.0281389
661.647	0.0275896
661.782	0.0275285
661.917	0.0280168
662.052	0.026674
662.187	0.0282
662.322	0.0279558
662.457	0.028322
662.592	0.0278337
662.727	0.0275896
662.862	0.0256974
662.996	0.0278948
663.131	0.0274065
663.266	0.028261
663.401	0.0285662
663.536	0.0285052
663.671	0.0274675
663.806	0.0274675
663.941	0.0279558
664.076	0.0281389
664.211	0.026674
664.346	0.0278337
664.481	0.0286272
664.616	0.0278337
664.75	0.0279558
664.885	0.0278948
665.02	0.0275285
665.155	0.0286272
665.29	0.0280168
665.425	0.0282
665.56	0.0277117
665.695	0.0282
665.83	0.0285052
665.965	0.0280779
666.1	0.0282
666.235	0.0274675
666.37	0.0277117
666.504	0.0274065
666.639	0.0288714
666.774	0.0286272
666.909	0.0279558
667.044	0.0274065
667.179	0.0277727
667.314	0.0280779
667.449	0.0275285
667.584	0.0279558
667.719	0.0275285
667.854	0.0277727
667.989	0.0278948
668.123	0.0277117
668.258	0.0281389
668.393	0.0275896
668.528	0.0277117
668.663	0.0277727
668.798	0.028322
668.933	0.0277727
669.068	0.0280168
669.203	0.0277117
669.338	0.0282
669.473	0.0279558
669.607	0.0277117
669.742	0.0283831
669.877	0.0282
670.012	0.0287493
670.147	0.0265519
670.282	0.0277117
670.417	0.0272844
670.552	0.0281389
670.687	0.0276506
670.822	0.0283831
670.957	0.0279558
671.091	0.028322
671.226	0.0276506
671.361	0.0276506
671.496	0.0269181
671.631	0.0274675
671.766	0.026613
671.901	0.0286883
672.036	0.0281389
672.171	0.0272233
672.306	0.0275896
672.44	0.0276506
672.575	0.0268571
672.71	0.0280168
672.845	0.0280168
672.98	0.0274675
673.115	0.0288714
673.25	0.0275285
673.385	0.0277117
673.52	0.0280779
673.655	0.0286272
673.789	0.0275896
673.924	0.0278337
674.059	0.0277117
674.194	0.0273454
674.329	0.0272844
674.464	0.0274675
674.599	0.0275896
674.734	0.0280779
674.869	0.0277117
675.003	0.0272233
675.138	0.0272233
675.273	0.0281389
675.408	0.0271623
675.543	0.0275285
675.678	0.0276506
675.813	0.0277117
675.948	0.0278337
676.083	0.0277727
676.217	0.0288104
676.352	0.0283831
676.487	0.0280779
676.622	0.0268571
676.757	0.0277727
676.892	0.0286272
677.027	0.0279558
677.162	0.0275896
677.297	0.0285662
677.431	0.0280779
677.566	0.0287493
677.701	0.0275285
677.836	0.0272233
677.971	0.0271013
678.106	0.0285662
678.241	0.0285662
678.376	0.0278337
678.511	0.026735
678.645	0.0284441
678.78	0.0270402
678.915	0.028261
679.05	0.0278337
679.185	0.0277727
679.32	0.0280779
679.455	0.0263688
679.59	0.0274065
679.724	0.0275285
679.859	0.0272844
679.994	0.0272844
680.129	0.0277117
680.264	0.0280168
680.399	0.0279558
680.534	0.0271013
680.669	0.0269792
680.803	0.0283831
680.938	0.0281389
681.073	0.0279558
681.208	0.0279558
681.343	0.0280168
681.478	0.0284441
681.613	0.0280168
681.748	0.0285052
681.882	0.0275285
682.017	0.0282
682.152	0.0278948
682.287	0.0271623
682.422	0.0277727
682.557	0.0276506
682.692	0.0285662
682.827	0.0285052
682.961	0.0277117
683.096	0.0273454
683.231	0.0287493
683.366	0.0276506
683.501	0.0277727
683.636	0.0272233
683.771	0.0277727
683.906	0.0277117
684.04	0.0280779
684.175	0.0280779
684.31	0.028322
684.445	0.0276506
684.58	0.0285662
684.715	0.0268571
684.85	0.0288714
684.984	0.0274675
685.119	0.028261
685.254	0.0263688
685.389	0.0278337
685.524	0.0275896
685.659	0.0278948
685.794	0.0279558
685.928	0.0280168
686.063	0.0278337
686.198	0.0285052
686.333	0.028322
686.468	0.0272844
686.603	0.0275896
686.738	0.0272844
686.872	0.0277117
687.007	0.0279558
687.142	0.0283831
687.277	0.0271623
687.412	0.0275896
687.547	0.0280779
687.682	0.0279558
687.816	0.0280168
687.951	0.0274675
688.086	0.0280168
688.221	0.0274675
688.356	0.0278337
688.491	0.0276506
688.626	0.0273454
688.76	0.028322
688.895	0.0269181
689.03	0.0286272
689.165	0.0277117
689.3	0.0277117
689.435	0.0283831
689.57	0.0275896
689.704	0.0276506
689.839	0.0279558
689.974	0.0276506
690.109	0.028261
690.244	0.0277117
690.379	0.0274675
690.513	0.0285052
690.648	0.0275285
690.783	0.0272844
690.918	0.0274675
691.053	0.0276506
691.188	0.0277117
691.323	0.0276506
691.457	0.0278948
691.592	0.0279558
691.727	0.0277117
691.862	0.0285052
691.997	0.0279558
692.132	0.0280168
692.266	0.026613
692.401	0.028322
692.536	0.0277117
692.671	0.0275896
692.806	0.028261
692.941	0.0269181
693.075	0.028322
693.21	0.0279558
693.345	0.0275285
693.48	0.0275896
693.615	0.0275285
693.75	0.0275896
693.885	0.0275896
694.019	0.0281389
694.154	0.0277117
694.289	0.0278337
694.424	0.0275896
694.559	0.0264909
694.694	0.0275896
694.828	0.0273454
694.963	0.0274675
695.098	0.0280168
695.233	0.0269181
695.368	0.0275896
695.503	0.0277727
695.637	0.0276506
695.772	0.0285052
695.907	0.0286883
696.042	0.0275896
696.177	0.0272844
696.312	0.0278337
696.446	0.0288714
696.581	0.0279558
696.716	0.0281389
696.851	0.0279558
696.986	0.0280168
697.12	0.0274065
697.255	0.0278337
697.39	0.0280168
697.525	0.0275285
697.66	0.0282
697.795	0.0274675
697.929	0.0278337
698.064	0.0279558
698.199	0.0285662
698.334	0.0286272
698.469	0.0271013
698.604	0.0278337
698.738	0.0280779
698.873	0.0282
699.008	0.0274065
699.143	0.0284441
699.278	0.0277117
699.412	0.0276506
699.547	0.0274065
699.682	0.0271623
699.817	0.0277727
699.952	0.0281389
700.087	0.0280779
700.221	0.0281389
700.356	0.0276506
700.491	0.0278948
700.626	0.0273454
700.761	0.0275285
700.895	0.0275896
701.03	0.0278337
701.165	0.0276506
701.3	0.0279558
701.435	0.0283831
701.57	0.028322
701.704	0.0272844
701.839	0.0281389
701.974	0.0272233
702.109	0.0278337
702.244	0.0281389
702.378	0.0278948
702.513	0.0291155
702.648	0.0279558
702.783	0.0279558
702.918	0.0272844
703.052	0.0278948
703.187	0.0269792
703.322	0.0284441
703.457	0.0275285
703.592	0.0277117
703.727	0.0277727
703.861	0.0278948
703.996	0.0279558
704.131	0.0278337
704.266	0.0269792
704.401	0.028322
704.535	0.0275285
704.67	0.0277727
704.805	0.0280779
704.94	0.0275896
705.075	0.0278337
705.209	0.0277727
705.344	0.0281389
705.479	0.0280168
705.614	0.0282
705.749	0.0283831
705.883	0.0277727
706.018	0.0283831
706.153	0.0288104
706.288	0.0278948
706.423	0.0273454
706.557	0.0279558
706.692	0.0275285
706.827	0.028261
706.962	0.0281389
707.097	0.0280779
707.231	0.0279558
707.366	0.0280779
707.501	0.0278337
707.636	0.028261
707.771	0.0272844
707.905	0.0268571
708.04	0.0280168
708.175	0.0277727
708.31	0.028322
708.445	0.0275896
708.579	0.0274065
708.714	0.0276506
708.849	0.0280168
708.984	0.0275896
709.118	0.0274065
709.253	0.0274675
709.388	0.0278948
709.523	0.0275285
709.658	0.0280168
709.792	0.0280168
709.927	0.0275896
710.062	0.0279558
710.197	0.0278948
710.332	0.0278337
710.466	0.0277117
710.601	0.0275896
710.736	0.0281389
710.871	0.028322
711.006	0.0271623
711.14	0.0271623
711.275	0.0271013
711.41	0.0270402
711.545	0.0278337
711.679	0.0274065
711.814	0.0282
711.949	0.0278948
712.084	0.0278337
712.219	0.0276506
712.353	0.0278337
712.488	0.028261
712.623	0.0272844
712.758	0.0283831
712.892	0.0278337
713.027	0.0277727
713.162	0.0283831
713.297	0.0285052
713.432	0.0278948
713.566	0.0274675
713.701	0.0280779
713.836	0.0272844
713.971	0.0281389
714.105	0.0279558
714.24	0.0277727
714.375	0.0283831
714.51	0.028322
714.645	0.0275896
714.779	0.0277117
714.914	0.0276506
715.049	0.0287493
715.184	0.0277727
715.318	0.0277727
715.453	0.0269181
715.588	0.0280168
715.723	0.0278337
715.858	0.0281389
715.992	0.0278948
716.127	0.028322
716.262	0.0281389
716.397	0.0285052
716.531	0.0280168
716.666	0.0273454
716.801	0.0287493
716.936	0.0281389
717.07	0.0280779
717.205	0.0285052
717.34	0.028261
717.475	0.0273454
717.61	0.0272233
717.744	0.0274065
717.879	0.0271623
718.014	0.0276506
718.149	0.0276506
718.283	0.0276506
718.418	0.0279558
718.553	0.0283831
718.688	0.0275285
718.822	0.0286883
718.957	0.0275285
719.092	0.0280168
719.227	0.0281389
719.361	0.0274065
719.496	0.0282
719.631	0.028261
719.766	0.0274675
719.9	0.0278948
720.035	0.0277727
720.17	0.0278948
720.305	0.0285662
720.44	0.0288104
720.574	0.0269792
720.709	0.0274065
720.844	0.0267961
720.979	0.0272844
721.113	0.0282
721.248	0.0282
721.383	0.0274675
721.518	0.0280168
721.652	0.0272233
721.787	0.028261
721.922	0.0282
722.057	0.028322
722.191	0.0271013
722.326	0.0281389
722.461	0.0275285
722.596	0.0274065
722.73	0.0274675
722.865	0.0278948
723	0.0275285
723.135	0.0272844
723.269	0.0280168
723.404	0.0280779
723.539	0.0275896
723.674	0.0271623
723.808	0.0284441
723.943	0.028322
724.078	0.0280168
724.213	0.0271013
724.347	0.0274065
724.482	0.0272233
724.617	0.0285052
724.752	0.0275285
724.886	0.0275285
725.021	0.0275896
725.156	0.0278337
725.291	0.0277727
725.425	0.0278948
725.56	0.0280168
725.695	0.0274675
725.829	0.0273454
725.964	0.0279558
726.099	0.0279558
726.234	0.0267961
726.368	0.028322
726.503	0.0271013
726.638	0.0271623
726.773	0.0277727
726.907	0.0277117
727.042	0.0284441
727.177	0.0279558
727.312	0.0271623
727.446	0.028322
727.581	0.0282
727.716	0.0280779
727.851	0.028261
727.985	0.0267961
728.12	0.0276506
728.255	0.0270402
728.389	0.0280779
728.524	0.0292376
728.659	0.0276506
728.794	0.0276506
728.928	0.0277727
729.063	0.0273454
729.198	0.0274675
729.333	0.0280779
729.467	0.0286883
729.602	0.0285052
729.737	0.0271623
729.872	0.0277117
730.006	0.0277727
730.141	0.0275285
730.276	0.0276506
730.41	0.0277117
730.545	0.0270402
730.68	0.0271013
730.815	0.0279558
730.949	0.0282
731.084	0.0274065
731.219	0.0272844
731.354	0.0275896
731.488	0.0277117
731.623	0.0282
731.758	0.0280779
731.892	0.0278948
732.027	0.0279558
732.162	0.0270402
732.297	0.0277727
732.431	0.0274675
732.566	0.0277727
732.701	0.0278337
732.835	0.0270402
732.97	0.0275285
733.105	0.0276506
733.24	0.0269792
733.374	0.0277117
733.509	0.0273454
733.644	0.0284441
733.779	0.0282
733.913	0.0277727
734.048	0.0274675
734.183	0.0272844
734.317	0.0284441
734.452	0.0277727
734.587	0.0284441
734.722	0.0275285
734.856	0.0274675
734.991	0.0277727
735.126	0.0277727
735.26	0.0290545
735.395	0.0276506
735.53	0.0279558
735.665	0.0273454
735.799	0.0276506
735.934	0.0288104
736.069	0.0279558
736.203	0.0271623
736.338	0.0275285
736.473	0.0276506
736.607	0.0278337
736.742	0.0268571
736.877	0.0278948
737.012	0.0280168
737.146	0.0278337
737.281	0.0273454
737.416	0.0278337
737.55	0.0286883
737.685	0.0276506
737.82	0.0275285
737.955	0.0273454
738.089	0.0280779
738.224	0.0277727
738.359	0.0279558
738.493	0.0284441
738.628	0.0283831
738.763	0.0274675
738.897	0.0281389
739.032	0.0290545
739.167	0.0270402
739.302	0.0275285
739.436	0.0282
739.571	0.0288104
739.706	0.0279558
739.84	0.0277727
739.975	0.0280168
740.11	0.0279558
740.244	0.0283831
740.379	0.0278337
740.514	0.0268571
740.649	0.0269181
740.783	0.0281389
740.918	0.0276506
741.053	0.0278337
741.187	0.0278337
741.322	0.0277727
741.457	0.0276506
741.591	0.0275285
741.726	0.0285052
741.861	0.0279558
741.996	0.0272233
742.13	0.0278948
742.265	0.0280168
742.4	0.0276506
742.534	0.0273454
742.669	0.0272844
742.804	0.0276506
742.938	0.0286883
743.073	0.0276506
743.208	0.0280168
743.342	0.0280168
743.477	0.0275896
743.612	0.0275896
743.747	0.028261
743.881	0.0279558
744.016	0.0272233
744.151	0.0280779
744.285	0.0288104
744.42	0.0282
744.555	0.0278948
744.689	0.0283831
744.824	0.0274675
744.959	0.0281389
745.093	0.0275285
745.228	0.0271623
745.363	0.0276506
745.497	0.0278948
745.632	0.0272233
745.767	0.0276506
745.901	0.0274675
746.036	0.0284441
746.171	0.0275896
746.305	0.0277727
746.44	0.0275896
746.575	0.0276506
746.71	0.0275896
746.844	0.0278337
746.979	0.028322
747.114	0.0280168
747.248	0.0285052
747.383	0.028261
747.518	0.0275285
747.652	0.0277117
747.787	0.0271623
747.922	0.0274675
748.056	0.0274065
748.191	0.0277727
748.326	0.0283831
748.46	0.0278337
748.595	0.0275896
748.73	0.0277117
748.864	0.0280168
748.999	0.0283831
749.134	0.0280779
749.268	0.0278948
749.403	0.0273454
749.538	0.0276506
749.672	0.0275896
749.807	0.0281389
749.942	0.0277727
750.076	0.0279558
750.211	0.0283831
750.346	0.0280168
750.48	0.0280168
750.615	0.0278948
750.75	0.0278948
750.884	0.0273454
751.019	0.0275896
751.154	0.0274675
751.288	0.0277117
751.423	0.0278337
751.558	0.0278948
751.692	0.0277117
751.827	0.0272844
751.962	0.0279558
752.096	0.0269792
752.231	0.0274065
752.366	0.0274065
752.5	0.0272844
752.635	0.0277727
752.77	0.0277117
752.904	0.0280168
753.039	0.0280168
753.174	0.0285052
753.308	0.0274065
753.443	0.0289935
753.578	0.0280168
753.712	0.0274065
753.847	0.0280168
753.982	0.0273454
754.116	0.0275896
754.251	0.0277117
754.386	0.0287493
754.52	0.0276506
754.655	0.0278337
754.79	0.0277117
754.924	0.0284441
755.059	0.0271013
755.194	0.0288104
755.328	0.0271013
755.463	0.0279558
755.597	0.0272233
755.732	0.0277727
755.867	0.0282
756.001	0.026735
756.136	0.0280168
756.271	0.0278337
756.405	0.0272233
756.54	0.0280779
756.675	0.0269792
756.809	0.0282
756.944	0.0271623
757.079	0.0276506
757.213	0.0274675
757.348	0.0274675
757.483	0.0272844
757.617	0.0276506
757.752	0.0280779
757.887	0.0280168
758.021	0.0275896
758.156	0.0278948
758.29	0.026735
758.425	0.0283831
758.56	0.0280779
758.694	0.0278948
758.829	0.0275285
758.964	0.0284441
759.098	0.028322
759.233	0.0280168
759.368	0.0280779
759.502	0.0277727
759.637	0.0285662
759.772	0.0280779
759.906	0.0286272
760.041	0.028261
760.175	0.0280168
760.31	0.0284441
760.445	0.0274065
760.579	0.028261
760.714	0.026613
760.849	0.0275285
760.983	0.0278337
761.118	0.0283831
761.253	0.0270402
761.387	0.0280779
761.522	0.0268571
761.656	0.0278337
761.791	0.0274065
761.926	0.0272844
762.06	0.0277117
762.195	0.0279558
762.33	0.0275285
762.464	0.0274065
762.599	0.0278948
762.733	0.028261
762.868	0.0278948
763.003	0.0280168
763.137	0.0277727
763.272	0.0285052
763.407	0.028261
763.541	0.0281389
763.676	0.0280779
763.811	0.0281389
763.945	0.0271623
764.08	0.0280168
764.214	0.0274675
764.349	0.0279558
764.484	0.0280779
764.618	0.0277117
764.753	0.0277117
764.888	0.0271013
765.022	0.0277727
765.157	0.0279558
765.291	0.0279558
765.426	0.0275285
765.561	0.0279558
765.695	0.0275896
765.83	0.0271623
765.965	0.0275896
766.099	0.0277727
766.234	0.0279558
766.368	0.028322
766.503	0.0274675
766.638	0.0282
766.772	0.0271623
766.907	0.0274065
767.041	0.0274675
767.176	0.0270402
767.311	0.0279558
767.445	0.0272233
767.58	0.0277727
767.715	0.0269792
767.849	0.0285662
767.984	0.0270402
768.118	0.0277117
768.253	0.0275285
768.388	0.0276506
768.522	0.0272844
768.657	0.0281389
768.791	0.0278337
768.926	0.0275896
769.061	0.0279558
769.195	0.0285052
769.33	0.0269792
769.465	0.0280168
769.599	0.0274675
769.734	0.0274065
769.868	0.0276506
770.003	0.0276506
770.138	0.0272844
770.272	0.0277117
770.407	0.0280168
770.541	0.0278948
770.676	0.0277727
770.811	0.0286272
770.945	0.0283831
771.08	0.0278337
771.214	0.0277727
771.349	0.0276506
771.484	0.0272233
771.618	0.0264298
771.753	0.028322
771.887	0.028261
772.022	0.0274675
772.157	0.0277117
772.291	0.0272844
772.426	0.0283831
772.56	0.0271013
772.695	0.0279558
772.83	0.0280168
772.964	0.0280779
773.099	0.0277117
773.233	0.0274675
773.368	0.0288104
773.503	0.0278948
773.637	0.0280168
773.772	0.0273454
773.906	0.0275896
774.041	0.0281389
774.176	0.0273454
774.31	0.0278337
774.445	0.0280168
774.579	0.0274065
774.714	0.0271013
774.849	0.0277727
774.983	0.0286883
775.118	0.0274065
775.252	0.0276506
775.387	0.0279558
775.522	0.0274065
775.656	0.0282
775.791	0.0277117
775.925	0.0274065
776.06	0.0282
776.195	0.0275896
776.329	0.0269792
776.464	0.0278337
776.598	0.0277727
776.733	0.0275285
776.868	0.0277727
777.002	0.0272233
777.137	0.0272233
777.271	0.0279558
777.406	0.0278337
777.54	0.0285662
777.675	0.0271623
777.81	0.0272844
777.944	0.0284441
778.079	0.0275896
778.213	0.0274065
778.348	0.0272844
778.483	0.0284441
778.617	0.028322
778.752	0.0272844
778.886	0.0275896
779.021	0.0273454
779.155	0.028322
779.29	0.0274675
779.425	0.0285662
779.559	0.0286883
779.694	0.028322
779.828	0.0279558
779.963	0.0274675
780.098	0.0279558
780.232	0.0278948
780.367	0.0278948
780.501	0.0276506
780.636	0.0273454
780.77	0.0276506
780.905	0.0283831
781.04	0.0273454
781.174	0.028261
781.309	0.0278948
781.443	0.0278337
781.578	0.0280779
781.712	0.0273454
781.847	0.0286883
781.982	0.0276506
782.116	0.0285662
782.251	0.0278948
782.385	0.0279558
782.52	0.0275285
782.654	0.0284441
782.789	0.0268571
782.924	0.0272844
783.058	0.0275285
783.193	0.0274065
783.327	0.0274675
783.462	0.0280168
783.596	0.0279558
783.731	0.0275896
783.866	0.0282
784	0.0269792
784.135	0.0283831
784.269	0.028261
784.404	0.0277727
784.538	0.0281389
784.673	0.0271623
784.808	0.0274065
784.942	0.0272233
785.077	0.0280779
785.211	0.026735
785.346	0.0270402
785.48	0.0275285
785.615	0.028261
785.75	0.0281389
785.884	0.0275896
786.019	0.0275285
786.153	0.0276506
786.288	0.0278337
786.422	0.0286883
786.557	0.0279558
786.691	0.0277117
786.826	0.0280779
786.961	0.0269792
787.095	0.0277117
787.23	0.0276506
787.364	0.0286272
787.499	0.0275285
787.633	0.0277727
787.768	0.0274675
787.902	0.0278948
788.037	0.0280779
788.172	0.0271013
788.306	0.0275285
788.441	0.0270402
788.575	0.0284441
788.71	0.0289324
788.844	0.028322
788.979	0.0271013
789.113	0.028261
789.248	0.0272233
789.383	0.0277727
789.517	0.0283831
789.652	0.0280168
789.786	0.0279558
789.921	0.0278948
790.055	0.0280168
790.19	0.0286272
790.324	0.0275285
790.459	0.028322
790.594	0.0272844
790.728	0.0278948
790.863	0.0275285
790.997	0.0272233
791.132	0.0270402
791.266	0.0275896
791.401	0.0291766
791.535	0.0280779
791.67	0.028322
791.804	0.0272233
791.939	0.0284441
792.074	0.0275896
792.208	0.0277727
792.343	0.0277117
792.477	0.028261
792.612	0.0278948
792.746	0.0271013
792.881	0.0275896
793.015	0.0274675
793.15	0.028261
793.284	0.0282
793.419	0.0277117
793.553	0.0282
793.688	0.0278337
793.823	0.0280168
793.957	0.0277727
794.092	0.0274675
794.226	0.0278948
794.361	0.0274675
794.495	0.0274675
794.63	0.0277727
794.764	0.0276506
794.899	0.0277117
795.033	0.0280168
795.168	0.0276506
795.302	0.0286272
795.437	0.0275896
795.572	0.0272233
795.706	0.0291155
795.841	0.0289324
795.975	0.0280168
796.11	0.0278337
796.244	0.0271623
796.379	0.0280168
796.513	0.0277117
796.648	0.0278948
796.782	0.0280779
796.917	0.0285662
797.051	0.0277727
797.186	0.0285052
797.32	0.0281389
797.455	0.0277727
797.589	0.0284441
797.724	0.0277117
797.859	0.0274065
797.993	0.028261
798.128	0.0277727
798.262	0.0285052
798.397	0.0289324
798.531	0.028261
798.666	0.0271623
798.8	0.0278337
798.935	0.0277727
799.069	0.0279558
799.204	0.0277727
799.338	0.0286272
799.473	0.0278337
799.607	0.0281389
799.742	0.028261
799.876	0.0274065
800.011	0.0278948
800.145	0.0278948
800.28	0.0283831
800.414	0.0280168
800.549	0.0285052
800.683	0.0281389
800.818	0.0276506
800.953	0.0287493
801.087	0.0291766
801.222	0.0274065
801.356	0.0288714
801.491	0.0285662
801.625	0.0283831
801.76	0.0277117
801.894	0.0292376
802.029	0.0291766
802.163	0.0287493
802.298	0.0281389
802.432	0.0283831
802.567	0.0281389
802.701	0.0292376
802.836	0.028261
802.97	0.028261
803.105	0.0274065
803.239	0.0281389
803.374	0.0284441
803.508	0.0278337
803.643	0.0273454
803.777	0.028322
803.912	0.0280168
804.046	0.0277727
804.181	0.0284441
804.315	0.0280779
804.45	0.0289935
804.584	0.0275896
804.719	0.0282
804.853	0.0292987
804.988	0.0279558
805.122	0.0286272
805.257	0.0280779
805.391	0.0281389
805.526	0.0283831
805.66	0.0283831
805.795	0.0293597
805.929	0.0291155
806.064	0.0291766
806.198	0.0289324
806.333	0.0299091
806.467	0.0289935
806.602	0.0286272
806.736	0.0289935
806.871	0.0291155
807.005	0.0290545
807.14	0.0278337
807.274	0.028261
807.409	0.0292987
807.543	0.0295428
807.678	0.0288104
807.812	0.0299091
807.947	0.0290545
808.081	0.0297259
808.216	0.0303974
808.35	0.0302142
808.485	0.0300922
808.619	0.0305805
808.754	0.029787
808.888	0.0293597
809.023	0.0296039
809.157	0.0299701
809.292	0.0303363
809.426	0.0307026
809.561	0.0299701
809.695	0.0301532
809.83	0.0307026
809.964	0.0305194
810.099	0.0300311
810.233	0.0315571
810.368	0.031435
810.502	0.0321675
810.637	0.0314961
810.771	0.0317402
810.906	0.0325337
811.04	0.0331441
811.175	0.0325337
811.309	0.032961
811.444	0.0333883
811.578	0.0341207
811.713	0.0350974
811.847	0.0360129
811.982	0.0352194
812.116	0.0357077
812.251	0.0384545
812.385	0.0382103
812.519	0.0390649
812.654	0.0415675
812.788	0.0426051
812.923	0.0445584
813.057	0.0454129
813.192	0.0491363
813.326	0.174144
813.461	0.917659
813.595	1
813.73	1
813.864	1
813.999	1
814.133	1
814.268	1
814.402	1
814.537	1
814.671	1
814.806	1
814.94	1
815.075	1
815.209	0.998108
815.344	1
815.478	0.992919
815.612	0.997375
815.747	0.986755
815.881	0.991699
816.016	0.977965
816.15	0.981932
816.285	0.964475
816.419	0.964231
816.554	0.927425
816.688	0.393396
816.823	0.201795
816.957	0.127876
817.092	0.076909
817.226	0.0574986
817.361	0.0506012
817.495	0.0457181
817.63	0.0637246
817.764	0.0756882
817.898	0.0639077
818.033	0.0412012
818.167	0.0378441
818.302	0.0367454
818.436	0.0357077
818.571	0.0347922
818.705	0.0344259
818.84	0.0351584
818.974	0.0332662
819.109	0.0329
819.243	0.0324116
819.378	0.0318013
819.512	0.0327168
819.646	0.0325948
819.781	0.0321675
819.915	0.0311909
820.05	0.0318623
820.184	0.0319844
820.319	0.0311298
820.453	0.0303974
820.588	0.0302753
820.722	0.0303974
820.857	0.0296649
820.991	0.0308246
821.126	0.0297259
821.26	0.0296649
821.394	0.029848
821.529	0.0294818
821.663	0.0280779
821.798	0.0294818
821.932	0.029787
822.067	0.0292376
822.201	0.0291155
822.336	0.0289324
822.47	0.0292987
822.605	0.0296649
822.739	0.0285662
822.873	0.0285052
823.008	0.0292376
823.142	0.0283831
823.277	0.0291155
823.411	0.0295428
823.546	0.0285662
823.68	0.0285662
823.815	0.0294207
823.949	0.0288104
824.083	0.0291155
824.218	0.0285052
824.352	0.0277727
824.487	0.0286883
824.621	0.0285052
824.756	0.0285662
824.89	0.0293597
825.025	0.0282
825.159	0.0292987
825.293	0.0280168
825.428	0.028261
825.562	0.0286272
825.697	0.0290545
825.831	0.0281389
825.966	0.0283831
826.1	0.0278948
826.235	0.0280168
826.369	0.0283831
826.503	0.0292987
826.638	0.0275285
826.772	0.0286272
826.907	0.0280779
827.041	0.0280168
827.176	0.0280779
827.31	0.0282
827.445	0.0282
827.579	0.028261
827.713	0.0279558
827.848	0.0285052
827.982	0.0284441
828.117	0.0279558
828.251	0.0286272
828.386	0.0276506
828.52	0.0278948
828.654	0.0274065
828.789	0.028261
828.923	0.0275285
829.058	0.0279558
829.192	0.0274675
829.327	0.0282
829.461	0.0277727
829.596	0.0278948
829.73	0.0275285
829.864	0.0271623
829.999	0.0285662
830.133	0.0275285
830.268	0.0285662
830.402	0.0278337
830.537	0.028261
830.671	0.0275285
830.805	0.0280168
830.94	0.0285052
831.074	0.0279558
831.209	0.028261
831.343	0.028322
831.478	0.0274065
831.612	0.0286883
831.746	0.0285662
831.881	0.0287493
832.015	0.026674
832.15	0.0278948
832.284	0.0276506
832.418	0.0274065
832.553	0.0278948
832.687	0.0276506
832.822	0.0282
832.956	0.0277727
833.091	0.0277727
833.225	0.0273454
833.359	0.0285052
833.494	0.0284441
833.628	0.0279558
833.763	0.0278337
833.897	0.0291766
834.032	0.0281389
834.166	0.0275896
834.3	0.028322
834.435	0.0276506
834.569	0.0275285
834.704	0.0276506
834.838	0.0276506
834.972	0.0278337
835.107	0.0276506
835.241	0.0270402
835.376	0.0283831
835.51	0.0289935
835.645	0.0281389
835.779	0.028322
835.913	0.0273454
836.048	0.0278948
836.182	0.0275285
836.317	0.0285052
836.451	0.0275896
836.585	0.0281389
836.72	0.0272844
836.854	0.0279558
836.989	0.0273454
837.123	0.0278948
837.257	0.0278948
837.392	0.0279558
837.526	0.0283831
837.661	0.0280779
837.795	0.0269181
837.929	0.0279558
838.064	0.0276506
838.198	0.0278948
838.333	0.0274065
838.467	0.0274675
838.602	0.0279558
838.736	0.0275285
838.87	0.0277117
839.005	0.0283831
839.139	0.0277117
839.274	0.0282
839.408	0.0280168
839.542	0.0277117
839.677	0.0269792
839.811	0.0278337
839.946	0.0274675
840.08	0.0273454
840.214	0.0277117
840.349	0.0278337
840.483	0.0280168
840.618	0.0280779
840.752	0.028322
840.886	0.0280168
841.021	0.0277117
841.155	0.0271623
841.29	0.0285662
841.424	0.0278337
841.558	0.028322
841.693	0.028261
841.827	0.0281389
841.961	0.0277117
842.096	0.0278948
842.23	0.026613
842.365	0.0281389
842.499	0.0281389
842.633	0.028322
842.768	0.0277117
842.902	0.0279558
843.037	0.0281389
843.171	0.0277117
843.305	0.0275285
843.44	0.028261
843.574	0.0274065
843.709	0.0276506
843.843	0.0277727
843.977	0.0269792
844.112	0.0279558
844.246	0.0288714
844.381	0.0280779
844.515	0.0271013
844.649	0.0278948
844.784	0.0276506
844.918	0.0285052
845.052	0.0277727
845.187	0.0279558
845.321	0.0285662
845.456	0.0277727
845.59	0.0274065
845.724	0.026735
845.859	0.0278948
845.993	0.0277117
846.128	0.0277727
846.262	0.0273454
846.396	0.0274675
846.531	0.0278337
846.665	0.0274675
846.799	0.0284441
846.934	0.0277117
847.068	0.0278948
847.203	0.0278948
847.337	0.0278337
847.471	0.0274065
847.606	0.0274065
847.74	0.0285052
847.874	0.0273454
848.009	0.028261
848.143	0.0285052
848.278	0.0278948
848.412	0.0276506
848.546	0.0294818
848.681	0.0275285
848.815	0.0281389
848.949	0.0275896
849.084	0.0274065
849.218	0.0273454
849.353	0.0280779
849.487	0.0286272
849.621	0.0277727
849.756	0.0279558
849.89	0.0284441
850.024	0.0280168
850.159	0.0278337
850.293	0.0275285
850.428	0.0276506
850.562	0.0281389
850.696	0.028261
850.831	0.0282
850.965	0.0277727
851.099	0.0272844
851.234	0.0277727
851.368	0.0272233
851.502	0.0270402
851.637	0.0279558
851.771	0.0283831
851.906	0.028322
852.04	0.0286272
852.174	0.0286272
852.309	0.0274675
852.443	0.0278948
852.577	0.0275896
852.712	0.0276506
852.846	0.0286272
852.98	0.0277117
853.115	0.0281389
853.249	0.0272844
853.384	0.0270402
853.518	0.0274675
853.652	0.0277727
853.787	0.0285662
853.921	0.0281389
854.055	0.0280779
854.19	0.0279558
854.324	0.0280779
854.458	0.0279558
854.593	0.0276506
854.727	0.0280168
854.861	0.0274675
854.996	0.0279558
855.13	0.0270402
855.265	0.0271623
855.399	0.0274065
855.533	0.0277727
855.668	0.0271623
855.802	0.0283831
855.936	0.0278337
856.071	0.0269181
856.205	0.0282
856.339	0.0271013
856.474	0.0275285
856.608	0.0280779
856.742	0.0277727
856.877	0.0278337
857.011	0.0283831
857.145	0.0269181
857.28	0.0277727
857.414	0.0286883
857.549	0.0280168
857.683	0.0277117
857.817	0.0280779
857.952	0.0281389
858.086	0.0278337
858.22	0.0279558
858.355	0.0278337
858.489	0.0283831
858.623	0.0274065
858.758	0.0284441
858.892	0.0278337
859.026	0.0275285
859.161	0.0275285
859.295	0.0280168
859.429	0.028322
859.564	0.0267961
859.698	0.0278337
859.832	0.0272844
859.967	0.0279558
860.101	0.0279558
860.235	0.0278337
860.37	0.0278948
860.504	0.0269792
860.638	0.0280168
860.773	0.0275896
860.907	0.0283831
861.041	0.0276506
861.176	0.0277117
861.31	0.0277727
861.444	0.0280168
861.579	0.0277117
861.713	0.0278337
861.847	0.0276506
861.982	0.0287493
862.116	0.0280168
862.25	0.0278337
862.385	0.026674
862.519	0.0277727
862.653	0.0277727
862.788	0.0267961
862.922	0.0274065
863.056	0.0278337
863.191	0.0275285
863.325	0.0282
863.459	0.0269181
863.594	0.0282
863.728	0.0278948
863.862	0.0271013
863.997	0.0271623
864.131	0.0280168
864.265	0.0280168
864.4	0.0279558
864.534	0.028322
864.668	0.0274065
864.803	0.0276506
864.937	0.028322
865.071	0.0275896
865.206	0.0277117
865.34	0.0272233
865.474	0.0270402
865.609	0.0284441
865.743	0.028261
865.877	0.0278337
866.012	0.0282
866.146	0.0277117
866.28	0.0288104
866.415	0.0275285
866.549	0.0273454
866.683	0.0277117
866.818	0.0283831
866.952	0.0276506
867.086	0.0280168
867.221	0.0280168
867.355	0.0281389
867.489	0.0274675
867.623	0.0288104
867.758	0.0282
867.892	0.0281389
868.026	0.0268571
868.161	0.0273454
868.295	0.0278948
868.429	0.0279558
868.564	0.0277727
868.698	0.0275285
868.832	0.0271013
868.967	0.0281389
869.101	0.0277117
869.235	0.0277117
869.37	0.028322
869.504	0.0272844
869.638	0.0269792
869.773	0.0279558
869.907	0.0274065
870.041	0.0273454
870.175	0.0282
870.31	0.0274675
870.444	0.0274675
870.578	0.028322
870.713	0.0277727
870.847	0.0267961
870.981	0.0271013
871.116	0.0271623
871.25	0.0277117
871.384	0.0280168
871.519	0.0277727
871.653	0.0272844
871.787	0.028322
871.921	0.0279558
872.056	0.0276506
872.19	0.0289935
872.324	0.0280779
872.459	0.0276506
872.593	0.0270402
872.727	0.0278948
872.862	0.0280168
872.996	0.0274065
873.13	0.0278948
873.264	0.0275896
873.399	0.0276506
873.533	0.0276506
873.667	0.0274675
873.802	0.0272844
873.936	0.0275285
874.07	0.0281389
874.205	0.0273454
874.339	0.0278948
874.473	0.0289935
874.607	0.0278337
874.742	0.0269792
874.876	0.0277727
875.01	0.0277117
875.145	0.028261
875.279	0.0277727
875.413	0.0277117
875.548	0.0280168
875.682	0.0293597
875.816	0.0276506
875.95	0.0280779
876.085	0.0277117
876.219	0.0271623
876.353	0.0277727
876.488	0.0278337
876.622	0.0276506
876.756	0.0285052
876.89	0.0274675
877.025	0.0278337
877.159	0.0279558
877.293	0.0276506
877.428	0.0278337
877.562	0.0273454
877.696	0.0280168
877.83	0.0276506
877.965	0.0278337
878.099	0.0275285
878.233	0.0286883
878.368	0.0272844
878.502	0.0280168
878.636	0.0277117
878.77	0.028261
878.905	0.0282
879.039	0.0272233
879.173	0.0278948
879.308	0.0285052
879.442	0.0272844
879.576	0.0288714
879.71	0.0292376
879.845	0.0274675
879.979	0.0275896
880.113	0.0280168
880.248	0.0289935
880.382	0.0276506
880.516	0.0277117
880.65	0.0280168
880.785	0.0277117
880.919	0.0275896
881.053	0.0281389
881.188	0.0280168
881.322	0.0272844
881.456	0.0278337
881.59	0.0282
881.725	0.0284441
881.859	0.028261
881.993	0.0276506
882.127	0.0272844
882.262	0.0288714
882.396	0.0274675
882.53	0.0278948
882.665	0.0275896
882.799	0.0263078
882.933	0.0276506
883.067	0.0275896
883.202	0.0284441
883.336	0.0275285
883.47	0.0284441
883.604	0.0272844
883.739	0.0278948
883.873	0.0269792
884.007	0.0273454
884.142	0.0275285
884.276	0.0278948
884.41	0.0276506
884.544	0.0272844
884.679	0.0283831
884.813	0.0269792
884.947	0.0277727
885.081	0.0278948
885.216	0.0278337
885.35	0.0275896
885.484	0.0285662
885.618	0.0282
885.753	0.0285662
885.887	0.0278948
886.021	0.0278337
886.155	0.0272233
886.29	0.0276506
886.424	0.0277727
886.558	0.0282
886.693	0.0278948
886.827	0.026613
886.961	0.0272233
887.095	0.0278337
887.23	0.0274675
887.364	0.0277117
887.498	0.0282
887.632	0.0265519
887.767	0.0279558
887.901	0.0277117
888.035	0.0276506
888.169	0.0274675
888.304	0.0277727
888.438	0.0279558
888.572	0.0270402
888.706	0.0286883
888.841	0.0272844
888.975	0.0278337
889.109	0.0279558
889.243	0.0281389
889.378	0.0277117
889.512	0.0272844
889.646	0.0281389
889.78	0.0284441
889.915	0.0274065
890.049	0.0277117
890.183	0.0278948
890.317	0.0280168
890.452	0.028261
890.586	0.0278337
890.72	0.0275896
890.854	0.028261
890.989	0.0280168
891.123	0.028261
891.257	0.0282
891.391	0.0278948
891.526	0.028261
891.66	0.0287493
891.794	0.028261
891.928	0.028322
892.063	0.0280168
892.197	0.0282
892.331	0.0276506
892.465	0.0271013
892.6	0.0280168
892.734	0.0276506
892.868	0.0277117
893.002	0.0265519
893.137	0.0277117
893.271	0.0285052
893.405	0.028261
893.539	0.0275285
893.674	0.0273454
893.808	0.0280779
893.942	0.0278337
894.076	0.028261
894.21	0.0280779
894.345	0.0276506
894.479	0.0277117
894.613	0.0265519
894.747	0.0272844
894.882	0.0284441
895.016	0.0274065
895.15	0.0280168
895.284	0.0270402
895.419	0.0273454
895.553	0.0277117
895.687	0.0286272
895.821	0.0273454
895.956	0.0277117
896.09	0.0275285
896.224	0.0275285
896.358	0.0281389
896.492	0.0282
896.627	0.0280779
896.761	0.0275896
896.895	0.0276506
897.029	0.0277117
897.164	0.0275285
897.298	0.0275896
897.432	0.0280168
897.566	0.0285662
897.701	0.0277727
897.835	0.0278948
897.969	0.0284441
898.103	0.0277727
898.237	0.0277727
898.372	0.0275285
898.506	0.0272844
898.64	0.0271623
898.774	0.0280168
898.909	0.0269181
899.043	0.026735
899.177	0.0278948
899.311	0.0280779
899.445	0.0269792
899.58	0.0277727
899.714	0.0280168
899.848	0.0272233
899.982	0.0271013
900.117	0.0280168
900.251	0.0280779
900.385	0.0275896
900.519	0.0278337
900.653	0.0276506
900.788	0.0278337
900.922	0.0275896
901.056	0.0272844
901.19	0.0271013
901.325	0.0278948
901.459	0.0281389
901.593	0.0274065
901.727	0.0268571
901.861	0.0273454
901.996	0.0278948
902.13	0.028261
902.264	0.0274675
902.398	0.0288714
902.532	0.0272233
902.667	0.0280168
902.801	0.0274675
902.935	0.0285052
903.069	0.0282
903.204	0.0271623
903.338	0.028261
903.472	0.0278337
903.606	0.0276506
903.74	0.0278948
903.875	0.0279558
904.009	0.0274675
904.143	0.0279558
904.277	0.0273454
904.411	0.0275896
904.546	0.0285052
904.68	0.0285662
904.814	0.026735
904.948	0.0277727
905.082	0.0276506
905.217	0.0271623
905.351	0.0270402
905.485	0.0280168
905.619	0.0278948
905.753	0.0278337
905.888	0.0271623
906.022	0.0279558
906.156	0.0279558
906.29	0.0278337
906.424	0.0277117
906.559	0.0272844
906.693	0.0288104
906.827	0.0286883
906.961	0.0279558
907.095	0.0278337
907.23	0.0277727
907.364	0.0274675
907.498	0.0279558
907.632	0.028261
907.766	0.0281389
907.901	0.0279558
908.035	0.0274065
908.169	0.0274065
908.303	0.0278948
908.437	0.0278337
908.572	0.0270402
908.706	0.0281389
908.84	0.0272233
908.974	0.0272233
909.108	0.028322
909.243	0.0286272
909.377	0.0277727
909.511	0.0272233
909.645	0.0280779
909.779	0.0273454
909.914	0.0274065
910.048	0.0275896
910.182	0.0273454
910.316	0.0275285
910.45	0.0282
910.585	0.0272844
910.719	0.0280779
910.853	0.0268571
910.987	0.0276506
911.121	0.0282
911.255	0.0271623
911.39	0.0276506
911.524	0.0277117
911.658	0.0288104
911.792	0.0276506
911.926	0.0272233
912.061	0.0274675
912.195	0.0279558
912.329	0.0279558
912.463	0.0275285
912.597	0.0276506
912.732	0.0275285
912.866	0.0281389
913	0.0277117
913.134	0.0285052
913.268	0.0277117
913.402	0.0272233
913.537	0.0278948
913.671	0.0272233
913.805	0.0280168
913.939	0.0276506
914.073	0.0275896
914.208	0.0278948
914.342	0.0271013
914.476	0.0275285
914.61	0.0281389
914.744	0.0294207
914.878	0.0286272
915.013	0.0269792
915.147	0.0280168
915.281	0.0275285
915.415	0.0272844
915.549	0.0282
915.683	0.0276506
915.818	0.0271623
915.952	0.0274675
916.086	0.0274675
916.22	0.0269792
916.354	0.0276506
916.488	0.0270402
916.623	0.0275896
916.757	0.0283831
916.891	0.0271013
917.025	0.0277117
917.159	0.0278948
917.293	0.0279558
917.428	0.0269792
917.562	0.0279558
917.696	0.0275896
917.83	0.028261
917.964	0.0275285
918.098	0.0272233
918.233	0.0284441
918.367	0.0275285
918.501	0.0279558
918.635	0.0277117
918.769	0.0282
918.903	0.0280779
919.038	0.0280779
919.172	0.028261
919.306	0.0276506
919.44	0.0277727
919.574	0.0279558
919.708	0.0276506
919.843	0.0275285
919.977	0.0277727
920.111	0.0275896
920.245	0.0275285
920.379	0.0287493
920.513	0.0275285
920.648	0.028322
920.782	0.028261
920.916	0.0279558
921.05	0.028322
921.184	0.0270402
921.318	0.0280779
921.453	0.0275285
921.587	0.028322
921.721	0.0287493
921.855	0.0280779
921.989	0.0277117
922.123	0.0269181
922.257	0.0275285
922.392	0.0281389
922.526	0.0275896
922.66	0.0269181
922.794	0.0273454
922.928	0.0282
923.062	0.0275896
923.197	0.0280779
923.331	0.0275285
923.465	0.0282
923.599	0.0280779
923.733	0.0277727
923.867	0.0282
924.001	0.0286272
924.136	0.0274065
924.27	0.028322
924.404	0.0279558
924.538	0.0277117
924.672	0.0276506
924.806	0.0278948
924.94	0.0277727
925.075	0.0280779
925.209	0.0276506
925.343	0.0283831
925.477	0.0275285
925.611	0.0278948
925.745	0.0277727
925.879	0.0274065
926.014	0.0269792
926.148	0.0274065
926.282	0.0279558
926.416	0.0271013
926.55	0.0278948
926.684	0.0278337
926.818	0.0272844
926.953	0.0277727
927.087	0.0280779
927.221	0.0278337
927.355	0.0273454
927.489	0.0273454
927.623	0.0280779
927.757	0.0284441
927.892	0.0280168
928.026	0.0271623
928.16	0.0277117
928.294	0.0272844
928.428	0.0270402
928.562	0.0281389
928.696	0.0278948
928.831	0.0272233
928.965	0.0280168
929.099	0.0277117
929.233	0.0278948
929.367	0.0267961
929.501	0.0271623
929.635	0.0272233
929.769	0.0275285
929.904	0.0279558
930.038	0.0280168
930.172	0.0279558
930.306	0.0285052
930.44	0.0285662
930.574	0.0279558
930.708	0.0282
930.843	0.0280168
930.977	0.0277117
931.111	0.0276506
931.245	0.0277727
931.379	0.0280168
931.513	0.028261
931.647	0.0270402
931.781	0.0282
931.916	0.0277727
932.05	0.0277727
932.184	0.0273454
932.318	0.026674
932.452	0.0275896
932.586	0.0275896
932.72	0.0272233
932.854	0.0282
932.989	0.0273454
933.123	0.0279558
933.257	0.028322
933.391	0.0278337
933.525	0.0267961
933.659	0.0277117
933.793	0.0279558
933.927	0.0272844
934.061	0.0277727
934.196	0.0281389
934.33	0.0273454
934.464	0.0284441
934.598	0.0269792
934.732	0.0278948
934.866	0.0275285
935	0.0268571
935.134	0.0282
935.269	0.0280779
935.403	0.0272233
935.537	0.0274675
935.671	0.0271013
935.805	0.0272233
935.939	0.0275285
936.073	0.0274675
936.207	0.0271623
936.341	0.0281389
936.476	0.0274675
936.61	0.0265519
936.744	0.0275285
936.878	0.0282
937.012	0.0276506
937.146	0.0278948
937.28	0.0278337
937.414	0.0278948
937.548	0.0279558
937.683	0.0284441
937.817	0.0274065
937.951	0.0271013
938.085	0.0280168
938.219	0.0280168
938.353	0.0277117
938.487	0.0274065
938.621	0.0288714
938.755	0.0269181
938.889	0.0280779
939.024	0.0279558
939.158	0.0279558
939.292	0.0270402
939.426	0.0284441
939.56	0.028322
939.694	0.0273454
939.828	0.0276506
939.962	0.0278337
940.096	0.0277727
940.231	0.0274065
940.365	0.0271013
940.499	0.0277727
940.633	0.0274065
940.767	0.0285052
940.901	0.0279558
941.035	0.0277117
941.169	0.0294207
941.303	0.0276506
941.437	0.0274065
941.571	0.0278948
941.706	0.0280779
941.84	0.0271623
941.974	0.0267961
942.108	0.0278337
942.242	0.0277117
942.376	0.0285662
942.51	0.0277117
942.644	0.0272233
942.778	0.028261
942.912	0.0271013
943.047	0.0278337
943.181	0.0269181
943.315	0.0274065
943.449	0.0275896
943.583	0.0275285
943.717	0.0273454
943.851	0.0287493
943.985	0.0278337
944.119	0.028261
944.253	0.0277117
944.387	0.0276506
944.522	0.026735
944.656	0.0276506
944.79	0.0281389
944.924	0.0274675
945.058	0.0280168
945.192	0.0274675
945.326	0.0279558
945.46	0.0279558
945.594	0.0277117
945.728	0.0279558
945.862	0.0288714
945.996	0.0278337
946.131	0.0277727
946.265	0.0273454
946.399	0.0278337
946.533	0.0288104
946.667	0.0280168
946.801	0.0277117
946.935	0.0274675
947.069	0.0280168
947.203	0.0280168
947.337	0.0277727
947.471	0.0273454
947.605	0.0280779
947.739	0.0272233
947.874	0.0276506
948.008	0.0277117
948.142	0.0285662
948.276	0.0278337
948.41	0.0277117
948.544	0.0274675
948.678	0.0279558
948.812	0.0280168
948.946	0.0277727
949.08	0.0276506
949.214	0.0274675
949.348	0.0269792
949.482	0.0278948
949.617	0.0281389
949.751	0.0277117
949.885	0.0267961
950.019	0.0279558
950.153	0.0277727
950.287	0.0275896
950.421	0.0278948
950.555	0.028322
950.689	0.0277727
950.823	0.0270402
950.957	0.0273454
951.091	0.0280779
951.225	0.0280168
951.359	0.0281389
951.493	0.0280168
951.628	0.0280168
951.762	0.0270402
951.896	0.0278337
952.03	0.0272233
952.164	0.0280168
952.298	0.0278337
952.432	0.0282
952.566	0.0281389
952.7	0.0276506
952.834	0.0277117
952.968	0.0277727
953.102	0.0291155
953.236	0.0279558
953.37	0.0274675
953.504	0.0280168
953.639	0.0274675
953.773	0.0285662
953.907	0.0277117
954.041	0.0279558
954.175	0.0277117
954.309	0.0280168
954.443	0.0279558
954.577	0.0271013
954.711	0.0274675
954.845	0.0276506
954.979	0.0275896
955.113	0.0275896
955.247	0.0280168
955.381	0.0280779
955.515	0.0277117
955.649	0.0276506
955.783	0.0281389
955.917	0.0280168
956.052	0.0273454
956.186	0.0278948
956.32	0.0275896
956.454	0.0278948
956.588	0.0275896
956.722	0.0282
956.856	0.028322
956.99	0.0277117
957.124	0.0275285
957.258	0.0275896
957.392	0.0275285
957.526	0.0282
957.66	0.0282
957.794	0.0277727
957.928	0.0276506
958.062	0.0273454
958.196	0.0272844
958.33	0.0274675
958.464	0.0275285
958.598	0.0289324
958.733	0.0273454
958.867	0.0276506
959.001	0.0280168
959.135	0.0282
959.269	0.0281389
959.403	0.026674
959.537	0.0277117
959.671	0.0275285
959.805	0.0271013
959.939	0.0275285
960.073	0.0271013
960.207	0.0282
960.341	0.0274675
960.475	0.0273454
960.609	0.0270402
960.743	0.0279558
960.877	0.0275896
961.011	0.0274065
961.145	0.0277117
961.279	0.0280168
961.413	0.0271623
961.547	0.0274675
961.681	0.0275285
961.815	0.0274065
961.949	0.0284441
962.083	0.0278948
962.218	0.0277117
962.352	0.026735
962.486	0.0280779
962.62	0.0275285
962.754	0.0277727
962.888	0.0271623
963.022	0.0278337
963.156	0.0270402
963.29	0.0275896
963.424	0.028322
963.558	0.0277727
963.692	0.0277117
963.826	0.0285662
963.96	0.0279558
964.094	0.0272233
964.228	0.028322
964.362	0.0287493
964.496	0.0286272
964.63	0.0282
964.764	0.0285052
964.898	0.0281389
965.032	0.0271623
965.166	0.0280779
965.3	0.0275896
965.434	0.0282
965.568	0.0275896
965.702	0.0277727
965.836	0.0284441
965.97	0.0274675
966.104	0.0273454
966.238	0.0272844
966.372	0.0277117
966.506	0.0279558
966.64	0.0273454
966.774	0.0270402
966.908	0.0286883
967.043	0.0268571
967.177	0.0277727
967.311	0.0277727
967.445	0.0278337
967.579	0.0277117
967.713	0.0277727
967.847	0.0273454
967.981	0.0277727
968.115	0.0279558
968.249	0.0273454
968.383	0.0289935
968.517	0.0280168
968.651	0.0278948
968.785	0.0289935
968.919	0.0273454
969.053	0.028261
969.187	0.0282
969.321	0.0278337
969.455	0.0286272
969.589	0.028322
969.723	0.0275285
969.857	0.0285052
969.991	0.0272233
970.125	0.0280779
970.259	0.0272233
970.393	0.0270402
970.527	0.0283831
970.661	0.0283831
970.795	0.0274675
970.929	0.0280168
971.063	0.0280779
971.197	0.0277727
971.331	0.0280779
971.465	0.0282
971.599	0.0282
971.733	0.0280168
971.867	0.0272844
972.001	0.0279558
972.135	0.0278337
972.269	0.0275285
972.403	0.0280779
972.537	0.0278337
972.671	0.0270402
972.805	0.0283831
972.939	0.0270402
973.073	0.0283831
973.207	0.0277727
973.341	0.0280779
973.475	0.0273454
973.609	0.0282
973.743	0.0270402
973.877	0.0276506
974.011	0.026674
974.145	0.028322
974.279	0.0273454
974.413	0.0277727
974.547	0.0270402
974.681	0.0280168
974.815	0.0277117
974.949	0.0271623
975.083	0.0278948
975.217	0.0285662
975.351	0.0272844
975.485	0.0279558
975.619	0.0277727
975.753	0.0272233
975.887	0.0275896
976.021	0.0272233
976.155	0.0278337
976.289	0.0274675
976.423	0.0276506
976.557	0.0271623
976.691	0.0288714
976.825	0.0278337
976.959	0.0277117
977.093	0.0281389
977.227	0.0275285
977.361	0.0282
977.495	0.0282
977.629	0.0268571
977.763	0.0277727
977.897	0.0276506
978.031	0.0280779
978.165	0.0279558
978.299	0.0281389
978.433	0.0279558
978.567	0.0280168
978.701	0.0277117
978.835	0.0278337
978.969	0.0271013
979.103	0.0274675
979.237	0.0278948
979.371	0.0274675
979.505	0.0274065
979.639	0.026613
979.773	0.0275285
979.907	0.0276506
980.041	0.0277727
980.175	0.0277117
980.308	0.0282
980.442	0.0274065
980.576	0.0286272
980.71	0.0284441
980.844	0.0276506
980.978	0.0275896
981.112	0.0269181
981.246	0.0278337
981.38	0.0277117
981.514	0.0273454
981.648	0.0282
981.782	0.0278337
981.916	0.0278948
982.05	0.0275896
982.184	0.0269181
982.318	0.0278948
982.452	0.0272844
982.586	0.0277117
982.72	0.0276506
982.854	0.0278948
982.988	0.0280779
983.122	0.0273454
983.256	0.0268571
983.39	0.0287493
983.524	0.0275285
983.658	0.028322
983.792	0.0277727
983.926	0.028322
984.06	0.0277727
984.194	0.0282
984.328	0.0273454
984.462	0.0274675
984.596	0.0284441
984.73	0.0271623
984.864	0.028322
984.998	0.0282
985.132	0.0281389
985.265	0.028261
985.399	0.0282
985.533	0.0273454
985.667	0.0282
985.801	0.0278337
985.935	0.0278948
986.069	0.0277727
986.203	0.028261
986.337	0.0288714
986.471	0.0282
986.605	0.0277727
986.739	0.028322
986.873	0.0277727
987.007	0.0275285
987.141	0.0275285
987.275	0.0274675
987.409	0.0274675
987.543	0.0277727
987.677	0.0268571
987.811	0.0271623
987.945	0.0278337
988.079	0.0277727
988.213	0.0280779
988.347	0.0277727
988.481	0.0276506
988.614	0.0275896
988.748	0.0274675
988.882	0.0278948
989.016	0.0278948
989.15	0.0275285
989.284	0.0285662
989.418	0.0274065
989.552	0.0285052
989.686	0.0280168
989.82	0.0275896
989.954	0.0276506
990.088	0.0277117
990.222	0.0269792
990.356	0.0276506
990.49	0.0274065
990.624	0.0285662
990.758	0.0275285
990.892	0.0282
991.026	0.0275285
991.16	0.0276506
991.294	0.0281389
991.427	0.0280168
991.561	0.0274065
991.695	0.0270402
991.829	0.0277727
991.963	0.0271623
992.097	0.0275285
992.231	0.0283831
992.365	0.0280168
992.499	0.0275896
992.633	0.0288104
992.767	0.0274675
992.901	0.0289935
993.035	0.0278337
993.169	0.0272844
993.303	0.0277727
993.437	0.0278948
993.571	0.0274065
993.704	0.0273454
993.838	0.0281389
993.972	0.0277117
994.106	0.0276506
994.24	0.0275285
994.374	0.0280168
994.508	0.0280168
994.642	0.0276506
994.776	0.0280779
994.91	0.0274065
995.044	0.0277117
995.178	0.0271623
995.312	0.0271013
995.446	0.0275285
995.58	0.0272844
995.714	0.0277117
995.847	0.0282
995.981	0.0280779
996.115	0.0277727
996.249	0.0268571
996.383	0.0277117
996.517	0.026735
996.651	0.0272844
996.785	0.0282
996.919	0.0281389
997.053	0.0274065
997.187	0.0279558
997.321	0.0285052
997.455	0.0282
997.589	0.0275896
997.722	0.0278337
997.856	0.0271623
997.99	0.0278337
998.124	0.0280168
998.258	0.0277727
998.392	0.0281389
998.526	0.0288104
998.66	0.026735
998.794	0.0283831
998.928	0.0276506
999.062	0.0274065
999.196	0.0275285
999.33	0.0273454
999.464	0.0272844
999.597	0.0276506
999.731	0.0274065
999.865	0.0282
999.999	0.0274675
1000.13	0.0278948
1000.27	0.0282
1000.4	0.028322
1000.53	0.0280779
1000.67	0.0280168
1000.8	0.0278337
1000.94	0.0280779
1001.07	0.0274675
1001.2	0.0291155
1001.34	0.0274675
1001.47	0.0280168
1001.61	0.0275285
1001.74	0.0278337
1001.87	0.028322
1002.01	0.0275896
1002.14	0.0275896
1002.28	0.0287493
1002.41	0.0278337
1002.54	0.0277727
1002.68	0.028261
1002.81	0.0282
1002.95	0.0279558
1003.08	0.0275896
1003.21	0.0279558
1003.35	0.0277727
1003.48	0.0283831
1003.61	0.028322
1003.75	0.0274675
1003.88	0.0272844
1004.02	0.0274675
1004.15	0.0285662
1004.28	0.0278337
1004.42	0.0277727
1004.55	0.0269181
1004.69	0.0281389
1004.82	0.0285052
1004.95	0.0278948
1005.09	0.0280168
1005.22	0.0274065
1005.36	0.0275285
1005.49	0.0269792
1005.62	0.0275896
1005.76	0.0277117
1005.89	0.0280168
1006.03	0.0281389
1006.16	0.0282
1006.29	0.0277117
1006.43	0.0282
1006.56	0.0275896
1006.69	0.0277727
1006.83	0.0274065
1006.96	0.0281389
1007.1	0.0279558
1007.23	0.0277117
1007.36	0.0275896
1007.5	0.0277727
1007.63	0.0285052
1007.77	0.0275285
1007.9	0.0288104
1008.03	0.0269792
1008.17	0.0278337
1008.3	0.0272844
1008.44	0.0278948
1008.57	0.0274675
1008.7	0.0272844
1008.84	0.0283831
1008.97	0.0280779
1009.1	0.0272233
1009.24	0.0282
1009.37	0.0265519
1009.51	0.0274675
1009.64	0.0275896
1009.77	0.0275285
1009.91	0.0275285
1010.04	0.0279558
1010.18	0.0286272
1010.31	0.0284441
1010.44	0.0282
1010.58	0.0281389
1010.71	0.0279558
1010.85	0.0278337
1010.98	0.0280168
1011.11	0.0279558
1011.25	0.0275285
1011.38	0.0278948
1011.51	0.0278337
1011.65	0.0279558
1011.78	0.0276506
1011.92	0.0288104
1012.05	0.0283831
1012.18	0.0276506
1012.32	0.0268571
1012.45	0.0276506
1012.59	0.0282
1012.72	0.0277727
1012.85	0.0277727
1012.99	0.0277117
1013.12	0.0282
1013.26	0.0271623
1013.39	0.0273454
1013.52	0.0275896
1013.66	0.0275285
1013.79	0.0275285
1013.92	0.0275896
1014.06	0.0275896
1014.19	0.0271623
1014.33	0.0280168
1014.46	0.0265519
1014.59	0.028322
1014.73	0.0269792
1014.86	0.0275896
1015	0.028261
1015.13	0.0279558
1015.26	0.0272233
1015.4	0.0280168
1015.53	0.0278948
1015.67	0.0282
1015.8	0.0279558
1015.93	0.0284441
1016.07	0.0277117
1016.2	0.0280168
1016.33	0.0276506
1016.47	0.0278337
1016.6	0.0273454
1016.74	0.0272233
1016.87	0.0274065
1017	0.0274065
1017.14	0.0276506
1017.27	0.0281389
1017.41	0.0277117
1017.54	0.0285052
1017.67	0.0277117
1017.81	0.0270402
1017.94	0.0277727
1018.07	0.0276506
1018.21	0.0271623
1018.34	0.0271623
1018.48	0.0272233
1018.61	0.028322
1018.74	0.0280779
1018.88	0.0281389
1019.01	0.0274675
1019.15	0.0278337
1019.28	0.0284441
1019.41	0.0278948
1019.55	0.0280168
1019.68	0.0269792
1019.82	0.0279558
1019.95	0.0273454
1020.08	0.0285662
1020.22	0.0281389
1020.35	0.0278337
1020.48	0.0287493
1020.62	0.0272844
1020.75	0.0277117
1020.89	0.0276506
1021.02	0.0271013
1021.15	0.0278948
1021.29	0.0272844
1021.42	0.028261
1021.56	0.0277117
1021.69	0.0278337
1021.82	0.0280779
1021.96	0.0282
1022.09	0.0285662
1022.22	0.0272844
1022.36	0.0275896
1022.49	0.0276506
1022.63	0.0277117
1022.76	0.0280779
1022.89	0.028261
1023.03	0.0278948
1023.16	0.0279558
1023.3	0.0272233
1023.43	0.0279558
1023.56	0.0278948
1023.7	0.0281389
1023.83	0.0276506
1023.96	0.0271623
1024.1	0.0273454
1024.23	0.0276506
1024.37	0.0282
1024.5	0.0270402
1024.63	0.0276506
1024.77	0.0269792
1024.9	0.0275896
1025.04	0.0279558
1025.17	0.0272233
1025.3	0.0280779
1025.44	0.0275896
1025.57	0.0276506
1025.7	0.0276506
1025.84	0.0286883
1025.97	0.0273454
1026.11	0.0274675
1026.24	0.0278948
1026.37	0.0274675
1026.51	0.0275896
1026.64	0.0285052
1026.78	0.0277117
1026.91	0.0274065
1027.04	0.0271623
1027.18	0.0271013
1027.31	0.0275285
1027.44	0.0272233
1027.58	0.0279558
1027.71	0.0284441
1027.85	0.0276506
1027.98	0.0275285
1028.11	0.026735
1028.25	0.0284441
1028.38	0.0280779
1028.52	0.0273454
1028.65	0.0274065
1028.78	0.0278948
1028.92	0.0289324
1029.05	0.0273454
1029.18	0.0279558
1029.32	0.0289324
1029.45	0.0274065
1029.59	0.0279558
1029.72	0.0278337
1029.85	0.0271013
1029.99	0.0276506
1030.12	0.0275896
1030.26	0.0274675
1030.39	0.0271013
1030.52	0.028261
1030.66	0.0268571
1030.79	0.0274675
1030.92	0.0281389
1031.06	0.0279558
1031.19	0.026674
1031.33	0.0277727
1031.46	0.0279558
1031.59	0.0277117
1031.73	0.0282
1031.86	0.0277727
1031.99	0.0281389
1032.13	0.028261
1032.26	0.0275285
1032.4	0.0279558
1032.53	0.0281389
1032.66	0.0277117
1032.8	0.0285052
1032.93	0.0269792
1033.07	0.0283831
1033.2	0.0277117
1033.33	0.0280779
1033.47	0.0278337
1033.6	0.0286272
1033.73	0.0282
1033.87	0.0276506
1034	0.0270402
1034.14	0.0273454
1034.27	0.0277727
1034.4	0.0275896
1034.54	0.0276506
1034.67	0.028322
1034.81	0.0280168
1034.94	0.0284441
1035.07	0.0274675
1035.21	0.0282
1035.34	0.0277117
1035.47	0.0282
1035.61	0.0271013
1035.74	0.0268571
1035.88	0.0275285
1036.01	0.0278337
1036.14	0.0276506
1036.28	0.0277727
1036.41	0.0279558
1036.54	0.0283831
1036.68	0.0279558
1036.81	0.0283831
1036.95	0.0282
1037.08	0.0273454
1037.21	0.0281389
1037.35	0.0282
1037.48	0.0269181
1037.62	0.0284441
1037.75	0.0275285
1037.88	0.0285662
1038.02	0.0278337
1038.15	0.0280168
1038.28	0.0274065
1038.42	0.0278948
1038.55	0.0276506
1038.69	0.0278948
1038.82	0.0270402
1038.95	0.0274675
1039.09	0.0282
1039.22	0.0285052
1039.35	0.0277117
1039.49	0.0286883
1039.62	0.0273454
1039.76	0.0265519
1039.89	0.0275896
1040.02	0.026674
1040.16	0.0280168
1040.29	0.0274675
1040.43	0.0272844
1040.56	0.0279558
1040.69	0.0274675
1040.83	0.0280779
1040.96	0.0278337
1041.09	0.0275896
1041.23	0.0273454
1041.36	0.0270402
1041.5	0.0269792
1041.63	0.0283831
1041.76	0.0280168
1041.9	0.0271623
1042.03	0.0274065
1042.16	0.0273454
1042.3	0.0281389
1042.43	0.0274675
1042.57	0.0278337
1042.7	0.0286272
1042.83	0.0278337
1042.97	0.0280168
1043.1	0.0277117
1043.23	0.0280168
1043.37	0.0280779
1043.5	0.0281389
1043.64	0.0276506
1043.77	0.0280168
1043.9	0.0275896
1044.04	0.0276506
1044.17	0.0274065
1044.31	0.0276506
1044.44	0.0275285
1044.57	0.0274065
1044.71	0.0280779
1044.84	0.0269792
1044.97	0.0278948
1045.11	0.0278948
1045.24	0.0279558
1045.38	0.0270402
1045.51	0.0277117
1045.64	0.0275896
1045.78	0.0274065
1045.91	0.0281389
1046.04	0.0269792
1046.18	0.0272844
1046.31	0.0284441
1046.45	0.0281389
1046.58	0.0285662
1046.71	0.0282
1046.85	0.0285052
1046.98	0.0271013
1047.11	0.0274675
1047.25	0.0271623
1047.38	0.0276506
1047.52	0.0272233
1047.65	0.0277117
1047.78	0.0281389
1047.92	0.0272844
1048.05	0.0271013
1048.18	0.0280779
1048.32	0.0275285
1048.45	0.0274675
1048.59	0.0272233
1048.72	0.0273454
1048.85	0.0275896
1048.99	0.0283831
1049.12	0.0278337
1049.25	0.0279558
1049.39	0.0274065
1049.52	0.0275285
1049.66	0.0280779
1049.79	0.0274675
1049.92	0.0277727
1050.06	0.0279558
1050.19	0.0269792
1050.33	0.0277727
1050.46	0.0275285
1050.59	0.0281389
1050.73	0.026735
1050.86	0.0275285
1050.99	0.0277727
1051.13	0.0280779
1051.26	0.0277117
1051.4	0.0289935
1051.53	0.0281389
1051.66	0.0277117
1051.8	0.0271623
1051.93	0.0279558
1052.06	0.0278337
1052.2	0.0277117
1052.33	0.0279558
1052.47	0.0269181
1052.6	0.0275285
1052.73	0.0280779
1052.87	0.0286272
1053	0.0279558
1053.13	0.028261
1053.27	0.0279558
1053.4	0.0282
1053.54	0.0288714
1053.67	0.0272233
1053.8	0.0277727
1053.94	0.0280168
1054.07	0.0280168
1054.2	0.0272844
1054.34	0.0276506
1054.47	0.0284441
1054.61	0.0272844
1054.74	0.0276506
1054.87	0.0278337
1055.01	0.0278948
1055.14	0.0277727
1055.27	0.0283831
1055.41	0.028322
1055.54	0.0276506
1055.68	0.0278948
1055.81	0.0280779
1055.94	0.0275896
1056.08	0.0278948
1056.21	0.0286883
1056.34	0.0277727
1056.48	0.0282
1056.61	0.0279558
1056.75	0.0269792
1056.88	0.0278337
1057.01	0.0279558
1057.15	0.0285662
1057.28	0.0276506
1057.41	0.026674
1057.55	0.0274675
1057.68	0.0281389
1057.82	0.0280168
1057.95	0.0275285
1058.08	0.0275285
1058.22	0.0274065
1058.35	0.0273454
1058.48	0.0278948
1058.62	0.0277727
1058.75	0.0273454
1058.89	0.0279558
1059.02	0.0275896
1059.15	0.0287493
1059.29	0.0277117
1059.42	0.0276506
1059.55	0.0280779
1059.69	0.0269181
1059.82	0.0280168
1059.96	0.0274065
1060.09	0.0277727
1060.22	0.0272844
1060.36	0.0282
1060.49	0.0280168
1060.62	0.0278948
1060.76	0.0278948
1060.89	0.0276506
1061.03	0.0286883
1061.16	0.0278337
1061.29	0.0277727
1061.43	0.0283831
1061.56	0.0279558
1061.69	0.0280168
1061.83	0.0274675
1061.96	0.0282
1062.1	0.0279558
1062.23	0.0278337
1062.36	0.0285052
1062.5	0.0289935
1062.63	0.0278337
1062.76	0.0283831
1062.9	0.0275285
1063.03	0.0272844
1063.17	0.0285052
1063.3	0.0285662
1063.43	0.0277117
1063.57	0.0279558
1063.7	0.0274675
1063.83	0.0271623
1063.97	0.0277727
1064.1	0.0277727
1064.23	0.026735
1064.37	0.0277727
1064.5	0.0277117
1064.64	0.0275896
1064.77	0.0269181
1064.9	0.0274065
1065.04	0.0275896
1065.17	0.0280779
1065.3	0.0278948
1065.44	0.0277117
1065.57	0.0269181
1065.71	0.0277117
1065.84	0.0280779
1065.97	0.0274065
1066.11	0.0269181
1066.24	0.0283831
1066.37	0.028322
1066.51	0.0280168
1066.64	0.0278948
1066.78	0.0276506
1066.91	0.0269181
1067.04	0.0276506
1067.18	0.0282
1067.31	0.0283831
1067.44	0.0269792
1067.58	0.0274675
1067.71	0.0277117
1067.85	0.0275285
1067.98	0.0277117
1068.11	0.0267961
1068.25	0.0277117
1068.38	0.0284441
1068.51	0.0274065
1068.65	0.0275896
1068.78	0.0274675
1068.92	0.028261
1069.05	0.0278948
1069.18	0.0282
1069.32	0.0271623
1069.45	0.0277117
1069.58	0.0280168
1069.72	0.0294818
1069.85	0.0281389
1069.98	0.0272233
1070.12	0.0273454
1070.25	0.0287493
1070.39	0.0275896
1070.52	0.0281389
1070.65	0.0281389
1070.79	0.0273454
1070.92	0.0279558
1071.05	0.0278337
1071.19	0.0281389
1071.32	0.0281389
1071.46	0.0277727
1071.59	0.0275896
1071.72	0.0274065
1071.86	0.028261
1071.99	0.0277727
1072.12	0.0281389
1072.26	0.0282
1072.39	0.0276506
1072.53	0.0277727
1072.66	0.0278337
1072.79	0.0279558
1072.93	0.0282
1073.06	0.0274675
1073.19	0.0276506
1073.33	0.0275896
1073.46	0.0272844
1073.59	0.0278948
1073.73	0.0274065
1073.86	0.0275285
1074	0.0269792
1074.13	0.0274675
1074.26	0.028322
1074.4	0.0272233
1074.53	0.0271623
1074.66	0.0277727
1074.8	0.0277727
1074.93	0.028322
1075.07	0.0282
1075.2	0.0275285
1075.33	0.0280168
1075.47	0.0274675
1075.6	0.0278948
1075.73	0.0290545
1075.87	0.0278337
1076	0.0265519
1076.14	0.0278337
1076.27	0.0277117
1076.4	0.0272233
1076.54	0.0274065
1076.67	0.0277727
1076.8	0.0271013
1076.94	0.0280168
1077.07	0.0277117
1077.2	0.0286272
1077.34	0.0291766
1077.47	0.0277117
1077.61	0.0274065
1077.74	0.0275285
1077.87	0.0276506
1078.01	0.0284441
1078.14	0.0273454
1078.27	0.0283831
1078.41	0.0261857
1078.54	0.0277727
1078.68	0.0277727
1078.81	0.0278948
1078.94	0.028322
1079.08	0.0269792
1079.21	0.0271623
1079.34	0.026735
1079.48	0.0275896
1079.61	0.0279558
1079.74	0.0278948
1079.88	0.028261
1080.01	0.028322
1080.15	0.0284441
1080.28	0.028261
1080.41	0.0286272
1080.55	0.0267961
1080.68	0.0276506
1080.81	0.0280168
1080.95	0.0278948
1081.08	0.0272233
1081.22	0.0275285
1081.35	0.0275285
1081.48	0.028261
1081.62	0.0280168
1081.75	0.0274675
1081.88	0.028322
1082.02	0.0282
1082.15	0.0277117
1082.28	0.0274065
1082.42	0.0275285
1082.55	0.0277117
1082.69	0.0278337
1082.82	0.0282
1082.95	0.0277727
1083.09	0.0289935
1083.22	0.0278948
1083.35	0.0270402
1083.49	0.0276506
1083.62	0.0274675
1083.75	0.0278337
1083.89	0.0277727
1084.02	0.0280779
1084.16	0.0271013
1084.29	0.0281389
1084.42	0.028322
1084.56	0.0274675
1084.69	0.0291155
1084.82	0.0271623
1084.96	0.0274675
1085.09	0.0268571
1085.23	0.0282
1085.36	0.0284441
1085.49	0.0280779
1085.63	0.028322
1085.76	0.0278948
1085.89	0.0278337
1086.03	0.0286272
1086.16	0.026613
1086.29	0.0278337
1086.43	0.0274675
1086.56	0.0274065
1086.7	0.0276506
1086.83	0.028322
1086.96	0.0278948
1087.1	0.0278337
1087.23	0.0277117
1087.36	0.0284441
1087.5	0.0273454
1087.63	0.0274065
1087.76	0.0272844
1087.9	0.0274065
1088.03	0.0279558
1088.17	0.0282
1088.3	0.0277727
1088.43	0.0277727
1088.57	0.0277117
1088.7	0.0284441
1088.83	0.0284441
1088.97	0.0284441
1089.1	0.0279558
1089.24	0.0281389
1089.37	0.028322
1089.5	0.0280168
1089.64	0.0280779
1089.77	0.0282
1089.9	0.0278337
1090.04	0.0282
1090.17	0.0280168
1090.3	0.0274675
1090.44	0.0272844
1090.57	0.0277117
1090.71	0.0272844
1090.84	0.0273454
1090.97	0.0272233
1091.11	0.0276506
1091.24	0.0274065
1091.37	0.0271623
1091.51	0.0278337
1091.64	0.0275285
1091.77	0.0277117
1091.91	0.0280779
1092.04	0.0273454
1092.18	0.0274065
1092.31	0.0278948
1092.44	0.0277727
1092.58	0.0273454
1092.71	0.0276506
1092.84	0.028322
1092.98	0.0281389
1093.11	0.0280168
1093.24	0.0277117
1093.38	0.0276506
1093.51	0.0278948
1093.65	0.0291155
1093.78	0.0284441
1093.91	0.0274675
1094.05	0.0277117
1094.18	0.0267961
1094.31	0.0274675
1094.45	0.0274675
1094.58	0.0280779
1094.71	0.0277727
1094.85	0.0280779
1094.98	0.0270402
1095.12	0.0271623
1095.25	0.0274065
1095.38	0.0279558
1095.52	0.0278337
1095.65	0.0277727
1095.78	0.0279558
1095.92	0.0278337
1096.05	0.0275285
1096.18	0.0278337
1096.32	0.0272844
1096.45	0.0280168
1096.59	0.0281389
1096.72	0.0283831
1096.85	0.0279558
1096.99	0.0281389
1097.12	0.0268571
1097.25	0.028322
1097.39	0.0277727
1097.52	0.0284441
1097.65	0.0279558
1097.79	0.0272844
1097.92	0.0282
1098.06	0.0272844
1098.19	0.028261
1098.32	0.0285052
1098.46	0.0276506
1098.59	0.0272844
1098.72	0.0275896
1098.86	0.0282
1098.99	0.0285052
1099.12	0.0277117
1099.26	0.0278337
1099.39	0.0277727
1099.53	0.0278337
1099.66	0.0276506
1099.79	0.0274675
1099.93	0.0277117
1100.06	0.028261
1100.19	0.0278337
1100.33	0.0281389
1100.46	0.0279558
1100.59	0.0268571
1100.73	0.0280168
1100.86	0.0275285
1100.99	0.0282
1101.13	0.0274675
1101.26	0.0279558
1101.4	0.0277727
1101.53	0.0279558
1101.66	0.0285662
1101.8	0.028261
1101.93	0.0272844
1102.06	0.0285052
1102.2	0.0277727
1102.33	0.0272844
1102.46	0.0278337
1102.6	0.0281389
1102.73	0.0278948
1102.87	0.0284441
1103	0.0269792
1103.13	0.0282
1103.27	0.0277117
1103.4	0.0277117
1103.53	0.0274065
1103.67	0.0282
1103.8	0.028322
1103.93	0.0280779
1104.07	0.0275285
1104.2	0.0271013
1104.34	0.028322
1104.47	0.0287493
1104.6	0.0272233
1104.74	0.0277117
1104.87	0.0272233
1105	0.0282
1105.14	0.0275896
1105.27	0.0284441
1105.4	0.0280779
1105.54	0.0279558
1105.67	0.0279558
1105.8	0.0284441
1105.94	0.028261
1106.07	0.0279558
1106.21	0.0277727
1106.34	0.0282
1106.47	0.0279558
1106.61	0.0275896
1106.74	0.0275896
1106.87	0.0280168
1107.01	0.0274065
1107.14	0.0278337
1107.27	0.0277727
1107.41	0.0277117
1107.54	0.0271623

