Source: Spectrum Viewer

Chart: Pulse Spectrum

Series: 
Wavelength (nm)	S (a.u.)
617.638	0.0290288
617.773	0.0283936
617.908	0.0289017
618.043	0.0295369
618.178	0.0285206
618.313	0.0292829
618.448	0.0293464
618.583	0.028203
618.718	0.0285841
618.853	0.0284571
618.988	0.0293464
619.123	0.0278219
619.258	0.0292829
619.394	0.0290923
619.529	0.0289017
619.664	0.029664
619.799	0.0292193
619.934	0.0287747
620.069	0.0286477
620.204	0.0289653
620.339	0.0285841
620.474	0.0285206
620.609	0.0293464
620.744	0.0289653
620.879	0.0291558
621.014	0.0293464
621.149	0.0285841
621.284	0.0285206
621.419	0.0285206
621.554	0.0284571
621.689	0.0285206
621.825	0.0289653
621.96	0.0286477
622.095	0.0291558
622.23	0.0284571
622.365	0.0288382
622.5	0.0285841
622.635	0.0278854
622.77	0.0283936
622.905	0.0294734
623.04	0.0289653
623.175	0.0289017
623.31	0.0279489
623.445	0.028076
623.58	0.0292829
623.715	0.0284571
623.85	0.0293464
623.985	0.0288382
624.12	0.0292829
624.255	0.0291558
624.39	0.0289653
624.525	0.0290288
624.661	0.0290923
624.796	0.0290923
624.931	0.0288382
625.066	0.0283936
625.201	0.0287112
625.336	0.0274408
625.471	0.0291558
625.606	0.0287112
625.741	0.0282665
625.876	0.0294734
626.011	0.0289017
626.146	0.0289017
626.281	0.0287747
626.416	0.0285206
626.551	0.0285841
626.686	0.0288382
626.821	0.0283301
626.956	0.0286477
627.091	0.0286477
627.226	0.0291558
627.361	0.0288382
627.496	0.0299816
627.631	0.0292829
627.766	0.0283301
627.901	0.0290288
628.036	0.0287747
628.171	0.029791
628.307	0.0297275
628.442	0.0287112
628.577	0.0289017
628.712	0.0284571
628.847	0.0287747
628.982	0.028076
629.117	0.0288382
629.252	0.0291558
629.387	0.0274408
629.522	0.0289017
629.657	0.0290288
629.792	0.0288382
629.927	0.0293464
630.062	0.0290288
630.197	0.0296005
630.332	0.0294099
630.467	0.0293464
630.602	0.0294734
630.737	0.0278219
630.872	0.0286477
631.007	0.0294734
631.142	0.0294099
631.277	0.0283936
631.412	0.0288382
631.547	0.0288382
631.682	0.0283936
631.817	0.0285206
631.952	0.0282665
632.087	0.0285841
632.222	0.0285841
632.357	0.0290923
632.492	0.0286477
632.627	0.0283301
632.762	0.0287112
632.897	0.0289653
633.032	0.0294099
633.167	0.0290923
633.302	0.0283936
633.437	0.0284571
633.572	0.0290923
633.707	0.0284571
633.842	0.0286477
633.978	0.0285206
634.113	0.0281395
634.248	0.0287747
634.383	0.029664
634.518	0.0278219
634.653	0.0291558
634.788	0.0285841
634.923	0.0287112
635.058	0.0283301
635.193	0.028076
635.328	0.0291558
635.463	0.0296005
635.598	0.0289017
635.733	0.0280124
635.868	0.0289653
636.003	0.0282665
636.138	0.0284571
636.273	0.0295369
636.408	0.0294734
636.543	0.0293464
636.678	0.028203
636.813	0.0282665
636.948	0.0290288
637.083	0.0290288
637.218	0.0283301
637.353	0.0294099
637.488	0.0290288
637.623	0.0282665
637.758	0.0292193
637.893	0.0276948
638.028	0.0287112
638.163	0.0285206
638.298	0.0297275
638.433	0.028203
638.568	0.0295369
638.703	0.0288382
638.838	0.0286477
638.973	0.0284571
639.108	0.0278854
639.243	0.0284571
639.378	0.0287112
639.513	0.0283301
639.648	0.0282665
639.783	0.0292829
639.918	0.0281395
640.053	0.029791
640.188	0.0302992
640.323	0.0283301
640.458	0.0289017
640.593	0.0287747
640.728	0.0289653
640.863	0.0292193
640.998	0.0293464
641.133	0.0285841
641.268	0.0286477
641.403	0.0279489
641.538	0.0293464
641.673	0.0294099
641.808	0.0288382
641.943	0.0290288
642.078	0.0286477
642.213	0.0287112
642.348	0.0290923
642.483	0.0290288
642.618	0.0293464
642.753	0.0288382
642.888	0.0294734
643.023	0.0291558
643.158	0.0292193
643.293	0.028203
643.428	0.0289017
643.563	0.0287747
643.698	0.0284571
643.833	0.0288382
643.968	0.0287112
644.103	0.0281395
644.237	0.0299181
644.372	0.0290923
644.507	0.0282665
644.642	0.0276948
644.777	0.0284571
644.912	0.0285206
645.047	0.0289653
645.182	0.0285841
645.317	0.0289017
645.452	0.0284571
645.587	0.0291558
645.722	0.0287112
645.857	0.0287112
645.992	0.0290288
646.127	0.0286477
646.262	0.0290923
646.397	0.0282665
646.532	0.0286477
646.667	0.0288382
646.802	0.0282665
646.937	0.0283936
647.072	0.0296005
647.207	0.0298545
647.342	0.029791
647.477	0.0283936
647.612	0.0285206
647.747	0.0290923
647.882	0.0292193
648.017	0.0288382
648.152	0.0294734
648.287	0.0283936
648.422	0.0289653
648.557	0.0291558
648.692	0.0285841
648.827	0.0286477
648.962	0.0280124
649.097	0.0287747
649.232	0.0290923
649.367	0.0290288
649.502	0.0287112
649.637	0.0292193
649.772	0.0289017
649.906	0.0290923
650.041	0.0285206
650.176	0.0290288
650.311	0.0284571
650.446	0.0287747
650.581	0.0284571
650.716	0.0289653
650.851	0.0286477
650.986	0.028203
651.121	0.0283936
651.256	0.0276948
651.391	0.0290288
651.526	0.0296005
651.661	0.0290923
651.796	0.0284571
651.931	0.0294734
652.066	0.0291558
652.201	0.0295369
652.336	0.0290288
652.471	0.0285206
652.606	0.028203
652.741	0.0290288
652.876	0.028076
653.011	0.0289017
653.146	0.0291558
653.281	0.0288382
653.415	0.0286477
653.55	0.0289017
653.685	0.0285206
653.82	0.0292829
653.955	0.0290288
654.09	0.0287747
654.225	0.0290923
654.36	0.0280124
654.495	0.028076
654.63	0.0294099
654.765	0.0282665
654.9	0.0292193
655.035	0.0286477
655.17	0.0295369
655.305	0.0287747
655.44	0.0291558
655.575	0.0294099
655.71	0.0276948
655.845	0.0290288
655.98	0.0286477
656.115	0.0290923
656.25	0.0285206
656.384	0.0290923
656.519	0.028203
656.654	0.0287747
656.789	0.028203
656.924	0.0283936
657.059	0.0289017
657.194	0.0282665
657.329	0.0282665
657.464	0.0277584
657.599	0.0279489
657.734	0.0288382
657.869	0.0283301
658.004	0.0284571
658.139	0.0290923
658.274	0.0285841
658.409	0.0289017
658.544	0.0294099
658.679	0.0293464
658.813	0.0275678
658.948	0.0294734
659.083	0.0282665
659.218	0.028203
659.353	0.0286477
659.488	0.0284571
659.623	0.0294099
659.758	0.0275678
659.893	0.0284571
660.028	0.0285841
660.163	0.0293464
660.298	0.0295369
660.433	0.0289653
660.568	0.0287747
660.703	0.0283301
660.838	0.0290923
660.972	0.0292193
661.107	0.0279489
661.242	0.0288382
661.377	0.0287112
661.512	0.0283936
661.647	0.0289653
661.782	0.0291558
661.917	0.0285206
662.052	0.0282665
662.187	0.0297275
662.322	0.0288382
662.457	0.0293464
662.592	0.0289653
662.727	0.0289017
662.862	0.0294099
662.996	0.0287747
663.131	0.0286477
663.266	0.0293464
663.401	0.0283936
663.536	0.0294734
663.671	0.0290923
663.806	0.028076
663.941	0.0289653
664.076	0.0285841
664.211	0.0295369
664.346	0.0295369
664.481	0.0287747
664.616	0.0289653
664.75	0.0289017
664.885	0.0296005
665.02	0.0289017
665.155	0.0298545
665.29	0.0290288
665.425	0.0287112
665.56	0.0282665
665.695	0.0278854
665.83	0.0289017
665.965	0.0288382
666.1	0.0283301
666.235	0.0285206
666.37	0.0283301
666.504	0.0294099
666.639	0.0281395
666.774	0.0282665
666.909	0.0293464
667.044	0.0293464
667.179	0.0285206
667.314	0.0294099
667.449	0.0288382
667.584	0.0285841
667.719	0.0277584
667.854	0.0291558
667.989	0.0288382
668.123	0.0288382
668.258	0.0287112
668.393	0.0287112
668.528	0.0285841
668.663	0.0283936
668.798	0.0285841
668.933	0.0286477
669.068	0.0284571
669.203	0.0285841
669.338	0.0287112
669.473	0.0291558
669.607	0.0287112
669.742	0.0289017
669.877	0.0298545
670.012	0.0289653
670.147	0.0283301
670.282	0.0285841
670.417	0.0290923
670.552	0.0299181
670.687	0.028203
670.822	0.0294734
670.957	0.0287112
671.091	0.028076
671.226	0.0290288
671.361	0.0292829
671.496	0.0271867
671.631	0.0289017
671.766	0.0287747
671.901	0.0290288
672.036	0.0294099
672.171	0.0289017
672.306	0.0289017
672.44	0.0292193
672.575	0.0292829
672.71	0.0291558
672.845	0.0287747
672.98	0.0289017
673.115	0.0285206
673.25	0.0296005
673.385	0.0290923
673.52	0.0289017
673.655	0.0283301
673.789	0.0290923
673.924	0.0290923
674.059	0.0293464
674.194	0.0281395
674.329	0.0278854
674.464	0.0286477
674.599	0.028203
674.734	0.029791
674.869	0.0291558
675.003	0.0287747
675.138	0.0289653
675.273	0.0290923
675.408	0.0283936
675.543	0.0282665
675.678	0.0280124
675.813	0.0292193
675.948	0.0288382
676.083	0.0284571
676.217	0.0285841
676.352	0.0278219
676.487	0.0282665
676.622	0.028076
676.757	0.0287112
676.892	0.0292193
677.027	0.0285206
677.162	0.0284571
677.297	0.0294734
677.431	0.028076
677.566	0.0291558
677.701	0.0294734
677.836	0.0290923
677.971	0.0288382
678.106	0.0291558
678.241	0.0299181
678.376	0.0283936
678.511	0.0287112
678.645	0.0299816
678.78	0.0288382
678.915	0.0286477
679.05	0.0285841
679.185	0.0289017
679.32	0.0289017
679.455	0.0287112
679.59	0.0286477
679.724	0.0285841
679.859	0.028076
679.994	0.0288382
680.129	0.0284571
680.264	0.0285841
680.399	0.0292829
680.534	0.0288382
680.669	0.0291558
680.803	0.0289017
680.938	0.0285841
681.073	0.0294734
681.208	0.0291558
681.343	0.029791
681.478	0.0288382
681.613	0.0286477
681.748	0.0283936
681.882	0.0279489
682.017	0.0276948
682.152	0.0288382
682.287	0.0287112
682.422	0.0284571
682.557	0.0295369
682.692	0.0296005
682.827	0.0291558
682.961	0.0286477
683.096	0.0292829
683.231	0.0290923
683.366	0.0281395
683.501	0.028203
683.636	0.0285206
683.771	0.0299181
683.906	0.0286477
684.04	0.0285841
684.175	0.0292829
684.31	0.0289017
684.445	0.0280124
684.58	0.0298545
684.715	0.0276313
684.85	0.0279489
684.984	0.0278219
685.119	0.0294734
685.254	0.0292193
685.389	0.0291558
685.524	0.0283936
685.659	0.0290923
685.794	0.0279489
685.928	0.0285841
686.063	0.0288382
686.198	0.0285841
686.333	0.0289653
686.468	0.0288382
686.603	0.0286477
686.738	0.0284571
686.872	0.0292193
687.007	0.0294734
687.142	0.0284571
687.277	0.0287112
687.412	0.0290288
687.547	0.0284571
687.682	0.0285841
687.816	0.0285841
687.951	0.0278854
688.086	0.0287112
688.221	0.0290923
688.356	0.028076
688.491	0.0283936
688.626	0.0280124
688.76	0.0287747
688.895	0.0290288
689.03	0.0294099
689.165	0.0287747
689.3	0.0291558
689.435	0.0281395
689.57	0.0283301
689.704	0.0289653
689.839	0.0280124
689.974	0.0290923
690.109	0.0280124
690.244	0.0294734
690.379	0.0286477
690.513	0.0290923
690.648	0.0285841
690.783	0.0283936
690.918	0.0288382
691.053	0.0292193
691.188	0.0285206
691.323	0.0283301
691.457	0.028203
691.592	0.028076
691.727	0.0287112
691.862	0.0287112
691.997	0.0285841
692.132	0.0283936
692.266	0.0280124
692.401	0.0283301
692.536	0.0287112
692.671	0.0294099
692.806	0.0282665
692.941	0.0283936
693.075	0.0288382
693.21	0.0282665
693.345	0.0278854
693.48	0.0289653
693.615	0.0290288
693.75	0.0290923
693.885	0.0290923
694.019	0.0287112
694.154	0.0289017
694.289	0.0286477
694.424	0.0281395
694.559	0.0302357
694.694	0.0289653
694.828	0.0279489
694.963	0.0289653
695.098	0.0286477
695.233	0.0291558
695.368	0.0294734
695.503	0.0291558
695.637	0.0293464
695.772	0.0287112
695.907	0.0293464
696.042	0.0286477
696.177	0.0290288
696.312	0.0280124
696.446	0.0276948
696.581	0.0288382
696.716	0.0289017
696.851	0.0283936
696.986	0.0288382
697.12	0.0287747
697.255	0.0282665
697.39	0.0289017
697.525	0.0279489
697.66	0.0288382
697.795	0.0285841
697.929	0.0285206
698.064	0.0285841
698.199	0.0287112
698.334	0.0295369
698.469	0.0285206
698.604	0.028203
698.738	0.0289017
698.873	0.0289653
699.008	0.0285841
699.143	0.028203
699.278	0.028076
699.412	0.0290923
699.547	0.0287747
699.682	0.0288382
699.817	0.0292193
699.952	0.0285841
700.087	0.0276948
700.221	0.028203
700.356	0.0283301
700.491	0.028203
700.626	0.0280124
700.761	0.0285841
700.895	0.0293464
701.03	0.0284571
701.165	0.0292193
701.3	0.0282665
701.435	0.0287747
701.57	0.0286477
701.704	0.028076
701.839	0.0285841
701.974	0.0292193
702.109	0.0284571
702.244	0.0291558
702.378	0.0279489
702.513	0.0290288
702.648	0.0288382
702.783	0.0286477
702.918	0.0286477
703.052	0.0283936
703.187	0.0294099
703.322	0.0277584
703.457	0.0283301
703.592	0.0282665
703.727	0.0283301
703.861	0.0282665
703.996	0.0284571
704.131	0.0287112
704.266	0.0287747
704.401	0.0291558
704.535	0.0288382
704.67	0.0289653
704.805	0.0288382
704.94	0.0294099
705.075	0.0285841
705.209	0.0290923
705.344	0.0273772
705.479	0.0290288
705.614	0.0294099
705.749	0.0290288
705.883	0.0285841
706.018	0.0287747
706.153	0.0290288
706.288	0.0285841
706.423	0.0283936
706.557	0.0287112
706.692	0.0291558
706.827	0.0292829
706.962	0.0288382
707.097	0.0287112
707.231	0.0287747
707.366	0.0290923
707.501	0.0289653
707.636	0.0282665
707.771	0.0287747
707.905	0.0285841
708.04	0.0289017
708.175	0.0289653
708.31	0.0287747
708.445	0.0283936
708.579	0.0290923
708.714	0.0289017
708.849	0.0292829
708.984	0.0287747
709.118	0.0294734
709.253	0.0289653
709.388	0.0285206
709.523	0.0277584
709.658	0.0281395
709.792	0.0283301
709.927	0.0287112
710.062	0.0290923
710.197	0.0293464
710.332	0.0283936
710.466	0.0289017
710.601	0.0290923
710.736	0.0284571
710.871	0.0290288
711.006	0.0285206
711.14	0.0279489
711.275	0.0290288
711.41	0.0286477
711.545	0.0288382
711.679	0.0283936
711.814	0.0293464
711.949	0.0295369
712.084	0.0292193
712.219	0.0289653
712.353	0.0290923
712.488	0.0282665
712.623	0.0286477
712.758	0.0287112
712.892	0.0294099
713.027	0.0295369
713.162	0.0288382
713.297	0.0287747
713.432	0.0290923
713.566	0.0286477
713.701	0.0287112
713.836	0.0290923
713.971	0.0287112
714.105	0.0283301
714.24	0.0280124
714.375	0.0292829
714.51	0.0284571
714.645	0.0284571
714.779	0.0287112
714.914	0.0284571
715.049	0.0289017
715.184	0.0285206
715.318	0.0289017
715.453	0.0287112
715.588	0.0287747
715.723	0.0289017
715.858	0.0292829
715.992	0.0283301
716.127	0.0292829
716.262	0.0283301
716.397	0.0291558
716.531	0.0282665
716.666	0.0290923
716.801	0.0290923
716.936	0.028203
717.07	0.0290288
717.205	0.0293464
717.34	0.0287747
717.475	0.0276948
717.61	0.0287112
717.744	0.0290288
717.879	0.0290923
718.014	0.0287112
718.149	0.0283936
718.283	0.0294099
718.418	0.0290923
718.553	0.0283936
718.688	0.0289017
718.822	0.0288382
718.957	0.0294099
719.092	0.0286477
719.227	0.0291558
719.361	0.0292829
719.496	0.0296005
719.631	0.0295369
719.766	0.029791
719.9	0.0289653
720.035	0.0289653
720.17	0.0288382
720.305	0.0283301
720.44	0.0289653
720.574	0.0282665
720.709	0.0289653
720.844	0.0287112
720.979	0.0289653
721.113	0.0287747
721.248	0.0289653
721.383	0.0285841
721.518	0.0293464
721.652	0.028203
721.787	0.0294734
721.922	0.0292829
722.057	0.0285206
722.191	0.0292829
722.326	0.0288382
722.461	0.0281395
722.596	0.0300451
722.73	0.0295369
722.865	0.0290288
723	0.0288382
723.135	0.0288382
723.269	0.0287112
723.404	0.0292193
723.539	0.0289017
723.674	0.0296005
723.808	0.0289653
723.943	0.0292193
724.078	0.0293464
724.213	0.0290288
724.347	0.0282665
724.482	0.0290923
724.617	0.0283301
724.752	0.0278854
724.886	0.0288382
725.021	0.0297275
725.156	0.0274408
725.291	0.0280124
725.425	0.0287747
725.56	0.0288382
725.695	0.0279489
725.829	0.0294099
725.964	0.0285206
726.099	0.0291558
726.234	0.0285841
726.368	0.0294099
726.503	0.0281395
726.638	0.0290923
726.773	0.0292193
726.907	0.0283301
727.042	0.0292829
727.177	0.0285206
727.312	0.0287747
727.446	0.0289017
727.581	0.0290923
727.716	0.0279489
727.851	0.0286477
727.985	0.0288382
728.12	0.0288382
728.255	0.0290923
728.389	0.0293464
728.524	0.028076
728.659	0.0283301
728.794	0.0287112
728.928	0.0289017
729.063	0.0293464
729.198	0.0290923
729.333	0.0287112
729.467	0.0286477
729.602	0.0283301
729.737	0.0292193
729.872	0.0289017
730.006	0.0290923
730.141	0.0289017
730.276	0.0283301
730.41	0.0289653
730.545	0.0285841
730.68	0.0282665
730.815	0.028203
730.949	0.0287112
731.084	0.0287747
731.219	0.0295369
731.354	0.0283301
731.488	0.0290288
731.623	0.028203
731.758	0.0289017
731.892	0.0290923
732.027	0.0293464
732.162	0.0283301
732.297	0.0289017
732.431	0.0285206
732.566	0.0276313
732.701	0.0289017
732.835	0.0290923
732.97	0.0283936
733.105	0.0278854
733.24	0.0290288
733.374	0.0280124
733.509	0.0286477
733.644	0.0298545
733.779	0.0289653
733.913	0.0290288
734.048	0.0290923
734.183	0.0289653
734.317	0.0276948
734.452	0.0286477
734.587	0.0292829
734.722	0.0287112
734.856	0.0289017
734.991	0.0287112
735.126	0.028203
735.26	0.0287747
735.395	0.0297275
735.53	0.0289017
735.665	0.0280124
735.799	0.0288382
735.934	0.0279489
736.069	0.0292829
736.203	0.0283936
736.338	0.0280124
736.473	0.0285206
736.607	0.0286477
736.742	0.0282665
736.877	0.0285206
737.012	0.0275043
737.146	0.0285206
737.281	0.0285206
737.416	0.0291558
737.55	0.0283936
737.685	0.0294734
737.82	0.0285206
737.955	0.0289653
738.089	0.0283301
738.224	0.0291558
738.359	0.0294734
738.493	0.0285206
738.628	0.0282665
738.763	0.0283936
738.897	0.0290923
739.032	0.0289653
739.167	0.0294099
739.302	0.0297275
739.436	0.0279489
739.571	0.0289653
739.706	0.0288382
739.84	0.0280124
739.975	0.0287112
740.11	0.0286477
740.244	0.0288382
740.379	0.0282665
740.514	0.0296005
740.649	0.0283936
740.783	0.0279489
740.918	0.0291558
741.053	0.0273772
741.187	0.0287747
741.322	0.0283936
741.457	0.0291558
741.591	0.0294099
741.726	0.0294734
741.861	0.0294734
741.996	0.0286477
742.13	0.0289653
742.265	0.0283936
742.4	0.0289653
742.534	0.0287112
742.669	0.0290288
742.804	0.0288382
742.938	0.0278854
743.073	0.0285206
743.208	0.0292193
743.342	0.0283936
743.477	0.0283301
743.612	0.0296005
743.747	0.0279489
743.881	0.0293464
744.016	0.0284571
744.151	0.0291558
744.285	0.028203
744.42	0.0287112
744.555	0.0285206
744.689	0.0287747
744.824	0.0292193
744.959	0.0285206
745.093	0.0289017
745.228	0.0287747
745.363	0.0291558
745.497	0.0288382
745.632	0.0286477
745.767	0.0293464
745.901	0.0290923
746.036	0.0289653
746.171	0.0299816
746.305	0.0294734
746.44	0.0284571
746.575	0.0292193
746.71	0.0288382
746.844	0.0290923
746.979	0.0290288
747.114	0.0296005
747.248	0.0283301
747.383	0.0283301
747.518	0.028203
747.652	0.0287747
747.787	0.0287112
747.922	0.0287112
748.056	0.0299816
748.191	0.0283936
748.326	0.0292193
748.46	0.0287747
748.595	0.0292193
748.73	0.0290923
748.864	0.0284571
748.999	0.0288382
749.134	0.0283301
749.268	0.0287112
749.403	0.0286477
749.538	0.0285841
749.672	0.0294734
749.807	0.0279489
749.942	0.0287747
750.076	0.0284571
750.211	0.0288382
750.346	0.0284571
750.48	0.0285206
750.615	0.0291558
750.75	0.0297275
750.884	0.0290288
751.019	0.0288382
751.154	0.0299181
751.288	0.0283936
751.423	0.0296005
751.558	0.0286477
751.692	0.0286477
751.827	0.0285841
751.962	0.0292193
752.096	0.0290923
752.231	0.0286477
752.366	0.0287112
752.5	0.0290288
752.635	0.0285206
752.77	0.0288382
752.904	0.0285206
753.039	0.0285841
753.174	0.0291558
753.308	0.0281395
753.443	0.0286477
753.578	0.0291558
753.712	0.0283301
753.847	0.0285841
753.982	0.0278854
754.116	0.0278854
754.251	0.0281395
754.386	0.0284571
754.52	0.0286477
754.655	0.0280124
754.79	0.0284571
754.924	0.0289017
755.059	0.0291558
755.194	0.0296005
755.328	0.0289653
755.463	0.0283301
755.597	0.0283301
755.732	0.0293464
755.867	0.0283936
756.001	0.0298545
756.136	0.0291558
756.271	0.0293464
756.405	0.0287747
756.54	0.0287112
756.675	0.0293464
756.809	0.0281395
756.944	0.0287112
757.079	0.0289653
757.213	0.0290923
757.348	0.0290288
757.483	0.0287112
757.617	0.0286477
757.752	0.0270596
757.887	0.0291558
758.021	0.0290288
758.156	0.0289653
758.29	0.0282665
758.425	0.0278854
758.56	0.0277584
758.694	0.0285206
758.829	0.0285841
758.964	0.0287112
759.098	0.0281395
759.233	0.0285206
759.368	0.0289017
759.502	0.0295369
759.637	0.0287747
759.772	0.0294734
759.906	0.0283936
760.041	0.0290288
760.175	0.0293464
760.31	0.0290288
760.445	0.028203
760.579	0.0280124
760.714	0.0281395
760.849	0.0283936
760.983	0.0287747
761.118	0.0289653
761.253	0.0289017
761.387	0.0290288
761.522	0.028203
761.656	0.0285206
761.791	0.0274408
761.926	0.0285841
762.06	0.0281395
762.195	0.0289653
762.33	0.0290288
762.464	0.0294099
762.599	0.0283936
762.733	0.0287112
762.868	0.0283936
763.003	0.0283301
763.137	0.029791
763.272	0.028203
763.407	0.0290288
763.541	0.0292193
763.676	0.0278219
763.811	0.0285841
763.945	0.0290288
764.08	0.0289653
764.214	0.0284571
764.349	0.0289653
764.484	0.0291558
764.618	0.0280124
764.753	0.0285841
764.888	0.0292829
765.022	0.0290923
765.157	0.0284571
765.291	0.0283301
765.426	0.0285206
765.561	0.0285841
765.695	0.0287112
765.83	0.0290288
765.965	0.0287112
766.099	0.0283936
766.234	0.0289017
766.368	0.0289017
766.503	0.0279489
766.638	0.0290923
766.772	0.0285206
766.907	0.0290288
767.041	0.0294734
767.176	0.0290288
767.311	0.028076
767.445	0.0281395
767.58	0.0294099
767.715	0.0281395
767.849	0.0296005
767.984	0.0282665
768.118	0.0284571
768.253	0.0283301
768.388	0.0285206
768.522	0.0295369
768.657	0.0291558
768.791	0.0286477
768.926	0.0292829
769.061	0.0287112
769.195	0.0287112
769.33	0.0276313
769.465	0.0292829
769.599	0.0292829
769.734	0.0283936
769.868	0.0287747
770.003	0.0279489
770.138	0.0281395
770.272	0.0285206
770.407	0.0292829
770.541	0.0283301
770.676	0.0279489
770.811	0.0285841
770.945	0.029664
771.08	0.0290288
771.214	0.0286477
771.349	0.0283301
771.484	0.0289653
771.618	0.0283301
771.753	0.0283301
771.887	0.0283301
772.022	0.0289653
772.157	0.0289017
772.291	0.0292193
772.426	0.0291558
772.56	0.0276948
772.695	0.0279489
772.83	0.0289653
772.964	0.028203
773.099	0.0287112
773.233	0.0290923
773.368	0.0282665
773.503	0.0284571
773.637	0.0284571
773.772	0.0285841
773.906	0.0286477
774.041	0.0297275
774.176	0.028203
774.31	0.0292829
774.445	0.0285841
774.579	0.0283301
774.714	0.0285841
774.849	0.0283301
774.983	0.0279489
775.118	0.0289653
775.252	0.0279489
775.387	0.0282665
775.522	0.0294734
775.656	0.0298545
775.791	0.0287747
775.925	0.0290923
776.06	0.0292193
776.195	0.0283301
776.329	0.0293464
776.464	0.0290923
776.598	0.0293464
776.733	0.0285841
776.868	0.0279489
777.002	0.0300451
777.137	0.0289017
777.271	0.0290923
777.406	0.0283301
777.54	0.0281395
777.675	0.0294099
777.81	0.0284571
777.944	0.0292829
778.079	0.0290288
778.213	0.0291558
778.348	0.0284571
778.483	0.0289017
778.617	0.0294099
778.752	0.0283301
778.886	0.0290923
779.021	0.028203
779.155	0.0282665
779.29	0.0287747
779.425	0.0290923
779.559	0.0294099
779.694	0.0283301
779.828	0.0292829
779.963	0.0281395
780.098	0.0285841
780.232	0.0289017
780.367	0.0285841
780.501	0.0292829
780.636	0.0288382
780.77	0.0285841
780.905	0.0285841
781.04	0.0285206
781.174	0.0292193
781.309	0.028203
781.443	0.0276948
781.578	0.0286477
781.712	0.0285841
781.847	0.0285841
781.982	0.0283301
782.116	0.0285206
782.251	0.0289017
782.385	0.0282665
782.52	0.0280124
782.654	0.0289653
782.789	0.028203
782.924	0.028076
783.058	0.0294099
783.193	0.0289653
783.327	0.0283936
783.462	0.0284571
783.596	0.0287747
783.731	0.0289653
783.866	0.0285841
784	0.0288382
784.135	0.0289017
784.269	0.0283301
784.404	0.0293464
784.538	0.0292829
784.673	0.0294099
784.808	0.0294099
784.942	0.0284571
785.077	0.0294734
785.211	0.0290288
785.346	0.0289653
785.48	0.0287112
785.615	0.0283301
785.75	0.0289017
785.884	0.0283301
786.019	0.0294099
786.153	0.0290923
786.288	0.0281395
786.422	0.0292193
786.557	0.0285206
786.691	0.0293464
786.826	0.0301086
786.961	0.0290923
787.095	0.0296005
787.23	0.0298545
787.364	0.0294099
787.499	0.0287112
787.633	0.0294099
787.768	0.0289017
787.902	0.0283936
788.037	0.0289653
788.172	0.0280124
788.306	0.0293464
788.441	0.0290923
788.575	0.028076
788.71	0.0292193
788.844	0.028203
788.979	0.0287112
789.113	0.0288382
789.248	0.0290923
789.383	0.0290288
789.517	0.0290923
789.652	0.0296005
789.786	0.0290288
789.921	0.029664
790.055	0.0281395
790.19	0.0287747
790.324	0.0292193
790.459	0.0299181
790.594	0.0298545
790.728	0.0285206
790.863	0.0289017
790.997	0.0280124
791.132	0.0284571
791.266	0.0292193
791.401	0.0296005
791.535	0.0291558
791.67	0.0294099
791.804	0.0290923
791.939	0.0283936
792.074	0.0283301
792.208	0.0289017
792.343	0.0288382
792.477	0.0285206
792.612	0.0290288
792.746	0.0292193
792.881	0.0280124
793.015	0.0290288
793.15	0.028203
793.284	0.0285841
793.419	0.0292193
793.553	0.0280124
793.688	0.028203
793.823	0.0290288
793.957	0.0292829
794.092	0.0291558
794.226	0.0285841
794.361	0.0278854
794.495	0.0298545
794.63	0.0285206
794.764	0.0286477
794.899	0.0279489
795.033	0.0284571
795.168	0.0290923
795.302	0.0279489
795.437	0.0289653
795.572	0.0287112
795.706	0.0299816
795.841	0.0285841
795.975	0.0294734
796.11	0.0292829
796.244	0.0290288
796.379	0.0283301
796.513	0.0289653
796.648	0.0286477
796.782	0.0288382
796.917	0.0289653
797.051	0.0293464
797.186	0.0290923
797.32	0.0287112
797.455	0.0284571
797.589	0.0290288
797.724	0.0289653
797.859	0.0278219
797.993	0.0288382
798.128	0.0278219
798.262	0.028203
798.397	0.0287112
798.531	0.0286477
798.666	0.0288382
798.8	0.0285841
798.935	0.0282665
799.069	0.0287747
799.204	0.0292193
799.338	0.0289653
799.473	0.0283936
799.607	0.0289653
799.742	0.0282665
799.876	0.0286477
800.011	0.0286477
800.145	0.0294099
800.28	0.0283301
800.414	0.0283936
800.549	0.0283936
800.683	0.0286477
800.818	0.0286477
800.953	0.0287112
801.087	0.0287747
801.222	0.0294734
801.356	0.0300451
801.491	0.0301721
801.625	0.0289653
801.76	0.0287112
801.894	0.0291558
802.029	0.0288382
802.163	0.0302357
802.298	0.0293464
802.432	0.0293464
802.567	0.0285206
802.701	0.0298545
802.836	0.0291558
802.97	0.0294734
803.105	0.029791
803.239	0.0292829
803.374	0.0285206
803.508	0.0292829
803.643	0.0293464
803.777	0.0290288
803.912	0.0289017
804.046	0.0297275
804.181	0.0296005
804.315	0.0294734
804.45	0.0301086
804.584	0.0292829
804.719	0.0296005
804.853	0.0285206
804.988	0.0300451
805.122	0.029791
805.257	0.0306803
805.391	0.0290923
805.526	0.0294734
805.66	0.0298545
805.795	0.029791
805.929	0.0298545
806.064	0.0303627
806.198	0.0306803
806.333	0.0300451
806.467	0.0302992
806.602	0.0302357
806.736	0.0307438
806.871	0.0308709
807.005	0.0311249
807.14	0.0302357
807.274	0.0314425
807.409	0.0316966
807.543	0.0315696
807.678	0.0318237
807.812	0.0315696
807.947	0.0325224
808.081	0.0318872
808.216	0.0334117
808.35	0.0340469
808.485	0.0336022
808.619	0.0337928
808.754	0.0351902
808.888	0.0343645
809.023	0.035889
809.157	0.037477
809.292	0.0377946
809.426	0.0383663
809.561	0.0402719
809.695	0.0410341
809.83	0.0466239
809.964	0.0551991
810.099	0.0618688
810.233	0.057867
810.368	0.0682208
810.502	0.0873404
810.637	0.15067
810.771	0.421521
810.906	0.721464
811.04	0.840945
811.175	0.874547
811.309	0.792733
811.444	0.924347
811.578	0.87893
811.713	0.996824
811.847	1
811.982	0.706028
812.116	0.509433
812.251	0.342311
812.385	0.291685
812.519	0.443753
812.654	0.452963
812.788	0.179318
812.923	0.050181
813.057	0.0391285
813.192	0.0370959
813.326	0.0353173
813.461	0.0346821
813.595	0.0350632
813.73	0.0336658
813.864	0.0336022
813.999	0.0341104
814.133	0.031252
814.268	0.0323318
814.402	0.0306803
814.537	0.0318872
814.671	0.0316331
814.806	0.0302992
814.94	0.0308073
815.075	0.0301086
815.209	0.0299816
815.344	0.0311885
815.478	0.0308073
815.612	0.0300451
815.747	0.0306168
815.881	0.0299181
816.016	0.0296005
816.15	0.0301086
816.285	0.0306168
816.419	0.0301086
816.554	0.0289017
816.688	0.0293464
816.823	0.0297275
816.957	0.0292829
817.092	0.0289017
817.226	0.0291558
817.361	0.029664
817.495	0.0286477
817.63	0.0292193
817.764	0.0298545
817.898	0.0291558
818.033	0.0301721
818.167	0.0287747
818.302	0.0285206
818.436	0.029664
818.571	0.0283936
818.705	0.0300451
818.84	0.0290288
818.974	0.0290923
819.109	0.0288382
819.243	0.0289017
819.378	0.0296005
819.512	0.0288382
819.646	0.0294099
819.781	0.0293464
819.915	0.0285206
820.05	0.0292193
820.184	0.0293464
820.319	0.0301721
820.453	0.0290923
820.588	0.029791
820.722	0.0292829
820.857	0.0295369
820.991	0.0288382
821.126	0.0283301
821.26	0.0287747
821.394	0.0292829
821.529	0.0279489
821.663	0.0287747
821.798	0.029791
821.932	0.0293464
822.067	0.0290288
822.201	0.0278854
822.336	0.0281395
822.47	0.0286477
822.605	0.0292193
822.739	0.0280124
822.873	0.0285841
823.008	0.0292829
823.142	0.0287112
823.277	0.0286477
823.411	0.0285206
823.546	0.0286477
823.68	0.0282665
823.815	0.0290923
823.949	0.0293464
824.083	0.0288382
824.218	0.0289017
824.352	0.0284571
824.487	0.0282665
824.621	0.0281395
824.756	0.0287112
824.89	0.0281395
825.025	0.028076
825.159	0.0291558
825.293	0.0278854
825.428	0.0287112
825.562	0.0290288
825.697	0.0284571
825.831	0.0287747
825.966	0.0296005
826.1	0.0292829
826.235	0.0285841
826.369	0.0283301
826.503	0.0292193
826.638	0.0297275
826.772	0.0292829
826.907	0.0289017
827.041	0.0295369
827.176	0.0290923
827.31	0.0290288
827.445	0.0294734
827.579	0.0292829
827.713	0.0286477
827.848	0.0282665
827.982	0.0291558
828.117	0.0287747
828.251	0.0294734
828.386	0.0283936
828.52	0.0294099
828.654	0.0291558
828.789	0.0281395
828.923	0.0286477
829.058	0.0289653
829.192	0.0276313
829.327	0.0285841
829.461	0.0289653
829.596	0.0285206
829.73	0.0276948
829.864	0.0283936
829.999	0.0287747
830.133	0.0285841
830.268	0.0286477
830.402	0.0278219
830.537	0.0284571
830.671	0.0289017
830.805	0.0288382
830.94	0.0281395
831.074	0.0283301
831.209	0.0287112
831.343	0.0290288
831.478	0.0280124
831.612	0.0291558
831.746	0.0286477
831.881	0.0294734
832.015	0.0293464
832.15	0.0287747
832.284	0.0282665
832.418	0.0285841
832.553	0.0289653
832.687	0.0296005
832.822	0.0284571
832.956	0.0274408
833.091	0.0290923
833.225	0.0292829
833.359	0.0294734
833.494	0.0289017
833.628	0.0293464
833.763	0.0282665
833.897	0.0294099
834.032	0.0291558
834.166	0.0285206
834.3	0.0292193
834.435	0.0297275
834.569	0.0286477
834.704	0.0295369
834.838	0.0289017
834.972	0.0277584
835.107	0.0288382
835.241	0.0290288
835.376	0.0286477
835.51	0.0285206
835.645	0.0293464
835.779	0.0287112
835.913	0.0278219
836.048	0.0287747
836.182	0.0289017
836.317	0.0294734
836.451	0.0287747
836.585	0.0294099
836.72	0.0289653
836.854	0.0285841
836.989	0.0292193
837.123	0.0290288
837.257	0.0294099
837.392	0.0293464
837.526	0.0282665
837.661	0.0287112
837.795	0.0290288
837.929	0.028203
838.064	0.0289017
838.198	0.0285841
838.333	0.0284571
838.467	0.0276313
838.602	0.0285206
838.736	0.0289653
838.87	0.0286477
839.005	0.028203
839.139	0.0282665
839.274	0.0282665
839.408	0.0285206
839.542	0.0288382
839.677	0.0291558
839.811	0.0289017
839.946	0.0290288
840.08	0.0293464
840.214	0.0290288
840.349	0.0288382
840.483	0.0283301
840.618	0.0287747
840.752	0.0287112
840.886	0.0287112
841.021	0.0290288
841.155	0.0287112
841.29	0.0287747
841.424	0.0291558
841.558	0.0287747
841.693	0.0295369
841.827	0.0273772
841.961	0.0283936
842.096	0.0291558
842.23	0.0280124
842.365	0.0288382
842.499	0.0289017
842.633	0.0288382
842.768	0.0290923
842.902	0.0288382
843.037	0.0290288
843.171	0.0285206
843.305	0.0293464
843.44	0.0287747
843.574	0.0290288
843.709	0.0284571
843.843	0.0288382
843.977	0.029791
844.112	0.0282665
844.246	0.0283301
844.381	0.0294099
844.515	0.0283936
844.649	0.0289017
844.784	0.0288382
844.918	0.0300451
845.052	0.0287112
845.187	0.0284571
845.321	0.0286477
845.456	0.0282665
845.59	0.029664
845.724	0.028203
845.859	0.0286477
845.993	0.0287112
846.128	0.0292193
846.262	0.0292193
846.396	0.0289653
846.531	0.0285206
846.665	0.0285206
846.799	0.0292193
846.934	0.0286477
847.068	0.0283936
847.203	0.0299816
847.337	0.028076
847.471	0.0285206
847.606	0.0288382
847.74	0.0284571
847.874	0.0287747
848.009	0.0290288
848.143	0.0289017
848.278	0.0290923
848.412	0.0283301
848.546	0.0283301
848.681	0.0281395
848.815	0.0289017
848.949	0.0289653
849.084	0.0278854
849.218	0.0286477
849.353	0.0286477
849.487	0.028076
849.621	0.0279489
849.756	0.0288382
849.89	0.0289017
850.024	0.0290288
850.159	0.0283301
850.293	0.0292829
850.428	0.028203
850.562	0.0289653
850.696	0.0289653
850.831	0.0279489
850.965	0.0284571
851.099	0.0290923
851.234	0.0280124
851.368	0.0287112
851.502	0.0287112
851.637	0.0289017
851.771	0.0287747
851.906	0.0290923
852.04	0.0287112
852.174	0.0288382
852.309	0.0290288
852.443	0.0282665
852.577	0.0287112
852.712	0.0284571
852.846	0.0288382
852.98	0.0292829
853.115	0.0287747
853.249	0.0281395
853.384	0.0287112
853.518	0.0294734
853.652	0.0294734
853.787	0.0281395
853.921	0.0289653
854.055	0.0289017
854.19	0.0277584
854.324	0.0296005
854.458	0.0286477
854.593	0.029664
854.727	0.0282665
854.861	0.0290923
854.996	0.0283936
855.13	0.0290288
855.265	0.028203
855.399	0.0284571
855.533	0.0284571
855.668	0.0283936
855.802	0.028203
855.936	0.0284571
856.071	0.0289653
856.205	0.0292829
856.339	0.0293464
856.474	0.028203
856.608	0.0291558
856.742	0.0289653
856.877	0.0292829
857.011	0.0292193
857.145	0.0291558
857.28	0.0287112
857.414	0.0285206
857.549	0.0282665
857.683	0.0283936
857.817	0.0282665
857.952	0.0295369
858.086	0.0287747
858.22	0.0282665
858.355	0.0283301
858.489	0.0293464
858.623	0.0284571
858.758	0.0285206
858.892	0.0284571
859.026	0.0283936
859.161	0.0285206
859.295	0.028203
859.429	0.0283936
859.564	0.0288382
859.698	0.028203
859.832	0.0279489
859.967	0.0287747
860.101	0.0283936
860.235	0.0288382
860.37	0.0284571
860.504	0.0285841
860.638	0.0287112
860.773	0.0290288
860.907	0.0291558
861.041	0.029664
861.176	0.0285206
861.31	0.0287112
861.444	0.0273772
861.579	0.0289653
861.713	0.0282665
861.847	0.0285841
861.982	0.0285841
862.116	0.0292193
862.25	0.0285206
862.385	0.0285841
862.519	0.0284571
862.653	0.0290923
862.788	0.0288382
862.922	0.0289653
863.056	0.0283936
863.191	0.0286477
863.325	0.0285206
863.459	0.0283301
863.594	0.0284571
863.728	0.0283936
863.862	0.0287747
863.997	0.0285841
864.131	0.0287112
864.265	0.0291558
864.4	0.0294099
864.534	0.0282665
864.668	0.028203
864.803	0.0287747
864.937	0.029664
865.071	0.0288382
865.206	0.0290923
865.34	0.0286477
865.474	0.028203
865.609	0.0283936
865.743	0.0287747
865.877	0.0278219
866.012	0.0288382
866.146	0.0279489
866.28	0.028076
866.415	0.0289653
866.549	0.0285841
866.683	0.0283301
866.818	0.0287112
866.952	0.0285841
867.086	0.0291558
867.221	0.0285206
867.355	0.0285841
867.489	0.0287747
867.623	0.0283301
867.758	0.0285841
867.892	0.0285841
868.026	0.0284571
868.161	0.0288382
868.295	0.0284571
868.429	0.028076
868.564	0.0285206
868.698	0.0292829
868.832	0.0298545
868.967	0.0285206
869.101	0.0287112
869.235	0.0289653
869.37	0.0293464
869.504	0.028076
869.638	0.028203
869.773	0.0291558
869.907	0.0290288
870.041	0.0286477
870.175	0.0285206
870.31	0.0290923
870.444	0.028076
870.578	0.0286477
870.713	0.0290923
870.847	0.0299181
870.981	0.0288382
871.116	0.0290923
871.25	0.0278219
871.384	0.0287747
871.519	0.0285841
871.653	0.0286477
871.787	0.0287112
871.921	0.0278219
872.056	0.0283301
872.19	0.028203
872.324	0.0289017
872.459	0.0292829
872.593	0.0294734
872.727	0.0279489
872.862	0.0282665
872.996	0.0295369
873.13	0.0283936
873.264	0.0286477
873.399	0.0288382
873.533	0.0293464
873.667	0.0294734
873.802	0.0287747
873.936	0.0287112
874.07	0.028076
874.205	0.0289653
874.339	0.0294734
874.473	0.0290923
874.607	0.0285841
874.742	0.0291558
874.876	0.0285206
875.01	0.0285841
875.145	0.0285841
875.279	0.0293464
875.413	0.0293464
875.548	0.0290288
875.682	0.0285206
875.816	0.0290923
875.95	0.0294099
876.085	0.0295369
876.219	0.0290923
876.353	0.028203
876.488	0.0290923
876.622	0.0289017
876.756	0.0294099
876.89	0.0285206
877.025	0.029664
877.159	0.0289653
877.293	0.0285841
877.428	0.0290923
877.562	0.0282665
877.696	0.0289017
877.83	0.0286477
877.965	0.0284571
878.099	0.0287112
878.233	0.0290288
878.368	0.0288382
878.502	0.0290288
878.636	0.0287747
878.77	0.0289653
878.905	0.0291558
879.039	0.0280124
879.173	0.0286477
879.308	0.0285206
879.442	0.0278854
879.576	0.0289653
879.71	0.0292829
879.845	0.0283936
879.979	0.0286477
880.113	0.028203
880.248	0.0279489
880.382	0.0279489
880.516	0.0289017
880.65	0.0285206
880.785	0.0290288
880.919	0.0278854
881.053	0.0287747
881.188	0.028203
881.322	0.0290923
881.456	0.0281395
881.59	0.0288382
881.725	0.029664
881.859	0.0298545
881.993	0.0285206
882.127	0.0295369
882.262	0.0286477
882.396	0.0285206
882.53	0.0278854
882.665	0.0278854
882.799	0.0291558
882.933	0.028076
883.067	0.0290923
883.202	0.0282665
883.336	0.0291558
883.47	0.0294099
883.604	0.0288382
883.739	0.0286477
883.873	0.0285841
884.007	0.0295369
884.142	0.0285206
884.276	0.0294099
884.41	0.0287747
884.544	0.0285841
884.679	0.0289653
884.813	0.0287112
884.947	0.0290923
885.081	0.0283301
885.216	0.0284571
885.35	0.0289017
885.484	0.0287112
885.618	0.0282665
885.753	0.0290288
885.887	0.0287112
886.021	0.0290923
886.155	0.0289653
886.29	0.0288382
886.424	0.0285841
886.558	0.0285206
886.693	0.0283936
886.827	0.0292829
886.961	0.0288382
887.095	0.0283936
887.23	0.0284571
887.364	0.0296005
887.498	0.0281395
887.632	0.0285841
887.767	0.0294734
887.901	0.0290923
888.035	0.0299816
888.169	0.0287747
888.304	0.0283301
888.438	0.0295369
888.572	0.0285841
888.706	0.0283301
888.841	0.0285206
888.975	0.0287747
889.109	0.0283936
889.243	0.0289653
889.378	0.0283936
889.512	0.0285841
889.646	0.0290288
889.78	0.0279489
889.915	0.0291558
890.049	0.0288382
890.183	0.0285206
890.317	0.0292829
890.452	0.0283936
890.586	0.0285841
890.72	0.0282665
890.854	0.0291558
890.989	0.0282665
891.123	0.0292193
891.257	0.0285841
891.391	0.0279489
891.526	0.0291558
891.66	0.0284571
891.794	0.0294734
891.928	0.0287112
892.063	0.0286477
892.197	0.0289017
892.331	0.0278854
892.465	0.0280124
892.6	0.0291558
892.734	0.0287747
892.868	0.0289017
893.002	0.0292193
893.137	0.0282665
893.271	0.0285841
893.405	0.0287112
893.539	0.0284571
893.674	0.0294099
893.808	0.0291558
893.942	0.0289017
894.076	0.0291558
894.21	0.0285841
894.345	0.0287112
894.479	0.0287112
894.613	0.028203
894.747	0.0283301
894.882	0.0289653
895.016	0.0284571
895.15	0.0285206
895.284	0.0284571
895.419	0.0290923
895.553	0.0291558
895.687	0.0281395
895.821	0.0297275
895.956	0.0277584
896.09	0.028076
896.224	0.0287747
896.358	0.029664
896.492	0.0285841
896.627	0.0287747
896.761	0.0290288
896.895	0.0289017
897.029	0.0275043
897.164	0.0292193
897.298	0.0289653
897.432	0.0284571
897.566	0.0289017
897.701	0.0281395
897.835	0.0285206
897.969	0.0289653
898.103	0.0283301
898.237	0.0290923
898.372	0.0282665
898.506	0.0289653
898.64	0.0287747
898.774	0.028076
898.909	0.0289653
899.043	0.0278854
899.177	0.0294099
899.311	0.0292193
899.445	0.0289653
899.58	0.0294099
899.714	0.0284571
899.848	0.0287747
899.982	0.0281395
900.117	0.0276313
900.251	0.0292193
900.385	0.0292193
900.519	0.0295369
900.653	0.0294099
900.788	0.0287747
900.922	0.028076
901.056	0.0287112
901.19	0.0299181
901.325	0.0283301
901.459	0.0290288
901.593	0.0293464
901.727	0.0283301
901.861	0.0283936
901.996	0.0283301
902.13	0.0292193
902.264	0.0287112
902.398	0.0290923
902.532	0.029664
902.667	0.0288382
902.801	0.0295369
902.935	0.0286477
903.069	0.0283936
903.204	0.0283936
903.338	0.0284571
903.472	0.0289017
903.606	0.0278854
903.74	0.0286477
903.875	0.0289017
904.009	0.0288382
904.143	0.028076
904.277	0.0289653
904.411	0.0288382
904.546	0.0291558
904.68	0.0290923
904.814	0.0281395
904.948	0.0288382
905.082	0.0287747
905.217	0.0297275
905.351	0.0279489
905.485	0.0287112
905.619	0.0289017
905.753	0.0279489
905.888	0.0289017
906.022	0.0285841
906.156	0.0285206
906.29	0.0286477
906.424	0.0279489
906.559	0.0283936
906.693	0.0285841
906.827	0.0289653
906.961	0.0293464
907.095	0.0290288
907.23	0.0287747
907.364	0.0287747
907.498	0.029664
907.632	0.0293464
907.766	0.0292193
907.901	0.0287112
908.035	0.0293464
908.169	0.0283301
908.303	0.0287112
908.437	0.0286477
908.572	0.0287112
908.706	0.0281395
908.84	0.0289653
908.974	0.0285841
909.108	0.0275043
909.243	0.0272502
909.377	0.0290288
909.511	0.0283936
909.645	0.0299181
909.779	0.0293464
909.914	0.0281395
910.048	0.0287112
910.182	0.0285841
910.316	0.0293464
910.45	0.0294099
910.585	0.0283301
910.719	0.0294734
910.853	0.0287112
910.987	0.0293464
911.121	0.0290288
911.255	0.0283936
911.39	0.0292829
911.524	0.0294734
911.658	0.0292829
911.792	0.0293464
911.926	0.029664
912.061	0.0276313
912.195	0.0292829
912.329	0.0294099
912.463	0.0290288
912.597	0.0290288
912.732	0.0292829
912.866	0.0283301
913	0.0282665
913.134	0.0288382
913.268	0.0289017
913.402	0.0290288
913.537	0.0291558
913.671	0.0283936
913.805	0.0289653
913.939	0.0286477
914.073	0.0278854
914.208	0.0290288
914.342	0.0288382
914.476	0.0277584
914.61	0.0288382
914.744	0.0290288
914.878	0.0285206
915.013	0.0290923
915.147	0.0290288
915.281	0.0280124
915.415	0.0294099
915.549	0.0277584
915.683	0.0289653
915.818	0.0290923
915.952	0.0287112
916.086	0.0291558
916.22	0.0285206
916.354	0.0286477
916.488	0.0298545
916.623	0.0289653
916.757	0.0287747
916.891	0.028076
917.025	0.0287112
917.159	0.0290288
917.293	0.0285841
917.428	0.0287747
917.562	0.0293464
917.696	0.0285841
917.83	0.0297275
917.964	0.0299816
918.098	0.0292193
918.233	0.0289017
918.367	0.0283301
918.501	0.0289653
918.635	0.0283936
918.769	0.0291558
918.903	0.0282665
919.038	0.0282665
919.172	0.0288382
919.306	0.0290288
919.44	0.0301086
919.574	0.0283301
919.708	0.0285841
919.843	0.0289653
919.977	0.028203
920.111	0.0288382
920.245	0.0292829
920.379	0.0280124
920.513	0.0285841
920.648	0.0281395
920.782	0.0285206
920.916	0.0285206
921.05	0.0287747
921.184	0.028203
921.318	0.0289653
921.453	0.0289653
921.587	0.0294734
921.721	0.0288382
921.855	0.0283301
921.989	0.0293464
922.123	0.0280124
922.257	0.0293464
922.392	0.0287112
922.526	0.0290923
922.66	0.0287112
922.794	0.0293464
922.928	0.0281395
923.062	0.0286477
923.197	0.0285841
923.331	0.0285206
923.465	0.0279489
923.599	0.0287112
923.733	0.0285841
923.867	0.0280124
924.001	0.0289653
924.136	0.028203
924.27	0.0290923
924.404	0.0290288
924.538	0.0284571
924.672	0.0291558
924.806	0.0289017
924.94	0.0300451
925.075	0.0286477
925.209	0.0283936
925.343	0.0292829
925.477	0.0287112
925.611	0.0284571
925.745	0.0283301
925.879	0.0283301
926.014	0.0299816
926.148	0.0289653
926.282	0.028203
926.416	0.0287747
926.55	0.0285206
926.684	0.0279489
926.818	0.0284571
926.953	0.0292829
927.087	0.0289653
927.221	0.0291558
927.355	0.0297275
927.489	0.0292829
927.623	0.0288382
927.757	0.0289017
927.892	0.0280124
928.026	0.0285206
928.16	0.0290923
928.294	0.0289653
928.428	0.0289653
928.562	0.0286477
928.696	0.028076
928.831	0.0295369
928.965	0.0285206
929.099	0.0286477
929.233	0.0289653
929.367	0.0293464
929.501	0.0285841
929.635	0.0285841
929.769	0.0294734
929.904	0.0292829
930.038	0.0285206
930.172	0.0290288
930.306	0.0283301
930.44	0.0290288
930.574	0.0285206
930.708	0.0278854
930.843	0.0290288
930.977	0.0290288
931.111	0.028203
931.245	0.0290288
931.379	0.0289017
931.513	0.0285841
931.647	0.0287747
931.781	0.0279489
931.916	0.0290923
932.05	0.028203
932.184	0.0283936
932.318	0.0281395
932.452	0.0280124
932.586	0.028076
932.72	0.028203
932.854	0.0287747
932.989	0.0283301
933.123	0.0294099
933.257	0.0297275
933.391	0.0290288
933.525	0.0282665
933.659	0.0289653
933.793	0.0276313
933.927	0.0283936
934.061	0.0276313
934.196	0.0293464
934.33	0.0288382
934.464	0.0276313
934.598	0.0284571
934.732	0.0285841
934.866	0.0285841
935	0.0294099
935.134	0.0287112
935.269	0.0290288
935.403	0.0286477
935.537	0.0292829
935.671	0.0287112
935.805	0.0280124
935.939	0.0286477
936.073	0.0285841
936.207	0.0283301
936.341	0.0281395
936.476	0.0289017
936.61	0.0287747
936.744	0.0280124
936.878	0.0287747
937.012	0.029664
937.146	0.0285206
937.28	0.0285206
937.414	0.0290923
937.548	0.0284571
937.683	0.0286477
937.817	0.0287112
937.951	0.0282665
938.085	0.0285841
938.219	0.0276313
938.353	0.0288382
938.487	0.0292193
938.621	0.0290288
938.755	0.0285841
938.889	0.0287112
939.024	0.0281395
939.158	0.0278219
939.292	0.0283301
939.426	0.0282665
939.56	0.0289653
939.694	0.0283301
939.828	0.0285206
939.962	0.0283936
940.096	0.0285206
940.231	0.0285841
940.365	0.0287747
940.499	0.0288382
940.633	0.0299181
940.767	0.0287112
940.901	0.0290288
941.035	0.0285206
941.169	0.0292829
941.303	0.0283301
941.437	0.0284571
941.571	0.0286477
941.706	0.0290288
941.84	0.0283301
941.974	0.0286477
942.108	0.0288382
942.242	0.0284571
942.376	0.0286477
942.51	0.0283936
942.644	0.0286477
942.778	0.0278219
942.912	0.0286477
943.047	0.029664
943.181	0.0289017
943.315	0.0291558
943.449	0.0287112
943.583	0.0289017
943.717	0.0282665
943.851	0.0284571
943.985	0.0294099
944.119	0.0283301
944.253	0.0285206
944.387	0.0289017
944.522	0.0288382
944.656	0.0289653
944.79	0.0290288
944.924	0.0285841
945.058	0.0278219
945.192	0.0293464
945.326	0.0292829
945.46	0.0297275
945.594	0.0297275
945.728	0.0287112
945.862	0.0291558
945.996	0.0281395
946.131	0.0284571
946.265	0.0291558
946.399	0.0285841
946.533	0.0292193
946.667	0.0287747
946.801	0.0290288
946.935	0.0286477
947.069	0.0288382
947.203	0.0288382
947.337	0.0285841
947.471	0.0292829
947.605	0.0288382
947.739	0.0282665
947.874	0.0287112
948.008	0.0289653
948.142	0.0285841
948.276	0.0280124
948.41	0.0286477
948.544	0.0283936
948.678	0.028076
948.812	0.0290288
948.946	0.0291558
949.08	0.028076
949.214	0.0285841
949.348	0.0290288
949.482	0.0288382
949.617	0.0290288
949.751	0.0290923
949.885	0.0293464
950.019	0.0283936
950.153	0.0291558
950.287	0.028203
950.421	0.0290288
950.555	0.0290288
950.689	0.0281395
950.823	0.0284571
950.957	0.0285206
951.091	0.0290923
951.225	0.0283936
951.359	0.0285841
951.493	0.0275678
951.628	0.0286477
951.762	0.0278219
951.896	0.0286477
952.03	0.0289653
952.164	0.0297275
952.298	0.0285841
952.432	0.0289017
952.566	0.0291558
952.7	0.0282665
952.834	0.0289017
952.968	0.0290923
953.102	0.0287747
953.236	0.0281395
953.37	0.0292193
953.504	0.0283301
953.639	0.0286477
953.773	0.0284571
953.907	0.0286477
954.041	0.0287747
954.175	0.0291558
954.309	0.0278854
954.443	0.0273137
954.577	0.0287112
954.711	0.0295369
954.845	0.0289017
954.979	0.0286477
955.113	0.0289017
955.247	0.0286477
955.381	0.0283936
955.515	0.0287747
955.649	0.0277584
955.783	0.0287747
955.917	0.0288382
956.052	0.0287112
956.186	0.0289653
956.32	0.0289653
956.454	0.0287112
956.588	0.0290923
956.722	0.0292193
956.856	0.0281395
956.99	0.0294099
957.124	0.0286477
957.258	0.0293464
957.392	0.028076
957.526	0.0287747
957.66	0.0278854
957.794	0.0290288
957.928	0.0287112
958.062	0.0276313
958.196	0.0287112
958.33	0.028076
958.464	0.0287112
958.598	0.0286477
958.733	0.0289017
958.867	0.0284571
959.001	0.0291558
959.135	0.0293464
959.269	0.0285206
959.403	0.0281395
959.537	0.0283936
959.671	0.0286477
959.805	0.0282665
959.939	0.0287747
960.073	0.0288382
960.207	0.0290288
960.341	0.0281395
960.475	0.0287112
960.609	0.0289653
960.743	0.0285206
960.877	0.0292193
961.011	0.0290288
961.145	0.0285206
961.279	0.0292829
961.413	0.0283936
961.547	0.0284571
961.681	0.0287112
961.815	0.0298545
961.949	0.0287112
962.083	0.0288382
962.218	0.0288382
962.352	0.0278219
962.486	0.0285841
962.62	0.0287747
962.754	0.0288382
962.888	0.0283936
963.022	0.0288382
963.156	0.0277584
963.29	0.0288382
963.424	0.028076
963.558	0.0284571
963.692	0.0286477
963.826	0.0293464
963.96	0.0290288
964.094	0.0276313
964.228	0.0289653
964.362	0.0294099
964.496	0.0287747
964.63	0.0287747
964.764	0.0288382
964.898	0.0288382
965.032	0.028203
965.166	0.0285206
965.3	0.0288382
965.434	0.0290288
965.568	0.0297275
965.702	0.0286477
965.836	0.0285206
965.97	0.0283936
966.104	0.0281395
966.238	0.0285841
966.372	0.0286477
966.506	0.0289653
966.64	0.0285206
966.774	0.028076
966.908	0.028203
967.043	0.0290923
967.177	0.0299181
967.311	0.0280124
967.445	0.0290288
967.579	0.028076
967.713	0.0282665
967.847	0.028203
967.981	0.0288382
968.115	0.0285206
968.249	0.0289653
968.383	0.0286477
968.517	0.0288382
968.651	0.0289017
968.785	0.0293464
968.919	0.0293464
969.053	0.0289017
969.187	0.0287112
969.321	0.0292829
969.455	0.0286477
969.589	0.0275043
969.723	0.0283301
969.857	0.0290923
969.991	0.0276313
970.125	0.0279489
970.259	0.0282665
970.393	0.0293464
970.527	0.0290288
970.661	0.0289017
970.795	0.0287112
970.929	0.0285206
971.063	0.0288382
971.197	0.0287747
971.331	0.0290923
971.465	0.0288382
971.599	0.0285206
971.733	0.0292193
971.867	0.0285841
972.001	0.0286477
972.135	0.0286477
972.269	0.0283936
972.403	0.0285841
972.537	0.0286477
972.671	0.0289653
972.805	0.0285841
972.939	0.0288382
973.073	0.0286477
973.207	0.0291558
973.341	0.0287747
973.475	0.0282665
973.609	0.0280124
973.743	0.0288382
973.877	0.0285206
974.011	0.028076
974.145	0.0288382
974.279	0.0283936
974.413	0.0288382
974.547	0.0290288
974.681	0.0285206
974.815	0.0286477
974.949	0.0296005
975.083	0.0279489
975.217	0.0285206
975.351	0.0293464
975.485	0.0291558
975.619	0.028203
975.753	0.0294099
975.887	0.0288382
976.021	0.0288382
976.155	0.0286477
976.289	0.0282665
976.423	0.0287747
976.557	0.0289653
976.691	0.0280124
976.825	0.028203
976.959	0.0289653
977.093	0.0292193
977.227	0.0289653
977.361	0.0277584
977.495	0.0290288
977.629	0.0288382
977.763	0.0278219
977.897	0.0290288
978.031	0.0289653
978.165	0.0285841
978.299	0.0283936
978.433	0.028076
978.567	0.0292193
978.701	0.0284571
978.835	0.0290288
978.969	0.0285206
979.103	0.0276948
979.237	0.0290923
979.371	0.028203
979.505	0.0287112
979.639	0.029664
979.773	0.0289653
979.907	0.0285206
980.041	0.0290923
980.175	0.0287747
980.308	0.0281395
980.442	0.0285206
980.576	0.029664
980.71	0.0285206
980.844	0.0294734
980.978	0.0276313
981.112	0.0288382
981.246	0.0292829
981.38	0.0290288
981.514	0.0286477
981.648	0.0294099
981.782	0.0292829
981.916	0.0293464
982.05	0.0279489
982.184	0.0289653
982.318	0.0292829
982.452	0.0286477
982.586	0.0292193
982.72	0.0290288
982.854	0.0283301
982.988	0.0293464
983.122	0.0290923
983.256	0.0283936
983.39	0.0286477
983.524	0.0291558
983.658	0.0289017
983.792	0.0290923
983.926	0.0279489
984.06	0.0287747
984.194	0.028076
984.328	0.0287747
984.462	0.0282665
984.596	0.0286477
984.73	0.0284571
984.864	0.0283301
984.998	0.029791
985.132	0.028076
985.265	0.0293464
985.399	0.0287747
985.533	0.0282665
985.667	0.0290923
985.801	0.0293464
985.935	0.0289017
986.069	0.0283301
986.203	0.0288382
986.337	0.0289017
986.471	0.0290923
986.605	0.0280124
986.739	0.0287112
986.873	0.0278854
987.007	0.0289017
987.141	0.028076
987.275	0.0285206
987.409	0.0288382
987.543	0.0282665
987.677	0.0285206
987.811	0.028076
987.945	0.0293464
988.079	0.0291558
988.213	0.0291558
988.347	0.0282665
988.481	0.0294734
988.614	0.0287747
988.748	0.0290923
988.882	0.0290288
989.016	0.0288382
989.15	0.0283936
989.284	0.0276948
989.418	0.0282665
989.552	0.0298545
989.686	0.0295369
989.82	0.0290288
989.954	0.0285841
990.088	0.0291558
990.222	0.0285841
990.356	0.0282665
990.49	0.0283301
990.624	0.029791
990.758	0.0289017
990.892	0.0284571
991.026	0.0278219
991.16	0.0292193
991.294	0.0280124
991.427	0.0288382
991.561	0.0290923
991.695	0.0296005
991.829	0.0285206
991.963	0.0293464
992.097	0.0275678
992.231	0.0292829
992.365	0.0284571
992.499	0.0286477
992.633	0.0291558
992.767	0.0285206
992.901	0.0285206
993.035	0.028076
993.169	0.0293464
993.303	0.0288382
993.437	0.0282665
993.571	0.0294734
993.704	0.0287112
993.838	0.0283301
993.972	0.0278854
994.106	0.0277584
994.24	0.0298545
994.374	0.0277584
994.508	0.028203
994.642	0.0289017
994.776	0.0292193
994.91	0.0293464
995.044	0.0294734
995.178	0.0288382
995.312	0.0285841
995.446	0.029664
995.58	0.0285841
995.714	0.0288382
995.847	0.0292829
995.981	0.0285841
996.115	0.0276948
996.249	0.0285841
996.383	0.0283301
996.517	0.0290288
996.651	0.0283936
996.785	0.0293464
996.919	0.0284571
997.053	0.0288382
997.187	0.0289653
997.321	0.0292193
997.455	0.0281395
997.589	0.0279489
997.722	0.0296005
997.856	0.028203
997.99	0.0278854
998.124	0.0279489
998.258	0.0284571
998.392	0.0287747
998.526	0.0290288
998.66	0.0290288
998.794	0.0294734
998.928	0.0287747
999.062	0.0290923
999.196	0.0288382
999.33	0.0288382
999.464	0.0290288
999.597	0.0285841
999.731	0.028203
999.865	0.0286477
999.999	0.0287747
1000.13	0.0294099
1000.27	0.028203
1000.4	0.0292829
1000.53	0.0290288
1000.67	0.0285841
1000.8	0.028203
1000.94	0.0283936
1001.07	0.0289017
1001.2	0.0286477
1001.34	0.0291558
1001.47	0.0296005
1001.61	0.0288382
1001.74	0.0285206
1001.87	0.0294099
1002.01	0.0290923
1002.14	0.0289653
1002.28	0.0292193
1002.41	0.0277584
1002.54	0.0287747
1002.68	0.0279489
1002.81	0.0290288
1002.95	0.0286477
1003.08	0.0288382
1003.21	0.0274408
1003.35	0.0291558
1003.48	0.0287112
1003.61	0.0288382
1003.75	0.0290923
1003.88	0.0285206
1004.02	0.029664
1004.15	0.0290923
1004.28	0.0287747
1004.42	0.0283936
1004.55	0.0281395
1004.69	0.0282665
1004.82	0.0283936
1004.95	0.029664
1005.09	0.0282665
1005.22	0.0290923
1005.36	0.0285841
1005.49	0.0290923
1005.62	0.0286477
1005.76	0.0281395
1005.89	0.0287747
1006.03	0.028076
1006.16	0.0291558
1006.29	0.0287747
1006.43	0.0282665
1006.56	0.0283301
1006.69	0.0287112
1006.83	0.0288382
1006.96	0.0291558
1007.1	0.0292193
1007.23	0.0278854
1007.36	0.0283936
1007.5	0.0294734
1007.63	0.0281395
1007.77	0.0283301
1007.9	0.0288382
1008.03	0.0283936
1008.17	0.0293464
1008.3	0.0290923
1008.44	0.0284571
1008.57	0.0284571
1008.7	0.0285841
1008.84	0.0282665
1008.97	0.0295369
1009.1	0.0285206
1009.24	0.0288382
1009.37	0.0278854
1009.51	0.0284571
1009.64	0.0286477
1009.77	0.0289653
1009.91	0.0290288
1010.04	0.0294099
1010.18	0.0285206
1010.31	0.028076
1010.44	0.028203
1010.58	0.0289653
1010.71	0.0287112
1010.85	0.0279489
1010.98	0.0281395
1011.11	0.0293464
1011.25	0.0296005
1011.38	0.0275678
1011.51	0.0292829
1011.65	0.0282665
1011.78	0.0282665
1011.92	0.0302992
1012.05	0.0294734
1012.18	0.0290288
1012.32	0.0279489
1012.45	0.0288382
1012.59	0.0289653
1012.72	0.0291558
1012.85	0.0288382
1012.99	0.028203
1013.12	0.0290288
1013.26	0.0291558
1013.39	0.0292193
1013.52	0.0290923
1013.66	0.0283301
1013.79	0.0288382
1013.92	0.0289653
1014.06	0.0287747
1014.19	0.0280124
1014.33	0.0285206
1014.46	0.0280124
1014.59	0.0283936
1014.73	0.0285206
1014.86	0.0292829
1015	0.0290923
1015.13	0.0290288
1015.26	0.0295369
1015.4	0.0280124
1015.53	0.0292193
1015.67	0.0285206
1015.8	0.0286477
1015.93	0.0290923
1016.07	0.0290288
1016.2	0.0282665
1016.33	0.0283936
1016.47	0.0298545
1016.6	0.0286477
1016.74	0.0283936
1016.87	0.0292193
1017	0.0286477
1017.14	0.0275678
1017.27	0.0292193
1017.41	0.028076
1017.54	0.0283936
1017.67	0.0291558
1017.81	0.0285841
1017.94	0.0288382
1018.07	0.0284571
1018.21	0.0281395
1018.34	0.0283301
1018.48	0.0290923
1018.61	0.0289653
1018.74	0.0282665
1018.88	0.0295369
1019.01	0.0284571
1019.15	0.0283301
1019.28	0.0286477
1019.41	0.0289017
1019.55	0.0287747
1019.68	0.0291558
1019.82	0.028076
1019.95	0.0289653
1020.08	0.0288382
1020.22	0.0288382
1020.35	0.0289017
1020.48	0.0287112
1020.62	0.0291558
1020.75	0.0278219
1020.89	0.0287112
1021.02	0.028203
1021.15	0.0290288
1021.29	0.0280124
1021.42	0.0283301
1021.56	0.0283301
1021.69	0.0286477
1021.82	0.028203
1021.96	0.0283301
1022.09	0.0285841
1022.22	0.0285841
1022.36	0.0289017
1022.49	0.0283301
1022.63	0.0290923
1022.76	0.0288382
1022.89	0.0293464
1023.03	0.0283301
1023.16	0.0290923
1023.3	0.0289653
1023.43	0.0290923
1023.56	0.0290288
1023.7	0.029791
1023.83	0.0287747
1023.96	0.0285841
1024.1	0.0290923
1024.23	0.0286477
1024.37	0.0289017
1024.5	0.0287112
1024.63	0.0287112
1024.77	0.0280124
1024.9	0.0286477
1025.04	0.0286477
1025.17	0.0292829
1025.3	0.0289017
1025.44	0.028203
1025.57	0.0281395
1025.7	0.0291558
1025.84	0.0287747
1025.97	0.0292193
1026.11	0.0294099
1026.24	0.0278219
1026.37	0.0283301
1026.51	0.0285206
1026.64	0.0289653
1026.78	0.0291558
1026.91	0.0290288
1027.04	0.0280124
1027.18	0.029664
1027.31	0.0289653
1027.44	0.0290288
1027.58	0.0288382
1027.71	0.0287112
1027.85	0.0287112
1027.98	0.0287747
1028.11	0.0297275
1028.25	0.0292193
1028.38	0.0286477
1028.52	0.0294099
1028.65	0.0288382
1028.78	0.0294734
1028.92	0.0286477
1029.05	0.0292193
1029.18	0.029664
1029.32	0.0282665
1029.45	0.0289653
1029.59	0.0275043
1029.72	0.0281395
1029.85	0.0292193
1029.99	0.0294099
1030.12	0.0284571
1030.26	0.0289017
1030.39	0.0290288
1030.52	0.0290288
1030.66	0.0278854
1030.79	0.0284571
1030.92	0.0285206
1031.06	0.0289653
1031.19	0.0287747
1031.33	0.0289017
1031.46	0.0293464
1031.59	0.0289653
1031.73	0.0289653
1031.86	0.0284571
1031.99	0.0282665
1032.13	0.0289017
1032.26	0.0290923
1032.4	0.0280124
1032.53	0.0289653
1032.66	0.0294734
1032.8	0.0288382
1032.93	0.0287112
1033.07	0.0285206
1033.2	0.0282665
1033.33	0.0285841
1033.47	0.0294734
1033.6	0.0291558
1033.73	0.0298545
1033.87	0.0294099
1034	0.0283936
1034.14	0.0285841
1034.27	0.0276948
1034.4	0.0283301
1034.54	0.0283301
1034.67	0.0291558
1034.81	0.0289017
1034.94	0.0285206
1035.07	0.0294734
1035.21	0.028076
1035.34	0.0285206
1035.47	0.0290923
1035.61	0.0285206
1035.74	0.0284571
1035.88	0.0286477
1036.01	0.0292829
1036.14	0.0283301
1036.28	0.029664
1036.41	0.0285841
1036.54	0.0291558
1036.68	0.0290923
1036.81	0.0287112
1036.95	0.0293464
1037.08	0.0287747
1037.21	0.0288382
1037.35	0.0291558
1037.48	0.0285206
1037.62	0.0290288
1037.75	0.0283301
1037.88	0.0290923
1038.02	0.0297275
1038.15	0.0285841
1038.28	0.0279489
1038.42	0.0300451
1038.55	0.0290288
1038.69	0.0281395
1038.82	0.0292829
1038.95	0.0288382
1039.09	0.0285841
1039.22	0.0289017
1039.35	0.0277584
1039.49	0.0293464
1039.62	0.0287112
1039.76	0.0276313
1039.89	0.0290923
1040.02	0.028203
1040.16	0.0288382
1040.29	0.0284571
1040.43	0.0288382
1040.56	0.0287112
1040.69	0.0289653
1040.83	0.0293464
1040.96	0.0283301
1041.09	0.0289653
1041.23	0.028203
1041.36	0.0284571
1041.5	0.0280124
1041.63	0.0283301
1041.76	0.0291558
1041.9	0.0288382
1042.03	0.0289653
1042.16	0.0287747
1042.3	0.0286477
1042.43	0.0288382
1042.57	0.0291558
1042.7	0.0284571
1042.83	0.0283936
1042.97	0.0289017
1043.1	0.0286477
1043.23	0.0294099
1043.37	0.0283936
1043.5	0.0293464
1043.64	0.0292829
1043.77	0.0282665
1043.9	0.0283936
1044.04	0.0283301
1044.17	0.0285206
1044.31	0.0285206
1044.44	0.0292193
1044.57	0.0292829
1044.71	0.0287112
1044.84	0.0285841
1044.97	0.0284571
1045.11	0.0284571
1045.24	0.0280124
1045.38	0.0281395
1045.51	0.0291558
1045.64	0.0288382
1045.78	0.0285206
1045.91	0.0289653
1046.04	0.0282665
1046.18	0.0293464
1046.31	0.0289653
1046.45	0.0287112
1046.58	0.0293464
1046.71	0.0287112
1046.85	0.0289653
1046.98	0.0285206
1047.11	0.0289653
1047.25	0.0284571
1047.38	0.0293464
1047.52	0.0283936
1047.65	0.0293464
1047.78	0.0292829
1047.92	0.0290923
1048.05	0.0298545
1048.18	0.0280124
1048.32	0.0285206
1048.45	0.0285206
1048.59	0.0280124
1048.72	0.0285206
1048.85	0.0287112
1048.99	0.0302992
1049.12	0.0297275
1049.25	0.0292193
1049.39	0.0297275
1049.52	0.0284571
1049.66	0.0283936
1049.79	0.0285841
1049.92	0.0286477
1050.06	0.0290923
1050.19	0.0289017
1050.33	0.0284571
1050.46	0.0286477
1050.59	0.0287747
1050.73	0.0289653
1050.86	0.0287747
1050.99	0.0285206
1051.13	0.0283936
1051.26	0.0290923
1051.4	0.0285206
1051.53	0.0285206
1051.66	0.0294099
1051.8	0.0282665
1051.93	0.0293464
1052.06	0.0288382
1052.2	0.0288382
1052.33	0.0294734
1052.47	0.0278854
1052.6	0.0285841
1052.73	0.0292193
1052.87	0.0290923
1053	0.0296005
1053.13	0.0289017
1053.27	0.0285206
1053.4	0.0289017
1053.54	0.0280124
1053.67	0.0286477
1053.8	0.0282665
1053.94	0.0294734
1054.07	0.0288382
1054.2	0.0290923
1054.34	0.0276948
1054.47	0.028076
1054.61	0.0289017
1054.74	0.0283936
1054.87	0.0295369
1055.01	0.0279489
1055.14	0.028076
1055.27	0.0288382
1055.41	0.0288382
1055.54	0.029664
1055.68	0.028203
1055.81	0.0288382
1055.94	0.0289017
1056.08	0.0285841
1056.21	0.0292829
1056.34	0.0290923
1056.48	0.0285206
1056.61	0.0289653
1056.75	0.0290288
1056.88	0.0295369
1057.01	0.028203
1057.15	0.028076
1057.28	0.0285841
1057.41	0.0295369
1057.55	0.0289653
1057.68	0.0285841
1057.82	0.0282665
1057.95	0.0294734
1058.08	0.0291558
1058.22	0.028203
1058.35	0.0292193
1058.48	0.0283301
1058.62	0.0292829
1058.75	0.0293464
1058.89	0.0292829
1059.02	0.0287747
1059.15	0.0284571
1059.29	0.028203
1059.42	0.0287747
1059.55	0.0292829
1059.69	0.028203
1059.82	0.0287747
1059.96	0.0284571
1060.09	0.0281395
1060.22	0.0292193
1060.36	0.0303627
1060.49	0.0284571
1060.62	0.0279489
1060.76	0.0285841
1060.89	0.0287747
1061.03	0.0289653
1061.16	0.0292193
1061.29	0.0281395
1061.43	0.0284571
1061.56	0.0294099
1061.69	0.0282665
1061.83	0.0284571
1061.96	0.0289017
1062.1	0.0289017
1062.23	0.0283301
1062.36	0.0287747
1062.5	0.0287112
1062.63	0.0294099
1062.76	0.0283936
1062.9	0.0293464
1063.03	0.0287747
1063.17	0.0285841
1063.3	0.0297275
1063.43	0.0294099
1063.57	0.0282665
1063.7	0.0281395
1063.83	0.0289017
1063.97	0.0283936
1064.1	0.0292829
1064.23	0.0285841
1064.37	0.0276948
1064.5	0.0291558
1064.64	0.0294734
1064.77	0.0281395
1064.9	0.0273772
1065.04	0.0290288
1065.17	0.0293464
1065.3	0.0279489
1065.44	0.029791
1065.57	0.0286477
1065.71	0.0288382
1065.84	0.0294099
1065.97	0.0289653
1066.11	0.0300451
1066.24	0.0283301
1066.37	0.0287112
1066.51	0.0292193
1066.64	0.0283936
1066.78	0.0278854
1066.91	0.0290923
1067.04	0.0289653
1067.18	0.0294099
1067.31	0.0286477
1067.44	0.0279489
1067.58	0.0295369
1067.71	0.0286477
1067.85	0.028076
1067.98	0.0280124
1068.11	0.0294734
1068.25	0.0281395
1068.38	0.0294734
1068.51	0.0290923
1068.65	0.0293464
1068.78	0.028203
1068.92	0.0293464
1069.05	0.0283301
1069.18	0.0281395
1069.32	0.0293464
1069.45	0.0283936
1069.58	0.0293464
1069.72	0.0289017
1069.85	0.0285841
1069.98	0.0287747
1070.12	0.0290288
1070.25	0.0290288
1070.39	0.0283936
1070.52	0.0283936
1070.65	0.0290288
1070.79	0.0280124
1070.92	0.0284571
1071.05	0.0287112
1071.19	0.029664
1071.32	0.0290288
1071.46	0.0289017
1071.59	0.0291558
1071.72	0.0294734
1071.86	0.0289017
1071.99	0.0285206
1072.12	0.0294099
1072.26	0.0282665
1072.39	0.0288382
1072.53	0.0294099
1072.66	0.0296005
1072.79	0.0286477
1072.93	0.0292829
1073.06	0.0292193
1073.19	0.0285206
1073.33	0.0292193
1073.46	0.0289653
1073.59	0.0279489
1073.73	0.0292829
1073.86	0.0294734
1074	0.0289017
1074.13	0.0297275
1074.26	0.0290923
1074.4	0.0289653
1074.53	0.0283936
1074.66	0.0291558
1074.8	0.0292193
1074.93	0.0292193
1075.07	0.0289653
1075.2	0.0287112
1075.33	0.0283301
1075.47	0.028203
1075.6	0.0297275
1075.73	0.0287747
1075.87	0.0294099
1076	0.0284571
1076.14	0.0289017
1076.27	0.0285841
1076.4	0.0282665
1076.54	0.0289653
1076.67	0.0284571
1076.8	0.0289017
1076.94	0.0289017
1077.07	0.0293464
1077.2	0.0278854
1077.34	0.0286477
1077.47	0.0285841
1077.61	0.0292193
1077.74	0.028203
1077.87	0.0287112
1078.01	0.0294099
1078.14	0.0286477
1078.27	0.0294099
1078.41	0.0290923
1078.54	0.0281395
1078.68	0.0287747
1078.81	0.0287747
1078.94	0.0291558
1079.08	0.0296005
1079.21	0.0289017
1079.34	0.0287747
1079.48	0.0289653
1079.61	0.0290288
1079.74	0.0287747
1079.88	0.0287112
1080.01	0.0290923
1080.15	0.029664
1080.28	0.0275678
1080.41	0.0291558
1080.55	0.0292193
1080.68	0.0279489
1080.81	0.0283301
1080.95	0.0292193
1081.08	0.0285841
1081.22	0.0290288
1081.35	0.0290923
1081.48	0.0288382
1081.62	0.0291558
1081.75	0.0288382
1081.88	0.0296005
1082.02	0.0292829
1082.15	0.028076
1082.28	0.0287747
1082.42	0.0287112
1082.55	0.0299816
1082.69	0.0290288
1082.82	0.0293464
1082.95	0.0296005
1083.09	0.0288382
1083.22	0.0291558
1083.35	0.0287747
1083.49	0.0294099
1083.62	0.0294099
1083.75	0.0278854
1083.89	0.0290288
1084.02	0.0282665
1084.16	0.0292193
1084.29	0.0293464
1084.42	0.0283301
1084.56	0.0279489
1084.69	0.0290288
1084.82	0.0292193
1084.96	0.0289017
1085.09	0.028203
1085.23	0.0284571
1085.36	0.0282665
1085.49	0.0289017
1085.63	0.0295369
1085.76	0.0293464
1085.89	0.0295369
1086.03	0.0285206
1086.16	0.029664
1086.29	0.0281395
1086.43	0.0285206
1086.56	0.0288382
1086.7	0.0285841
1086.83	0.0288382
1086.96	0.0279489
1087.1	0.0290288
1087.23	0.0295369
1087.36	0.0282665
1087.5	0.029664
1087.63	0.0291558
1087.76	0.028076
1087.9	0.028203
1088.03	0.0292829
1088.17	0.0290923
1088.3	0.0290288
1088.43	0.0288382
1088.57	0.0291558
1088.7	0.0290288
1088.83	0.0283936
1088.97	0.029664
1089.1	0.0278854
1089.24	0.0291558
1089.37	0.0293464
1089.5	0.0291558
1089.64	0.0294099
1089.77	0.0277584
1089.9	0.0289017
1090.04	0.0287747
1090.17	0.0291558
1090.3	0.0286477
1090.44	0.0290288
1090.57	0.0295369
1090.71	0.0282665
1090.84	0.0287112
1090.97	0.0286477
1091.11	0.0286477
1091.24	0.0287747
1091.37	0.0289653
1091.51	0.028076
1091.64	0.0296005
1091.77	0.0279489
1091.91	0.0294099
1092.04	0.0283936
1092.18	0.0292193
1092.31	0.0282665
1092.44	0.0289653
1092.58	0.0283936
1092.71	0.0279489
1092.84	0.0281395
1092.98	0.0292193
1093.11	0.0290923
1093.24	0.0285206
1093.38	0.0283301
1093.51	0.0283936
1093.65	0.0287747
1093.78	0.0290288
1093.91	0.0284571
1094.05	0.0290923
1094.18	0.028203
1094.31	0.0287747
1094.45	0.0289653
1094.58	0.0290288
1094.71	0.0288382
1094.85	0.0287112
1094.98	0.0289017
1095.12	0.0279489
1095.25	0.0285841
1095.38	0.0290288
1095.52	0.0289653
1095.65	0.0289017
1095.78	0.0287747
1095.92	0.0282665
1096.05	0.0289017
1096.18	0.0283301
1096.32	0.0295369
1096.45	0.0281395
1096.59	0.0282665
1096.72	0.0289017
1096.85	0.0283301
1096.99	0.0288382
1097.12	0.0276313
1097.25	0.0294099
1097.39	0.0289653
1097.52	0.0277584
1097.65	0.0301086
1097.79	0.0288382
1097.92	0.0290923
1098.06	0.0292829
1098.19	0.0287112
1098.32	0.0287747
1098.46	0.0291558
1098.59	0.0287112
1098.72	0.028076
1098.86	0.0283301
1098.99	0.0291558
1099.12	0.0289017
1099.26	0.0286477
1099.39	0.0287747
1099.53	0.0279489
1099.66	0.0287112
1099.79	0.0282665
1099.93	0.0285206
1100.06	0.0295369
1100.19	0.0290923
1100.33	0.0283936
1100.46	0.0290288
1100.59	0.0288382
1100.73	0.0292193
1100.86	0.0288382
1100.99	0.0282665
1101.13	0.0292193
1101.26	0.0284571
1101.4	0.0291558
1101.53	0.0285841
1101.66	0.0278854
1101.8	0.0293464
1101.93	0.0285206
1102.06	0.0290288
1102.2	0.0286477
1102.33	0.029791
1102.46	0.0291558
1102.6	0.0292829
1102.73	0.0279489
1102.87	0.0294099
1103	0.0285841
1103.13	0.0283301
1103.27	0.0285841
1103.4	0.0287112
1103.53	0.028203
1103.67	0.0287112
1103.8	0.0293464
1103.93	0.0290923
1104.07	0.028203
1104.2	0.0285841
1104.34	0.0277584
1104.47	0.0282665
1104.6	0.0285841
1104.74	0.0279489
1104.87	0.0276313
1105	0.0283301
1105.14	0.0286477
1105.27	0.0290923
1105.4	0.0286477
1105.54	0.0288382
1105.67	0.0283301
1105.8	0.0290923
1105.94	0.0287112
1106.07	0.0293464
1106.21	0.0288382
1106.34	0.0285206
1106.47	0.0290923
1106.61	0.0284571
1106.74	0.0278219
1106.87	0.0287112
1107.01	0.0289017
1107.14	0.0288382
1107.27	0.0282665
1107.41	0.0291558
1107.54	0.0285206

