Source: Spectrum Viewer

Chart: Pulse Spectrum

Series: 
Wavelength (nm)	S (a.u.)
617.638	0.027351
617.773	0.0277197
617.908	0.0283958
618.043	0.0275353
618.178	0.0292563
618.313	0.0282114
618.448	0.0278427
618.583	0.0288875
618.718	0.0288875
618.853	0.0277812
618.988	0.0268593
619.123	0.0280885
619.258	0.0277197
619.394	0.0279041
619.529	0.0279041
619.664	0.0279656
619.799	0.0285187
619.934	0.0274739
620.069	0.0282729
620.204	0.0274739
620.339	0.0274739
620.474	0.027351
620.609	0.0279041
620.744	0.0284573
620.879	0.0280885
621.014	0.0275968
621.149	0.0283344
621.284	0.0277812
621.419	0.0277812
621.554	0.0280885
621.689	0.0275968
621.825	0.0283344
621.96	0.0274739
622.095	0.0277197
622.23	0.0279041
622.365	0.0269822
622.5	0.0283958
622.635	0.027351
622.77	0.0279656
622.905	0.0277812
623.04	0.0274739
623.175	0.0280885
623.31	0.0275968
623.445	0.0280885
623.58	0.0274739
623.715	0.0279656
623.85	0.0284573
623.985	0.0278427
624.12	0.0280885
624.255	0.0284573
624.39	0.028949
624.525	0.0275968
624.661	0.0271666
624.796	0.027351
624.931	0.0288261
625.066	0.028949
625.201	0.0275353
625.336	0.0278427
625.471	0.0272895
625.606	0.0280885
625.741	0.0270436
625.876	0.0275968
626.011	0.028027
626.146	0.0280885
626.281	0.0285187
626.416	0.0276583
626.551	0.0270436
626.686	0.0277812
626.821	0.0275968
626.956	0.0274124
627.091	0.0285187
627.226	0.0275968
627.361	0.0284573
627.496	0.0285187
627.631	0.02815
627.766	0.0283958
627.901	0.0284573
628.036	0.0282729
628.171	0.0287646
628.307	0.0275968
628.442	0.0268593
628.577	0.0275353
628.712	0.0283344
628.847	0.0279041
628.982	0.0277197
629.117	0.0279656
629.252	0.0279041
629.387	0.0275968
629.522	0.027228
629.657	0.027351
629.792	0.0272895
629.927	0.0284573
630.062	0.0276583
630.197	0.0272895
630.332	0.0284573
630.467	0.0282729
630.602	0.028027
630.737	0.0279656
630.872	0.0274124
631.007	0.0278427
631.142	0.028027
631.277	0.0274124
631.412	0.027228
631.547	0.0277197
631.682	0.0278427
631.817	0.0285802
631.952	0.0267978
632.087	0.0282729
632.222	0.0282729
632.357	0.0279041
632.492	0.0279656
632.627	0.0274739
632.762	0.0272895
632.897	0.0274739
633.032	0.0271051
633.167	0.027228
633.302	0.0279656
633.437	0.0279041
633.572	0.0275353
633.707	0.0279041
633.842	0.0279656
633.978	0.028949
634.113	0.0274739
634.248	0.0271051
634.383	0.0279041
634.518	0.0277197
634.653	0.0278427
634.788	0.0285802
634.923	0.0272895
635.058	0.02815
635.193	0.0271666
635.328	0.027351
635.463	0.0272895
635.598	0.0277197
635.733	0.0278427
635.868	0.0275968
636.003	0.0275968
636.138	0.0271051
636.273	0.0266749
636.408	0.0274124
636.543	0.0277812
636.678	0.0280885
636.813	0.0286417
636.948	0.0279656
637.083	0.0277812
637.218	0.0279041
637.353	0.0276583
637.488	0.0275353
637.623	0.0283958
637.758	0.0277812
637.893	0.0272895
638.028	0.0291334
638.163	0.0272895
638.298	0.027351
638.433	0.0285187
638.568	0.0277812
638.703	0.0291334
638.838	0.0275968
638.973	0.0277812
639.108	0.027228
639.243	0.0271666
639.378	0.0283958
639.513	0.0276583
639.648	0.0275968
639.783	0.0279041
639.918	0.0278427
640.053	0.0275353
640.188	0.027228
640.323	0.0274124
640.458	0.0274739
640.593	0.0275353
640.728	0.0279041
640.863	0.0285187
640.998	0.0275353
641.133	0.0280885
641.268	0.02815
641.403	0.0278427
641.538	0.0275968
641.673	0.0277197
641.808	0.0274739
641.943	0.0277197
642.078	0.0269207
642.213	0.0283958
642.348	0.0267363
642.483	0.0275968
642.618	0.0284573
642.753	0.028027
642.888	0.02815
643.023	0.0263675
643.158	0.0275968
643.293	0.0290104
643.428	0.0272895
643.563	0.027228
643.698	0.0274739
643.833	0.0277812
643.968	0.0267978
644.103	0.0278427
644.237	0.0282729
644.372	0.0283344
644.507	0.0286417
644.642	0.0276583
644.777	0.0275353
644.912	0.0274124
645.047	0.0274124
645.182	0.0270436
645.317	0.0280885
645.452	0.0280885
645.587	0.0280885
645.722	0.0285187
645.857	0.027351
645.992	0.0280885
646.127	0.0282114
646.262	0.0282114
646.397	0.0288875
646.532	0.0279656
646.667	0.028027
646.802	0.0279041
646.937	0.0282729
647.072	0.0277812
647.207	0.0276583
647.342	0.0287031
647.477	0.02815
647.612	0.0284573
647.747	0.02815
647.882	0.028027
648.017	0.0280885
648.152	0.0285187
648.287	0.0272895
648.422	0.0282729
648.557	0.0271666
648.692	0.028027
648.827	0.0277812
648.962	0.0278427
649.097	0.0272895
649.232	0.0285187
649.367	0.0282729
649.502	0.0288261
649.637	0.0275968
649.772	0.0285802
649.906	0.0286417
650.041	0.0274739
650.176	0.0279041
650.311	0.0261832
650.446	0.0275353
650.581	0.0274124
650.716	0.0278427
650.851	0.0278427
650.986	0.0269822
651.121	0.0274739
651.256	0.0277812
651.391	0.0267978
651.526	0.0276583
651.661	0.0275968
651.796	0.0282114
651.931	0.0282729
652.066	0.027351
652.201	0.0267363
652.336	0.0279656
652.471	0.0283958
652.606	0.027351
652.741	0.0272895
652.876	0.0285802
653.011	0.0280885
653.146	0.027228
653.281	0.02815
653.415	0.0286417
653.55	0.0279041
653.685	0.0271051
653.82	0.0278427
653.955	0.0274124
654.09	0.0277812
654.225	0.0269822
654.36	0.0270436
654.495	0.0275968
654.63	0.0276583
654.765	0.0272895
654.9	0.0282729
655.035	0.0274124
655.17	0.0280885
655.305	0.0271666
655.44	0.0283958
655.575	0.0277197
655.71	0.0274739
655.845	0.027351
655.98	0.0284573
656.115	0.027351
656.25	0.027228
656.384	0.02815
656.519	0.0285187
656.654	0.0274739
656.789	0.0283344
656.924	0.0283344
657.059	0.02815
657.194	0.0277812
657.329	0.0278427
657.464	0.0285802
657.599	0.0272895
657.734	0.0277197
657.869	0.0278427
658.004	0.028027
658.139	0.0287031
658.274	0.0274124
658.409	0.0275353
658.544	0.0279656
658.679	0.0282729
658.813	0.0276583
658.948	0.0271666
659.083	0.028027
659.218	0.0270436
659.353	0.0280885
659.488	0.0283344
659.623	0.0275353
659.758	0.0277197
659.893	0.0277197
660.028	0.02815
660.163	0.027228
660.298	0.0272895
660.433	0.0274124
660.568	0.0278427
660.703	0.0277812
660.838	0.0288261
660.972	0.02815
661.107	0.0275353
661.242	0.0272895
661.377	0.0282729
661.512	0.028027
661.647	0.0277812
661.782	0.02815
661.917	0.0287646
662.052	0.0275353
662.187	0.027351
662.322	0.0282729
662.457	0.0288875
662.592	0.02815
662.727	0.028027
662.862	0.0272895
662.996	0.0275968
663.131	0.0279041
663.266	0.0282114
663.401	0.0274124
663.536	0.028027
663.671	0.0277812
663.806	0.0280885
663.941	0.0271666
664.076	0.0277812
664.211	0.0283958
664.346	0.0278427
664.481	0.0269822
664.616	0.0287031
664.75	0.0287646
664.885	0.0285187
665.02	0.028027
665.155	0.0279041
665.29	0.0276583
665.425	0.0285187
665.56	0.0276583
665.695	0.0276583
665.83	0.0290104
665.965	0.0286417
666.1	0.0283958
666.235	0.0277197
666.37	0.027351
666.504	0.0278427
666.639	0.0283344
666.774	0.0283344
666.909	0.0279656
667.044	0.0279041
667.179	0.0282114
667.314	0.0278427
667.449	0.0275353
667.584	0.0275353
667.719	0.0268593
667.854	0.027351
667.989	0.0279041
668.123	0.0275968
668.258	0.0274124
668.393	0.028027
668.528	0.0270436
668.663	0.0283958
668.798	0.0267978
668.933	0.0277812
669.068	0.0275968
669.203	0.028027
669.338	0.0278427
669.473	0.028027
669.607	0.0282729
669.742	0.0277812
669.877	0.0268593
670.012	0.0290719
670.147	0.0275353
670.282	0.0274124
670.417	0.0275353
670.552	0.0279041
670.687	0.0283958
670.822	0.0272895
670.957	0.0270436
671.091	0.0274739
671.226	0.0282729
671.361	0.0284573
671.496	0.0283344
671.631	0.0268593
671.766	0.0274739
671.901	0.0288261
672.036	0.0274739
672.171	0.02815
672.306	0.0271051
672.44	0.0278427
672.575	0.0275968
672.71	0.0278427
672.845	0.0285802
672.98	0.0279041
673.115	0.0277812
673.25	0.0283344
673.385	0.0277812
673.52	0.0280885
673.655	0.0275968
673.789	0.027228
673.924	0.0285187
674.059	0.0287031
674.194	0.0282729
674.329	0.028027
674.464	0.0276583
674.599	0.0271051
674.734	0.0278427
674.869	0.0272895
675.003	0.0285187
675.138	0.0285802
675.273	0.0279041
675.408	0.027351
675.543	0.0271666
675.678	0.0279041
675.813	0.0282114
675.948	0.0279656
676.083	0.0274124
676.217	0.027228
676.352	0.0280885
676.487	0.0278427
676.622	0.0269822
676.757	0.027351
676.892	0.0277197
677.027	0.027228
677.162	0.0278427
677.297	0.0277812
677.431	0.0280885
677.566	0.0279041
677.701	0.0276583
677.836	0.0279041
677.971	0.0271666
678.106	0.0286417
678.241	0.0274739
678.376	0.0276583
678.511	0.0287646
678.645	0.0274124
678.78	0.0279041
678.915	0.0288261
679.05	0.0287031
679.185	0.0274739
679.32	0.0287646
679.455	0.0271666
679.59	0.0275353
679.724	0.0274739
679.859	0.0283958
679.994	0.0275968
680.129	0.0270436
680.264	0.0276583
680.399	0.0279656
680.534	0.0280885
680.669	0.0283958
680.803	0.028949
680.938	0.0269207
681.073	0.0283344
681.208	0.0274124
681.343	0.0283344
681.478	0.0277197
681.613	0.0282114
681.748	0.0276583
681.882	0.0274124
682.017	0.0270436
682.152	0.0274124
682.287	0.0287646
682.422	0.0280885
682.557	0.0282114
682.692	0.0267363
682.827	0.0274124
682.961	0.0282114
683.096	0.0275968
683.231	0.0283344
683.366	0.0276583
683.501	0.02815
683.636	0.027351
683.771	0.0282729
683.906	0.02815
684.04	0.0286417
684.175	0.0275353
684.31	0.0283344
684.445	0.0279656
684.58	0.0275968
684.715	0.027351
684.85	0.0274124
684.984	0.0277812
685.119	0.0285187
685.254	0.0269207
685.389	0.027228
685.524	0.0279041
685.659	0.02815
685.794	0.0277197
685.928	0.0276583
686.063	0.0279041
686.198	0.0278427
686.333	0.0274739
686.468	0.028027
686.603	0.028027
686.738	0.0279656
686.872	0.0277197
687.007	0.0278427
687.142	0.0272895
687.277	0.0285187
687.412	0.02815
687.547	0.0282729
687.682	0.0267363
687.816	0.0272895
687.951	0.0280885
688.086	0.0282114
688.221	0.0279656
688.356	0.0274124
688.491	0.0278427
688.626	0.0275968
688.76	0.0274739
688.895	0.0282114
689.03	0.0282729
689.165	0.02815
689.3	0.0279656
689.435	0.0278427
689.57	0.0271051
689.704	0.027351
689.839	0.0287646
689.974	0.027351
690.109	0.0278427
690.244	0.0287031
690.379	0.0275968
690.513	0.0277812
690.648	0.0268593
690.783	0.0277812
690.918	0.0269207
691.053	0.0271666
691.188	0.0272895
691.323	0.0285187
691.457	0.0275353
691.592	0.0271666
691.727	0.0280885
691.862	0.0276583
691.997	0.0274124
692.132	0.0277812
692.266	0.0278427
692.401	0.0285802
692.536	0.0276583
692.671	0.027351
692.806	0.0282729
692.941	0.0275353
693.075	0.0274739
693.21	0.0278427
693.345	0.0277197
693.48	0.0283958
693.615	0.0276583
693.75	0.0283958
693.885	0.0275353
694.019	0.0285187
694.154	0.0270436
694.289	0.0272895
694.424	0.0282729
694.559	0.0270436
694.694	0.0271666
694.828	0.0277812
694.963	0.0280885
695.098	0.0278427
695.233	0.0282729
695.368	0.028949
695.503	0.0272895
695.637	0.0274124
695.772	0.0288875
695.907	0.0283958
696.042	0.0269822
696.177	0.0275353
696.312	0.0279041
696.446	0.0280885
696.581	0.0275968
696.716	0.028027
696.851	0.0283344
696.986	0.027351
697.12	0.02815
697.255	0.0285802
697.39	0.028027
697.525	0.0277812
697.66	0.0275968
697.795	0.0277812
697.929	0.0280885
698.064	0.0271666
698.199	0.0274739
698.334	0.028027
698.469	0.0279656
698.604	0.0275968
698.738	0.0271051
698.873	0.0274739
699.008	0.0280885
699.143	0.027228
699.278	0.0275968
699.412	0.0285802
699.547	0.028027
699.682	0.0279041
699.817	0.028027
699.952	0.0278427
700.087	0.0279656
700.221	0.0267363
700.356	0.02815
700.491	0.0271666
700.626	0.0275968
700.761	0.0283344
700.895	0.0277812
701.03	0.0284573
701.165	0.0278427
701.3	0.0282729
701.435	0.0277197
701.57	0.0276583
701.704	0.0278427
701.839	0.0279656
701.974	0.0276583
702.109	0.0270436
702.244	0.0274124
702.378	0.0276583
702.513	0.02815
702.648	0.0276583
702.783	0.0283958
702.918	0.0277197
703.052	0.0277812
703.187	0.0276583
703.322	0.0277197
703.457	0.0272895
703.592	0.0278427
703.727	0.0286417
703.861	0.0282729
703.996	0.0282729
704.131	0.0274124
704.266	0.0275968
704.401	0.0263061
704.535	0.0283958
704.67	0.0287646
704.805	0.0283344
704.94	0.0275968
705.075	0.0271051
705.209	0.027228
705.344	0.0280885
705.479	0.0274124
705.614	0.0277197
705.749	0.0274124
705.883	0.0287031
706.018	0.0271051
706.153	0.0275968
706.288	0.0272895
706.423	0.0277812
706.557	0.0284573
706.692	0.028027
706.827	0.0266134
706.962	0.0285802
707.097	0.028949
707.231	0.0275968
707.366	0.0283344
707.501	0.0279041
707.636	0.0283344
707.771	0.027228
707.905	0.0279041
708.04	0.0282114
708.175	0.0283344
708.31	0.027228
708.445	0.0282114
708.579	0.0277812
708.714	0.0278427
708.849	0.0276583
708.984	0.0275353
709.118	0.0279041
709.253	0.0277197
709.388	0.0275353
709.523	0.027228
709.658	0.0274124
709.792	0.0279041
709.927	0.0277197
710.062	0.0276583
710.197	0.0275353
710.332	0.0277812
710.466	0.0282114
710.601	0.0275968
710.736	0.0275353
710.871	0.0279656
711.006	0.0276583
711.14	0.0275353
711.275	0.0271666
711.41	0.027351
711.545	0.0279041
711.679	0.0271666
711.814	0.0283958
711.949	0.0269207
712.084	0.0275968
712.219	0.0288261
712.353	0.0275968
712.488	0.0282114
712.623	0.0279656
712.758	0.0279041
712.892	0.0277197
713.027	0.0280885
713.162	0.027351
713.297	0.0277812
713.432	0.0277197
713.566	0.0278427
713.701	0.0279041
713.836	0.0272895
713.971	0.0269822
714.105	0.0284573
714.24	0.0285802
714.375	0.0279656
714.51	0.0271666
714.645	0.0275968
714.779	0.0280885
714.914	0.0282729
715.049	0.028027
715.184	0.0275968
715.318	0.0282729
715.453	0.02815
715.588	0.027351
715.723	0.0282729
715.858	0.0279656
715.992	0.0283344
716.127	0.027228
716.262	0.0279041
716.397	0.0285187
716.531	0.0274739
716.666	0.0287031
716.801	0.0274124
716.936	0.0282729
717.07	0.02815
717.205	0.0283344
717.34	0.0285187
717.475	0.028949
717.61	0.0277197
717.744	0.0266134
717.879	0.0278427
718.014	0.027351
718.149	0.0279041
718.283	0.0274739
718.418	0.0277197
718.553	0.0271051
718.688	0.0274739
718.822	0.0277812
718.957	0.0278427
719.092	0.0277197
719.227	0.027228
719.361	0.0275353
719.496	0.0283344
719.631	0.028027
719.766	0.0279041
719.9	0.0282114
720.035	0.02815
720.17	0.028027
720.305	0.0277197
720.44	0.028027
720.574	0.027228
720.709	0.0275968
720.844	0.0274124
720.979	0.0278427
721.113	0.0280885
721.248	0.0275353
721.383	0.0275353
721.518	0.0275353
721.652	0.0274739
721.787	0.0286417
721.922	0.027351
722.057	0.0282729
722.191	0.0277197
722.326	0.0274739
722.461	0.027351
722.596	0.0275353
722.73	0.0278427
722.865	0.0271051
723	0.0277197
723.135	0.0279656
723.269	0.0271051
723.404	0.0275353
723.539	0.027228
723.674	0.0287646
723.808	0.028027
723.943	0.0279041
724.078	0.0274124
724.213	0.0280885
724.347	0.0283344
724.482	0.0275968
724.617	0.0283958
724.752	0.0277197
724.886	0.0279041
725.021	0.0285802
725.156	0.0274124
725.291	0.0286417
725.425	0.0277812
725.56	0.028027
725.695	0.0279656
725.829	0.027228
725.964	0.0285187
726.099	0.027351
726.234	0.0267363
726.368	0.028027
726.503	0.027228
726.638	0.0274124
726.773	0.0279041
726.907	0.0279656
727.042	0.027351
727.177	0.0282729
727.312	0.02815
727.446	0.0276583
727.581	0.0276583
727.716	0.0276583
727.851	0.0282729
727.985	0.0284573
728.12	0.0286417
728.255	0.0274124
728.389	0.0287031
728.524	0.0278427
728.659	0.0274739
728.794	0.0283344
728.928	0.0275968
729.063	0.0282114
729.198	0.0270436
729.333	0.0277812
729.467	0.0283958
729.602	0.0288261
729.737	0.027351
729.872	0.027351
730.006	0.0277197
730.141	0.027351
730.276	0.0275353
730.41	0.0277197
730.545	0.0275353
730.68	0.0282114
730.815	0.027228
730.949	0.0275968
731.084	0.0279041
731.219	0.027351
731.354	0.0278427
731.488	0.0277197
731.623	0.0279041
731.758	0.02815
731.892	0.027228
732.027	0.02815
732.162	0.0288261
732.297	0.0275968
732.431	0.0282114
732.566	0.0279041
732.701	0.0277812
732.835	0.0269207
732.97	0.0268593
733.105	0.0285187
733.24	0.0276583
733.374	0.0288261
733.509	0.0279041
733.644	0.027351
733.779	0.0282114
733.913	0.0282729
734.048	0.0267363
734.183	0.027228
734.317	0.0272895
734.452	0.0277197
734.587	0.0286417
734.722	0.0286417
734.856	0.0276583
734.991	0.028027
735.126	0.0267363
735.26	0.0274739
735.395	0.0274124
735.53	0.0277197
735.665	0.0278427
735.799	0.027228
735.934	0.02815
736.069	0.0280885
736.203	0.0282114
736.338	0.0279041
736.473	0.0279656
736.607	0.0274739
736.742	0.0278427
736.877	0.0279041
737.012	0.0271051
737.146	0.0284573
737.281	0.0269207
737.416	0.0284573
737.55	0.0276583
737.685	0.0280885
737.82	0.0275968
737.955	0.0272895
738.089	0.0282114
738.224	0.0279656
738.359	0.0279656
738.493	0.0275353
738.628	0.0274739
738.763	0.0279656
738.897	0.0275353
739.032	0.0282729
739.167	0.0277812
739.302	0.0282114
739.436	0.0272895
739.571	0.0274124
739.706	0.0287031
739.84	0.0276583
739.975	0.0274739
740.11	0.0275968
740.244	0.0286417
740.379	0.0288261
740.514	0.0274124
740.649	0.0269207
740.783	0.0269207
740.918	0.0284573
741.053	0.0277812
741.187	0.0275968
741.322	0.0275353
741.457	0.0276583
741.591	0.0270436
741.726	0.0279656
741.861	0.0269207
741.996	0.0271051
742.13	0.0277812
742.265	0.0279656
742.4	0.02815
742.534	0.027351
742.669	0.0282729
742.804	0.02815
742.938	0.0285802
743.073	0.0275353
743.208	0.0282114
743.342	0.0277197
743.477	0.0277812
743.612	0.028027
743.747	0.0283958
743.881	0.0271666
744.016	0.0280885
744.151	0.0282729
744.285	0.0270436
744.42	0.027351
744.555	0.0288875
744.689	0.0275353
744.824	0.0278427
744.959	0.0277812
745.093	0.0285187
745.228	0.0280885
745.363	0.0276583
745.497	0.0275968
745.632	0.0278427
745.767	0.027351
745.901	0.0276583
746.036	0.0279041
746.171	0.02815
746.305	0.0275353
746.44	0.0283958
746.575	0.0283344
746.71	0.027228
746.844	0.0285802
746.979	0.0279656
747.114	0.0277197
747.248	0.02815
747.383	0.0274739
747.518	0.0278427
747.652	0.0279041
747.787	0.0268593
747.922	0.0277197
748.056	0.027351
748.191	0.0278427
748.326	0.0278427
748.46	0.0274124
748.595	0.0277812
748.73	0.0276583
748.864	0.0282114
748.999	0.0282114
749.134	0.0279656
749.268	0.0278427
749.403	0.0275968
749.538	0.0276583
749.672	0.0291948
749.807	0.0287646
749.942	0.0280885
750.076	0.0277197
750.211	0.0277197
750.346	0.0282729
750.48	0.0274124
750.615	0.0280885
750.75	0.0275353
750.884	0.0274124
751.019	0.0271051
751.154	0.0284573
751.288	0.028027
751.423	0.0277812
751.558	0.0284573
751.692	0.0284573
751.827	0.0274124
751.962	0.0279656
752.096	0.0271051
752.231	0.0274739
752.366	0.0271666
752.5	0.0283958
752.635	0.0275353
752.77	0.0271666
752.904	0.0274124
753.039	0.028027
753.174	0.0279041
753.308	0.0271666
753.443	0.02815
753.578	0.0274124
753.712	0.0290104
753.847	0.0275353
753.982	0.0282729
754.116	0.0275968
754.251	0.0272895
754.386	0.0277197
754.52	0.028949
754.655	0.0282114
754.79	0.0283344
754.924	0.0282114
755.059	0.0274739
755.194	0.0271666
755.328	0.0274739
755.463	0.02815
755.597	0.0286417
755.732	0.0272895
755.867	0.0275353
756.001	0.0280885
756.136	0.0270436
756.271	0.027351
756.405	0.0274739
756.54	0.0274739
756.675	0.0285802
756.809	0.0283344
756.944	0.0272895
757.079	0.0283958
757.213	0.0279656
757.348	0.0276583
757.483	0.0279041
757.617	0.0280885
757.752	0.027351
757.887	0.0274739
758.021	0.02815
758.156	0.0287646
758.29	0.0274124
758.425	0.0274124
758.56	0.0283344
758.694	0.02815
758.829	0.0282729
758.964	0.0276583
759.098	0.027351
759.233	0.0274739
759.368	0.0271666
759.502	0.0279041
759.637	0.02815
759.772	0.0275968
759.906	0.0282729
760.041	0.027351
760.175	0.0280885
760.31	0.028027
760.445	0.0274124
760.579	0.0276583
760.714	0.0277812
760.849	0.0277197
760.983	0.0274739
761.118	0.0274739
761.253	0.0275968
761.387	0.028027
761.522	0.027351
761.656	0.0276583
761.791	0.0277197
761.926	0.0267978
762.06	0.0282729
762.195	0.027351
762.33	0.0277197
762.464	0.0277197
762.599	0.0276583
762.733	0.0283344
762.868	0.0276583
763.003	0.0288261
763.137	0.0277812
763.272	0.0277812
763.407	0.0278427
763.541	0.0277197
763.676	0.028027
763.811	0.0282114
763.945	0.02815
764.08	0.0275968
764.214	0.0277197
764.349	0.0277197
764.484	0.0272895
764.618	0.028027
764.753	0.0278427
764.888	0.0271051
765.022	0.0274739
765.157	0.0282729
765.291	0.028027
765.426	0.0278427
765.561	0.0279041
765.695	0.0277812
765.83	0.0286417
765.965	0.0279041
766.099	0.0279656
766.234	0.0269207
766.368	0.0279041
766.503	0.028027
766.638	0.0275968
766.772	0.028027
766.907	0.0276583
767.041	0.0274739
767.176	0.028027
767.311	0.0275968
767.445	0.0275968
767.58	0.0283344
767.715	0.0274124
767.849	0.0280885
767.984	0.0279041
768.118	0.0279041
768.253	0.0285802
768.388	0.0275353
768.522	0.0279041
768.657	0.0284573
768.791	0.0276583
768.926	0.0274739
769.061	0.0279041
769.195	0.0285802
769.33	0.0271666
769.465	0.0274739
769.599	0.0278427
769.734	0.0264905
769.868	0.0282729
770.003	0.0277197
770.138	0.027228
770.272	0.028027
770.407	0.0286417
770.541	0.0277812
770.676	0.0283344
770.811	0.0280885
770.945	0.0290719
771.08	0.0274739
771.214	0.0275968
771.349	0.0278427
771.484	0.0283344
771.618	0.0282114
771.753	0.0279041
771.887	0.0282114
772.022	0.0271666
772.157	0.0287031
772.291	0.0275968
772.426	0.02815
772.56	0.027351
772.695	0.0278427
772.83	0.0278427
772.964	0.0272895
773.099	0.0283344
773.233	0.0277197
773.368	0.0272895
773.503	0.0284573
773.637	0.0269207
773.772	0.0283958
773.906	0.0276583
774.041	0.0279656
774.176	0.0275968
774.31	0.0282114
774.445	0.0277812
774.579	0.0274124
774.714	0.027351
774.849	0.027351
774.983	0.0275968
775.118	0.0284573
775.252	0.0277812
775.387	0.0287031
775.522	0.0271051
775.656	0.0271051
775.791	0.0284573
775.925	0.0280885
776.06	0.0288261
776.195	0.0274739
776.329	0.0283958
776.464	0.0271051
776.598	0.0283958
776.733	0.0275968
776.868	0.0282114
777.002	0.0274739
777.137	0.0279041
777.271	0.0282114
777.406	0.0283344
777.54	0.0287646
777.675	0.0277812
777.81	0.0271666
777.944	0.02815
778.079	0.0280885
778.213	0.0275968
778.348	0.0278427
778.483	0.0279041
778.617	0.0276583
778.752	0.0276583
778.886	0.0287031
779.021	0.0275968
779.155	0.0283344
779.29	0.0274124
779.425	0.0271051
779.559	0.0275968
779.694	0.0277197
779.828	0.0278427
779.963	0.0277197
780.098	0.02815
780.232	0.0279656
780.367	0.0288261
780.501	0.027351
780.636	0.0274739
780.77	0.0280885
780.905	0.0277812
781.04	0.028027
781.174	0.0277812
781.309	0.0283344
781.443	0.0279041
781.578	0.0271051
781.712	0.0269207
781.847	0.0285187
781.982	0.028027
782.116	0.0282729
782.251	0.0274739
782.385	0.0274124
782.52	0.0286417
782.654	0.0266134
782.789	0.0275968
782.924	0.028027
783.058	0.0279041
783.193	0.028027
783.327	0.0282729
783.462	0.0279041
783.596	0.0286417
783.731	0.0271051
783.866	0.0277812
784	0.0276583
784.135	0.028027
784.269	0.0285187
784.404	0.0279656
784.538	0.0285187
784.673	0.0284573
784.808	0.0285802
784.942	0.0280885
785.077	0.0276583
785.211	0.027351
785.346	0.0276583
785.48	0.02815
785.615	0.0277197
785.75	0.0279041
785.884	0.0284573
786.019	0.0282729
786.153	0.0271666
786.288	0.0277812
786.422	0.0276583
786.557	0.0276583
786.691	0.02815
786.826	0.0282729
786.961	0.0277812
787.095	0.0274124
787.23	0.0282729
787.364	0.0286417
787.499	0.027351
787.633	0.0279041
787.768	0.0288261
787.902	0.0278427
788.037	0.0284573
788.172	0.0279656
788.306	0.0278427
788.441	0.02815
788.575	0.02815
788.71	0.0276583
788.844	0.0290104
788.979	0.0284573
789.113	0.0288261
789.248	0.0277197
789.383	0.02815
789.517	0.0283344
789.652	0.0279041
789.786	0.0277197
789.921	0.028027
790.055	0.027351
790.19	0.0278427
790.324	0.028027
790.459	0.0267978
790.594	0.0267978
790.728	0.0278427
790.863	0.027228
790.997	0.0270436
791.132	0.0283958
791.266	0.0296865
791.401	0.027228
791.535	0.0274739
791.67	0.0282114
791.804	0.0282114
791.939	0.0278427
792.074	0.0275968
792.208	0.0283958
792.343	0.0279656
792.477	0.0280885
792.612	0.0278427
792.746	0.02815
792.881	0.0279041
793.015	0.027351
793.15	0.0274739
793.284	0.0280885
793.419	0.0282729
793.553	0.0274124
793.688	0.0274739
793.823	0.0286417
793.957	0.0277197
794.092	0.0279041
794.226	0.0288875
794.361	0.0283958
794.495	0.0279656
794.63	0.0286417
794.764	0.0278427
794.899	0.0277197
795.033	0.0274739
795.168	0.0269822
795.302	0.0282114
795.437	0.0277812
795.572	0.02815
795.706	0.0275968
795.841	0.0279656
795.975	0.0288875
796.11	0.0282114
796.244	0.0277197
796.379	0.0274739
796.513	0.0277197
796.648	0.0275968
796.782	0.0275353
796.917	0.0287646
797.051	0.0283958
797.186	0.0283958
797.32	0.0279656
797.455	0.0274124
797.589	0.0283958
797.724	0.0279656
797.859	0.0274124
797.993	0.0285187
798.128	0.0280885
798.262	0.0283344
798.397	0.0272895
798.531	0.0283344
798.666	0.0288875
798.8	0.0282114
798.935	0.0275968
799.069	0.0286417
799.204	0.0279041
799.338	0.0274739
799.473	0.0275353
799.607	0.0283344
799.742	0.0274124
799.876	0.0288875
800.011	0.0278427
800.145	0.027228
800.28	0.0284573
800.414	0.028949
800.549	0.0286417
800.683	0.028027
800.818	0.0277812
800.953	0.0282114
801.087	0.0283344
801.222	0.0279041
801.356	0.0291334
801.491	0.0279656
801.625	0.0282729
801.76	0.0282729
801.894	0.0278427
802.029	0.0277197
802.163	0.0282114
802.298	0.0290719
802.432	0.0287031
802.567	0.0286417
802.701	0.02815
802.836	0.02815
802.97	0.0276583
803.105	0.0288261
803.239	0.0279656
803.374	0.0290104
803.508	0.0277812
803.643	0.0288261
803.777	0.0285802
803.912	0.0288875
804.046	0.0282114
804.181	0.0280885
804.315	0.0285187
804.45	0.0287646
804.584	0.0282114
804.719	0.0283958
804.853	0.0294407
804.988	0.0290104
805.122	0.0290104
805.257	0.0290104
805.391	0.0291948
805.526	0.0285187
805.66	0.029748
805.795	0.0298095
805.929	0.0293792
806.064	0.0291948
806.198	0.0299939
806.333	0.0294407
806.467	0.0296251
806.602	0.0288261
806.736	0.0293792
806.871	0.0298095
807.005	0.0307929
807.14	0.0304856
807.274	0.0288261
807.409	0.0298095
807.543	0.0309158
807.678	0.0314075
807.812	0.0312231
807.947	0.0320221
808.081	0.0310387
808.216	0.0330055
808.35	0.0320221
808.485	0.0331285
808.619	0.0334358
808.754	0.0337431
808.888	0.0341119
809.023	0.0352797
809.157	0.0354026
809.292	0.0362631
809.426	0.0381069
809.561	0.0393362
809.695	0.0409957
809.83	0.0423479
809.964	0.0441918
810.099	0.0470191
810.233	0.0516902
810.368	0.0616472
810.502	0.07185
810.637	0.310326
810.771	0.457714
810.906	1
811.04	0.997787
811.175	0.993116
811.309	0.990781
811.444	0.982975
811.578	0.975907
811.713	0.963798
811.847	0.943516
811.982	0.630608
812.116	0.563368
812.251	0.483467
812.385	0.238476
812.519	0.124216
812.654	0.0909035
812.788	0.21764
812.923	0.493178
813.057	0.548248
813.192	0.237124
813.326	0.0518132
813.461	0.0387216
813.595	0.0357714
813.73	0.0344192
813.864	0.0336816
813.999	0.0321451
814.133	0.0327597
814.268	0.032268
814.402	0.0317763
814.537	0.0312846
814.671	0.0306699
814.806	0.0315919
814.94	0.0307929
815.075	0.0304856
815.209	0.0302397
815.344	0.0295022
815.478	0.0295022
815.612	0.0298095
815.747	0.0291334
815.881	0.0291948
816.016	0.0298709
816.15	0.0306085
816.285	0.0298709
816.419	0.0293792
816.554	0.0288875
816.688	0.0293792
816.823	0.0291948
816.957	0.0294407
817.092	0.0288261
817.226	0.0279041
817.361	0.0287646
817.495	0.0291948
817.63	0.0279041
817.764	0.02815
817.898	0.0285802
818.033	0.0276583
818.167	0.0285187
818.302	0.0288875
818.436	0.0290719
818.571	0.0282114
818.705	0.0285187
818.84	0.0284573
818.974	0.0279041
819.109	0.0280885
819.243	0.0287646
819.378	0.0280885
819.512	0.0287646
819.646	0.0287031
819.781	0.028027
819.915	0.0277197
820.05	0.0288261
820.184	0.0288261
820.319	0.0286417
820.453	0.0280885
820.588	0.0283344
820.722	0.0285802
820.857	0.0277197
820.991	0.0282114
821.126	0.0288875
821.26	0.0293178
821.394	0.0285802
821.529	0.0280885
821.663	0.028949
821.798	0.0276583
821.932	0.0276583
822.067	0.027228
822.201	0.0279656
822.336	0.0278427
822.47	0.028027
822.605	0.0288261
822.739	0.0277197
822.873	0.028949
823.008	0.0272895
823.142	0.028027
823.277	0.028949
823.411	0.0278427
823.546	0.0278427
823.68	0.0284573
823.815	0.0274739
823.949	0.028027
824.083	0.0283344
824.218	0.02815
824.352	0.02815
824.487	0.0274124
824.621	0.02815
824.756	0.0280885
824.89	0.0277812
825.025	0.0279656
825.159	0.0272895
825.293	0.0286417
825.428	0.0279041
825.562	0.02815
825.697	0.027351
825.831	0.0282114
825.966	0.0275968
826.1	0.0279656
826.235	0.0277197
826.369	0.0282114
826.503	0.0284573
826.638	0.0284573
826.772	0.0278427
826.907	0.028027
827.041	0.0287031
827.176	0.0277197
827.31	0.0268593
827.445	0.0283958
827.579	0.0279656
827.713	0.028027
827.848	0.0276583
827.982	0.0283958
828.117	0.02815
828.251	0.0277812
828.386	0.0285187
828.52	0.028027
828.654	0.0276583
828.789	0.0280885
828.923	0.0279041
829.058	0.0271051
829.192	0.0277812
829.327	0.0277812
829.461	0.027351
829.596	0.028027
829.73	0.028027
829.864	0.027351
829.999	0.02815
830.133	0.0279041
830.268	0.0269822
830.402	0.0282729
830.537	0.0274739
830.671	0.0278427
830.805	0.0274124
830.94	0.0275353
831.074	0.0280885
831.209	0.0268593
831.343	0.0275353
831.478	0.0277812
831.612	0.0285802
831.746	0.0277197
831.881	0.0286417
832.015	0.0271666
832.15	0.028027
832.284	0.0282114
832.418	0.0285802
832.553	0.02815
832.687	0.0282729
832.822	0.0274124
832.956	0.0282114
833.091	0.0279041
833.225	0.0271666
833.359	0.0274124
833.494	0.0283958
833.628	0.0277197
833.763	0.0276583
833.897	0.0278427
834.032	0.0282729
834.166	0.0279656
834.3	0.0279656
834.435	0.0274124
834.569	0.0275968
834.704	0.0269822
834.838	0.028027
834.972	0.0286417
835.107	0.0280885
835.241	0.0275968
835.376	0.0277197
835.51	0.0280885
835.645	0.0275968
835.779	0.0271051
835.913	0.0275968
836.048	0.027351
836.182	0.0274124
836.317	0.0278427
836.451	0.028027
836.585	0.02815
836.72	0.0278427
836.854	0.0282729
836.989	0.0271666
837.123	0.0269822
837.257	0.0276583
837.392	0.0274739
837.526	0.0279656
837.661	0.0276583
837.795	0.0288875
837.929	0.0277812
838.064	0.0283958
838.198	0.02815
838.333	0.0274739
838.467	0.0277197
838.602	0.0279656
838.736	0.0277197
838.87	0.0285802
839.005	0.0283344
839.139	0.0279041
839.274	0.0274739
839.408	0.0276583
839.542	0.027351
839.677	0.0277812
839.811	0.0282114
839.946	0.0279041
840.08	0.0279656
840.214	0.0283958
840.349	0.0276583
840.483	0.0285802
840.618	0.0279656
840.752	0.0283344
840.886	0.0282114
841.021	0.0271051
841.155	0.0279656
841.29	0.028027
841.424	0.0277197
841.558	0.028027
841.693	0.0282114
841.827	0.0275968
841.961	0.0274124
842.096	0.0285187
842.23	0.02815
842.365	0.0277197
842.499	0.0282114
842.633	0.028027
842.768	0.0270436
842.902	0.0292563
843.037	0.0278427
843.171	0.0275353
843.305	0.0271051
843.44	0.0279041
843.574	0.0267978
843.709	0.0282114
843.843	0.0269207
843.977	0.0276583
844.112	0.0271666
844.246	0.0286417
844.381	0.028027
844.515	0.02815
844.649	0.0274124
844.784	0.027228
844.918	0.02815
845.052	0.027351
845.187	0.02815
845.321	0.0279041
845.456	0.0278427
845.59	0.0269822
845.724	0.0276583
845.859	0.0286417
845.993	0.0279656
846.128	0.0271051
846.262	0.0269207
846.396	0.0274739
846.531	0.02815
846.665	0.0283344
846.799	0.0282729
846.934	0.0283958
847.068	0.028027
847.203	0.0275353
847.337	0.02815
847.471	0.0283344
847.606	0.0270436
847.74	0.0274124
847.874	0.0278427
848.009	0.0277812
848.143	0.0278427
848.278	0.0280885
848.412	0.0279656
848.546	0.0282114
848.681	0.0279041
848.815	0.0277812
848.949	0.02815
849.084	0.0274739
849.218	0.0275968
849.353	0.0277812
849.487	0.0272895
849.621	0.0282729
849.756	0.0282114
849.89	0.0287646
850.024	0.0275353
850.159	0.0279041
850.293	0.0288875
850.428	0.0277197
850.562	0.0282729
850.696	0.0270436
850.831	0.0275353
850.965	0.0279656
851.099	0.0279041
851.234	0.0283344
851.368	0.028027
851.502	0.0278427
851.637	0.0275968
851.771	0.0279041
851.906	0.0271051
852.04	0.0286417
852.174	0.0274124
852.309	0.0270436
852.443	0.028027
852.577	0.0275968
852.712	0.0277812
852.846	0.0277812
852.98	0.0285187
853.115	0.0274124
853.249	0.0274739
853.384	0.0279041
853.518	0.0270436
853.652	0.0275353
853.787	0.0280885
853.921	0.0291334
854.055	0.0270436
854.19	0.0276583
854.324	0.0269207
854.458	0.0285802
854.593	0.0280885
854.727	0.0275968
854.861	0.0283344
854.996	0.0274739
855.13	0.02815
855.265	0.0287031
855.399	0.0267363
855.533	0.0282114
855.668	0.0279656
855.802	0.0277197
855.936	0.0279656
856.071	0.0279656
856.205	0.0283958
856.339	0.0272895
856.474	0.0288261
856.608	0.0279656
856.742	0.0263061
856.877	0.0276583
857.011	0.0282114
857.145	0.0279041
857.28	0.0288261
857.414	0.02815
857.549	0.0285187
857.683	0.0277197
857.817	0.0278427
857.952	0.0282729
858.086	0.0279041
858.22	0.0279656
858.355	0.0275968
858.489	0.02815
858.623	0.0279656
858.758	0.027228
858.892	0.0272895
859.026	0.0270436
859.161	0.028949
859.295	0.02815
859.429	0.02815
859.564	0.0275968
859.698	0.0274739
859.832	0.0279656
859.967	0.0274739
860.101	0.0271051
860.235	0.0277812
860.37	0.0280885
860.504	0.0279656
860.638	0.0279041
860.773	0.0269822
860.907	0.0274124
861.041	0.0277197
861.176	0.0286417
861.31	0.0276583
861.444	0.0278427
861.579	0.0280885
861.713	0.0275968
861.847	0.0279656
861.982	0.02815
862.116	0.0274739
862.25	0.0279041
862.385	0.0277197
862.519	0.028027
862.653	0.0272895
862.788	0.0275968
862.922	0.0283958
863.056	0.02815
863.191	0.0280885
863.325	0.028027
863.459	0.0274739
863.594	0.0277197
863.728	0.0274739
863.862	0.0274739
863.997	0.0283958
864.131	0.0271666
864.265	0.0278427
864.4	0.0271666
864.534	0.0276583
864.668	0.0275353
864.803	0.0285187
864.937	0.027351
865.071	0.027351
865.206	0.0277197
865.34	0.0277197
865.474	0.0279656
865.609	0.0283958
865.743	0.027228
865.877	0.0276583
866.012	0.0271051
866.146	0.0277812
866.28	0.0270436
866.415	0.0277197
866.549	0.0280885
866.683	0.0286417
866.818	0.0275353
866.952	0.0285187
867.086	0.0275968
867.221	0.0276583
867.355	0.0276583
867.489	0.0264905
867.623	0.0279041
867.758	0.027228
867.892	0.0266749
868.026	0.0274124
868.161	0.0284573
868.295	0.02815
868.429	0.027228
868.564	0.028027
868.698	0.0277197
868.832	0.0286417
868.967	0.0268593
869.101	0.0282114
869.235	0.02815
869.37	0.0285802
869.504	0.0276583
869.638	0.0274124
869.773	0.0275353
869.907	0.0284573
870.041	0.0276583
870.175	0.0275353
870.31	0.0276583
870.444	0.027351
870.578	0.0277197
870.713	0.0279041
870.847	0.0275353
870.981	0.0276583
871.116	0.0280885
871.25	0.0288261
871.384	0.027351
871.519	0.0272895
871.653	0.0275353
871.787	0.027228
871.921	0.0277197
872.056	0.0282114
872.19	0.0275968
872.324	0.027351
872.459	0.0278427
872.593	0.0282114
872.727	0.0274739
872.862	0.028027
872.996	0.0287031
873.13	0.0282729
873.264	0.0282729
873.399	0.0288875
873.533	0.0276583
873.667	0.0276583
873.802	0.0277812
873.936	0.0268593
874.07	0.0282114
874.205	0.0278427
874.339	0.0277197
874.473	0.0279041
874.607	0.0274739
874.742	0.0282729
874.876	0.0279656
875.01	0.0269822
875.145	0.0275968
875.279	0.0286417
875.413	0.0277197
875.548	0.027351
875.682	0.0267363
875.816	0.0283958
875.95	0.0284573
876.085	0.0280885
876.219	0.0282114
876.353	0.0279656
876.488	0.0271666
876.622	0.027351
876.756	0.0275353
876.89	0.028027
877.025	0.0279656
877.159	0.027228
877.293	0.0274739
877.428	0.0269207
877.562	0.0277812
877.696	0.0274124
877.83	0.0274124
877.965	0.0282729
878.099	0.027351
878.233	0.028949
878.368	0.0279041
878.502	0.027351
878.636	0.0271666
878.77	0.0282114
878.905	0.0279041
879.039	0.028027
879.173	0.0271666
879.308	0.0275968
879.442	0.0279041
879.576	0.0272895
879.71	0.0275353
879.845	0.0279041
879.979	0.026429
880.113	0.0274124
880.248	0.0267978
880.382	0.0276583
880.516	0.0277197
880.65	0.0284573
880.785	0.0277197
880.919	0.027351
881.053	0.0278427
881.188	0.0286417
881.322	0.0277812
881.456	0.0280885
881.59	0.0275968
881.725	0.0268593
881.859	0.0277197
881.993	0.0274124
882.127	0.0288875
882.262	0.0278427
882.396	0.0278427
882.53	0.0277812
882.665	0.0277197
882.799	0.027351
882.933	0.0280885
883.067	0.0280885
883.202	0.0270436
883.336	0.0274124
883.47	0.028027
883.604	0.0270436
883.739	0.0270436
883.873	0.027351
884.007	0.0279656
884.142	0.028027
884.276	0.0283958
884.41	0.0275968
884.544	0.0276583
884.679	0.0275968
884.813	0.0277812
884.947	0.0275353
885.081	0.0284573
885.216	0.0282114
885.35	0.0277812
885.484	0.0280885
885.618	0.0277812
885.753	0.0287646
885.887	0.0282114
886.021	0.0277197
886.155	0.0285802
886.29	0.0288261
886.424	0.028027
886.558	0.0278427
886.693	0.0271666
886.827	0.0272895
886.961	0.0282729
887.095	0.0274739
887.23	0.0282114
887.364	0.0274124
887.498	0.0279656
887.632	0.0288875
887.767	0.028027
887.901	0.0275353
888.035	0.0284573
888.169	0.02815
888.304	0.0282114
888.438	0.0274739
888.572	0.0267978
888.706	0.0275353
888.841	0.02815
888.975	0.0288261
889.109	0.0277812
889.243	0.0279656
889.378	0.0274124
889.512	0.0288875
889.646	0.028027
889.78	0.0274124
889.915	0.0275968
890.049	0.0285187
890.183	0.0287031
890.317	0.0267363
890.452	0.0279041
890.586	0.0279656
890.72	0.0282114
890.854	0.026429
890.989	0.02815
891.123	0.028027
891.257	0.027351
891.391	0.0288261
891.526	0.0274739
891.66	0.02815
891.794	0.02815
891.928	0.0277812
892.063	0.0285802
892.197	0.0282114
892.331	0.0277197
892.465	0.0275353
892.6	0.0283344
892.734	0.0279656
892.868	0.0278427
893.002	0.0276583
893.137	0.0288261
893.271	0.0267363
893.405	0.028027
893.539	0.0279041
893.674	0.0283958
893.808	0.0278427
893.942	0.0277812
894.076	0.0279656
894.21	0.0283344
894.345	0.0279656
894.479	0.0285187
894.613	0.02815
894.747	0.0274739
894.882	0.02815
895.016	0.0275353
895.15	0.0275353
895.284	0.0274124
895.419	0.0275968
895.553	0.0277197
895.687	0.02815
895.821	0.0277812
895.956	0.0275968
896.09	0.0271666
896.224	0.02815
896.358	0.0275968
896.492	0.0279656
896.627	0.0278427
896.761	0.0287646
896.895	0.0269207
897.029	0.0276583
897.164	0.0280885
897.298	0.0270436
897.432	0.0269207
897.566	0.0279656
897.701	0.0286417
897.835	0.0279041
897.969	0.0285802
898.103	0.0277812
898.237	0.0268593
898.372	0.0279656
898.506	0.0283344
898.64	0.0271666
898.774	0.0277197
898.909	0.0275353
899.043	0.0269822
899.177	0.028027
899.311	0.0274739
899.445	0.0279656
899.58	0.0278427
899.714	0.0274124
899.848	0.0283344
899.982	0.0283958
900.117	0.0278427
900.251	0.0279041
900.385	0.0282729
900.519	0.0283344
900.653	0.0284573
900.788	0.0274739
900.922	0.0274739
901.056	0.0279041
901.19	0.027228
901.325	0.0282729
901.459	0.027228
901.593	0.0275353
901.727	0.0278427
901.861	0.0275353
901.996	0.0274124
902.13	0.0274124
902.264	0.0287031
902.398	0.0269822
902.532	0.0285187
902.667	0.0268593
902.801	0.0283344
902.935	0.0279656
903.069	0.0275968
903.204	0.0278427
903.338	0.0282729
903.472	0.0274739
903.606	0.02815
903.74	0.0269822
903.875	0.0278427
904.009	0.0270436
904.143	0.0290104
904.277	0.0276583
904.411	0.027228
904.546	0.0283958
904.68	0.0270436
904.814	0.0276583
904.948	0.0278427
905.082	0.0275968
905.217	0.027228
905.351	0.0274739
905.485	0.0285187
905.619	0.0267978
905.753	0.0274739
905.888	0.0279656
906.022	0.0274739
906.156	0.0277812
906.29	0.0267363
906.424	0.0275968
906.559	0.0284573
906.693	0.0271666
906.827	0.0284573
906.961	0.027228
907.095	0.028027
907.23	0.0278427
907.364	0.0275353
907.498	0.0283344
907.632	0.0279041
907.766	0.0280885
907.901	0.0272895
908.035	0.0277812
908.169	0.0279656
908.303	0.0282729
908.437	0.0271051
908.572	0.0276583
908.706	0.0275353
908.84	0.0267363
908.974	0.0276583
909.108	0.0280885
909.243	0.02815
909.377	0.0276583
909.511	0.0287031
909.645	0.0283344
909.779	0.0284573
909.914	0.0277197
910.048	0.0271666
910.182	0.0286417
910.316	0.0286417
910.45	0.0271051
910.585	0.0271666
910.719	0.0277197
910.853	0.0279656
910.987	0.0284573
911.121	0.0277197
911.255	0.02815
911.39	0.028027
911.524	0.0279041
911.658	0.0283344
911.792	0.02815
911.926	0.0283344
912.061	0.0275968
912.195	0.0282729
912.329	0.0274124
912.463	0.0283958
912.597	0.02815
912.732	0.0271666
912.866	0.0279041
913	0.0277812
913.134	0.0276583
913.268	0.0274739
913.402	0.028027
913.537	0.028027
913.671	0.0275968
913.805	0.0278427
913.939	0.0280885
914.073	0.0288875
914.208	0.0283344
914.342	0.0279656
914.476	0.0277197
914.61	0.0277812
914.744	0.0282729
914.878	0.0275968
915.013	0.0282114
915.147	0.0284573
915.281	0.0275353
915.415	0.028027
915.549	0.0279041
915.683	0.0288261
915.818	0.0287646
915.952	0.0288261
916.086	0.0275968
916.22	0.0277197
916.354	0.0275968
916.488	0.02815
916.623	0.0284573
916.757	0.027351
916.891	0.0275353
917.025	0.0282114
917.159	0.0274124
917.293	0.0275968
917.428	0.0271051
917.562	0.0276583
917.696	0.0278427
917.83	0.0284573
917.964	0.0276583
918.098	0.0274124
918.233	0.028027
918.367	0.0279656
918.501	0.0275968
918.635	0.027351
918.769	0.0280885
918.903	0.0275968
919.038	0.0276583
919.172	0.0277197
919.306	0.027228
919.44	0.0271666
919.574	0.0282114
919.708	0.0280885
919.843	0.0275968
919.977	0.0275968
920.111	0.027351
920.245	0.0277197
920.379	0.0271051
920.513	0.0282729
920.648	0.0265519
920.782	0.028027
920.916	0.026429
921.05	0.0275968
921.184	0.0282729
921.318	0.0279656
921.453	0.0280885
921.587	0.0277197
921.721	0.027228
921.855	0.0279656
921.989	0.0282114
922.123	0.0277197
922.257	0.0282114
922.392	0.0274124
922.526	0.028027
922.66	0.0277812
922.794	0.0274739
922.928	0.0278427
923.062	0.0280885
923.197	0.0293792
923.331	0.0275353
923.465	0.0275353
923.599	0.0275968
923.733	0.0279656
923.867	0.0264905
924.001	0.0275353
924.136	0.0269822
924.27	0.0279656
924.404	0.0275353
924.538	0.0277812
924.672	0.028027
924.806	0.0274739
924.94	0.0293792
925.075	0.0272895
925.209	0.0287646
925.343	0.0279041
925.477	0.0277812
925.611	0.0279041
925.745	0.0279041
925.879	0.0279041
926.014	0.0290104
926.148	0.0276583
926.282	0.0284573
926.416	0.028027
926.55	0.0277812
926.684	0.0276583
926.818	0.028027
926.953	0.0284573
927.087	0.027351
927.221	0.0283958
927.355	0.0271051
927.489	0.0282729
927.623	0.0274739
927.757	0.0274739
927.892	0.0277812
928.026	0.027228
928.16	0.0285802
928.294	0.02815
928.428	0.0278427
928.562	0.0278427
928.696	0.0283958
928.831	0.028027
928.965	0.0279656
929.099	0.0280885
929.233	0.0280885
929.367	0.0277812
929.501	0.0275353
929.635	0.0275353
929.769	0.0274739
929.904	0.0276583
930.038	0.0279041
930.172	0.0293178
930.306	0.0275353
930.44	0.0277812
930.574	0.0277197
930.708	0.0274739
930.843	0.0274124
930.977	0.0286417
931.111	0.0287031
931.245	0.0275353
931.379	0.0285802
931.513	0.0284573
931.647	0.0279041
931.781	0.0277812
931.916	0.0279656
932.05	0.0272895
932.184	0.0279041
932.318	0.0278427
932.452	0.0271051
932.586	0.0283344
932.72	0.0277197
932.854	0.0279041
932.989	0.028027
933.123	0.0277197
933.257	0.0275353
933.391	0.0271666
933.525	0.0278427
933.659	0.0275353
933.793	0.02815
933.927	0.0275353
934.061	0.02815
934.196	0.0283344
934.33	0.0269207
934.464	0.0266134
934.598	0.02815
934.732	0.0282114
934.866	0.0285802
935	0.0279041
935.134	0.0282114
935.269	0.028027
935.403	0.0282114
935.537	0.0282729
935.671	0.0274739
935.805	0.028027
935.939	0.0283958
936.073	0.0279656
936.207	0.027351
936.341	0.0287031
936.476	0.0274124
936.61	0.0284573
936.744	0.0277812
936.878	0.028949
937.012	0.0271051
937.146	0.0275353
937.28	0.0267363
937.414	0.0274739
937.548	0.0282114
937.683	0.0282729
937.817	0.0282114
937.951	0.0276583
938.085	0.0277812
938.219	0.0282114
938.353	0.0279656
938.487	0.0277197
938.621	0.0275353
938.755	0.0272895
938.889	0.0277197
939.024	0.0277197
939.158	0.0288875
939.292	0.0282729
939.426	0.0279656
939.56	0.0292563
939.694	0.0274739
939.828	0.0275968
939.962	0.0283958
940.096	0.0277197
940.231	0.0271666
940.365	0.0286417
940.499	0.0285802
940.633	0.0276583
940.767	0.0278427
940.901	0.0270436
941.035	0.027351
941.169	0.0282114
941.303	0.0276583
941.437	0.0277197
941.571	0.0278427
941.706	0.0274739
941.84	0.0279041
941.974	0.0287031
942.108	0.0282114
942.242	0.0278427
942.376	0.0279041
942.51	0.0283958
942.644	0.0279041
942.778	0.028027
942.912	0.0287646
943.047	0.0280885
943.181	0.0264905
943.315	0.02815
943.449	0.0282114
943.583	0.0270436
943.717	0.0276583
943.851	0.0283958
943.985	0.027351
944.119	0.0270436
944.253	0.0276583
944.387	0.0279041
944.522	0.02815
944.656	0.0279656
944.79	0.02815
944.924	0.0275353
945.058	0.0279041
945.192	0.0274124
945.326	0.027228
945.46	0.0280885
945.594	0.0282114
945.728	0.0285187
945.862	0.0266134
945.996	0.0283344
946.131	0.027228
946.265	0.0277812
946.399	0.0286417
946.533	0.0277197
946.667	0.0277197
946.801	0.0276583
946.935	0.0285802
947.069	0.0276583
947.203	0.0276583
947.337	0.0275353
947.471	0.0276583
947.605	0.0274124
947.739	0.0283344
947.874	0.0282729
948.008	0.0275968
948.142	0.0278427
948.276	0.028027
948.41	0.0285802
948.544	0.0274124
948.678	0.0279041
948.812	0.0278427
948.946	0.0274739
949.08	0.0274124
949.214	0.0270436
949.348	0.02815
949.482	0.0274739
949.617	0.0275353
949.751	0.0279656
949.885	0.0280885
950.019	0.0269207
950.153	0.0277812
950.287	0.0284573
950.421	0.0277812
950.555	0.0278427
950.689	0.0287031
950.823	0.0279656
950.957	0.0279656
951.091	0.0279656
951.225	0.0276583
951.359	0.0290104
951.493	0.0279041
951.628	0.0264905
951.762	0.027351
951.896	0.0279041
952.03	0.0282729
952.164	0.02815
952.298	0.0278427
952.432	0.0275968
952.566	0.0263675
952.7	0.0279656
952.834	0.0279656
952.968	0.0282114
953.102	0.0283344
953.236	0.0282114
953.37	0.0282114
953.504	0.027228
953.639	0.0274739
953.773	0.027228
953.907	0.0275968
954.041	0.0282729
954.175	0.0275353
954.309	0.0275353
954.443	0.0286417
954.577	0.0275353
954.711	0.0277812
954.845	0.0277197
954.979	0.0282114
955.113	0.0274124
955.247	0.0274124
955.381	0.0278427
955.515	0.0285187
955.649	0.028027
955.783	0.0275968
955.917	0.0277812
956.052	0.0274124
956.186	0.0275353
956.32	0.0275968
956.454	0.02815
956.588	0.0279041
956.722	0.0277197
956.856	0.0283344
956.99	0.027351
957.124	0.0282114
957.258	0.0288261
957.392	0.0275968
957.526	0.0283344
957.66	0.0277197
957.794	0.028027
957.928	0.0275968
958.062	0.0279041
958.196	0.0279656
958.33	0.02815
958.464	0.0286417
958.598	0.0282729
958.733	0.027351
958.867	0.0278427
959.001	0.02815
959.135	0.0280885
959.269	0.0275968
959.403	0.0277812
959.537	0.0268593
959.671	0.0285187
959.805	0.027351
959.939	0.0275968
960.073	0.0291334
960.207	0.0277197
960.341	0.0290719
960.475	0.027228
960.609	0.0275968
960.743	0.0272895
960.877	0.0282729
961.011	0.0272895
961.145	0.0277812
961.279	0.0278427
961.413	0.028027
961.547	0.0284573
961.681	0.0274739
961.815	0.027351
961.949	0.0275353
962.083	0.028027
962.218	0.0275968
962.352	0.0279656
962.486	0.0279041
962.62	0.0280885
962.754	0.0282729
962.888	0.0275353
963.022	0.0276583
963.156	0.0277197
963.29	0.0278427
963.424	0.0278427
963.558	0.02815
963.692	0.0279041
963.826	0.0275968
963.96	0.02815
964.094	0.0275353
964.228	0.027228
964.362	0.0278427
964.496	0.0279041
964.63	0.0278427
964.764	0.0283958
964.898	0.0290104
965.032	0.0279041
965.166	0.0276583
965.3	0.0282114
965.434	0.0285187
965.568	0.0277197
965.702	0.0276583
965.836	0.0274739
965.97	0.0279041
966.104	0.0283958
966.238	0.0278427
966.372	0.0277812
966.506	0.0280885
966.64	0.0269822
966.774	0.0283958
966.908	0.0279656
967.043	0.0269207
967.177	0.0267363
967.311	0.0277197
967.445	0.0279041
967.579	0.0282114
967.713	0.0283958
967.847	0.0271051
967.981	0.0277197
968.115	0.0275968
968.249	0.0277197
968.383	0.0279041
968.517	0.0282114
968.651	0.0274124
968.785	0.0279041
968.919	0.0266749
969.053	0.0280885
969.187	0.0274124
969.321	0.0285187
969.455	0.0275968
969.589	0.028027
969.723	0.0268593
969.857	0.027228
969.991	0.0282729
970.125	0.0282114
970.259	0.0282729
970.393	0.0279041
970.527	0.02815
970.661	0.02815
970.795	0.0278427
970.929	0.02815
971.063	0.0274124
971.197	0.0275353
971.331	0.0277197
971.465	0.0279041
971.599	0.028027
971.733	0.0277197
971.867	0.0279656
972.001	0.0276583
972.135	0.0283958
972.269	0.0278427
972.403	0.0276583
972.537	0.0275353
972.671	0.0270436
972.805	0.0275353
972.939	0.0276583
973.073	0.0282729
973.207	0.0274739
973.341	0.0276583
973.475	0.0278427
973.609	0.0277197
973.743	0.0271666
973.877	0.0290719
974.011	0.0277197
974.145	0.0268593
974.279	0.0285802
974.413	0.0271666
974.547	0.0269822
974.681	0.0285802
974.815	0.027351
974.949	0.0279041
975.083	0.0279656
975.217	0.0277197
975.351	0.0279041
975.485	0.0279041
975.619	0.028949
975.753	0.0267363
975.887	0.0274124
976.021	0.0269822
976.155	0.027351
976.289	0.0278427
976.423	0.0287646
976.557	0.0278427
976.691	0.0285187
976.825	0.0282729
976.959	0.0283344
977.093	0.0277812
977.227	0.0277197
977.361	0.0279041
977.495	0.0283344
977.629	0.0278427
977.763	0.028027
977.897	0.0274739
978.031	0.0269822
978.165	0.0279656
978.299	0.028027
978.433	0.0269207
978.567	0.0267978
978.701	0.0270436
978.835	0.0282729
978.969	0.0288261
979.103	0.0275968
979.237	0.0274739
979.371	0.0277197
979.505	0.0277197
979.639	0.027351
979.773	0.0276583
979.907	0.0275968
980.041	0.0274739
980.175	0.0282114
980.308	0.0279041
980.442	0.0275968
980.576	0.0292563
980.71	0.0274739
980.844	0.0284573
980.978	0.0276583
981.112	0.028027
981.246	0.0284573
981.38	0.0279041
981.514	0.0278427
981.648	0.0274739
981.782	0.0272895
981.916	0.0271666
982.05	0.0278427
982.184	0.0274124
982.318	0.0278427
982.452	0.0282114
982.586	0.0275353
982.72	0.0275353
982.854	0.0274124
982.988	0.0279041
983.122	0.0279656
983.256	0.0282729
983.39	0.0271666
983.524	0.0282729
983.658	0.02815
983.792	0.0279656
983.926	0.0279656
984.06	0.028027
984.194	0.0268593
984.328	0.0277812
984.462	0.0274124
984.596	0.0277812
984.73	0.0279656
984.864	0.0271051
984.998	0.0275353
985.132	0.0287031
985.265	0.0275353
985.399	0.0279041
985.533	0.0278427
985.667	0.0272895
985.801	0.0276583
985.935	0.0268593
986.069	0.027351
986.203	0.0271666
986.337	0.028027
986.471	0.0279656
986.605	0.0277812
986.739	0.0279656
986.873	0.0271051
987.007	0.0279041
987.141	0.028027
987.275	0.0274739
987.409	0.027228
987.543	0.0269207
987.677	0.028027
987.811	0.0277812
987.945	0.0275353
988.079	0.0277812
988.213	0.0274124
988.347	0.0283958
988.481	0.0264905
988.614	0.0275353
988.748	0.0277812
988.882	0.0272895
989.016	0.0282729
989.15	0.0286417
989.284	0.0274739
989.418	0.0274739
989.552	0.028027
989.686	0.027228
989.82	0.0282114
989.954	0.0279041
990.088	0.0271666
990.222	0.0277197
990.356	0.028027
990.49	0.0283958
990.624	0.0277812
990.758	0.0268593
990.892	0.0274124
991.026	0.0277197
991.16	0.0275968
991.294	0.0287031
991.427	0.0279041
991.561	0.0274739
991.695	0.02815
991.829	0.0283958
991.963	0.0276583
992.097	0.0278427
992.231	0.0274124
992.365	0.0279041
992.499	0.0277812
992.633	0.0275353
992.767	0.027351
992.901	0.0278427
993.035	0.0267978
993.169	0.0275968
993.303	0.0279656
993.437	0.02815
993.571	0.0285187
993.704	0.0271666
993.838	0.0275968
993.972	0.0285802
994.106	0.0274739
994.24	0.0279656
994.374	0.0275353
994.508	0.027228
994.642	0.0285802
994.776	0.02815
994.91	0.0277197
995.044	0.0283958
995.178	0.0278427
995.312	0.028949
995.446	0.0285187
995.58	0.0270436
995.714	0.0282114
995.847	0.027351
995.981	0.0276583
996.115	0.0287031
996.249	0.0279656
996.383	0.0277197
996.517	0.0282729
996.651	0.027228
996.785	0.0275968
996.919	0.02815
997.053	0.0269822
997.187	0.028027
997.321	0.0278427
997.455	0.0283958
997.589	0.0270436
997.722	0.0287031
997.856	0.0275968
997.99	0.0280885
998.124	0.0269822
998.258	0.0288261
998.392	0.0288261
998.526	0.0280885
998.66	0.0276583
998.794	0.0277197
998.928	0.0284573
999.062	0.027351
999.196	0.027228
999.33	0.0276583
999.464	0.0279041
999.597	0.0286417
999.731	0.0279041
999.865	0.0285802
999.999	0.0280885
1000.13	0.0280885
1000.27	0.0275353
1000.4	0.028027
1000.53	0.0276583
1000.67	0.0274739
1000.8	0.028027
1000.94	0.0282114
1001.07	0.0277197
1001.2	0.0269822
1001.34	0.0269822
1001.47	0.0270436
1001.61	0.0283958
1001.74	0.0283344
1001.87	0.0274124
1002.01	0.0270436
1002.14	0.0279041
1002.28	0.0278427
1002.41	0.0282114
1002.54	0.0284573
1002.68	0.0282729
1002.81	0.0277197
1002.95	0.0277812
1003.08	0.0275353
1003.21	0.0271666
1003.35	0.0275353
1003.48	0.0284573
1003.61	0.0274124
1003.75	0.0279656
1003.88	0.0278427
1004.02	0.028027
1004.15	0.0270436
1004.28	0.0282114
1004.42	0.0283344
1004.55	0.0282729
1004.69	0.0268593
1004.82	0.02815
1004.95	0.0275353
1005.09	0.0277197
1005.22	0.0282729
1005.36	0.0277812
1005.49	0.0271666
1005.62	0.0292563
1005.76	0.0282114
1005.89	0.02815
1006.03	0.0275353
1006.16	0.0282114
1006.29	0.0276583
1006.43	0.0276583
1006.56	0.0276583
1006.69	0.0275968
1006.83	0.02815
1006.96	0.0277812
1007.1	0.0275968
1007.23	0.0271666
1007.36	0.0275353
1007.5	0.0283344
1007.63	0.0270436
1007.77	0.0271666
1007.9	0.0282114
1008.03	0.0269822
1008.17	0.0274739
1008.3	0.0269207
1008.44	0.0286417
1008.57	0.0277812
1008.7	0.0277197
1008.84	0.0279041
1008.97	0.0279656
1009.1	0.0283958
1009.24	0.0292563
1009.37	0.0277197
1009.51	0.0279656
1009.64	0.0278427
1009.77	0.0269822
1009.91	0.0268593
1010.04	0.0278427
1010.18	0.0279656
1010.31	0.02815
1010.44	0.0274124
1010.58	0.0279041
1010.71	0.0282729
1010.85	0.0267978
1010.98	0.0274124
1011.11	0.028027
1011.25	0.0276583
1011.38	0.0277197
1011.51	0.0285802
1011.65	0.0279041
1011.78	0.0275968
1011.92	0.0279656
1012.05	0.0267363
1012.18	0.0275353
1012.32	0.0280885
1012.45	0.0277197
1012.59	0.0274739
1012.72	0.028027
1012.85	0.0275968
1012.99	0.0275353
1013.12	0.027351
1013.26	0.0288261
1013.39	0.0279656
1013.52	0.0275353
1013.66	0.0278427
1013.79	0.0277197
1013.92	0.028027
1014.06	0.0275353
1014.19	0.0275353
1014.33	0.0278427
1014.46	0.0287031
1014.59	0.028027
1014.73	0.0275353
1014.86	0.0286417
1015	0.0279041
1015.13	0.0283958
1015.26	0.027351
1015.4	0.028027
1015.53	0.0272895
1015.67	0.0282729
1015.8	0.0275968
1015.93	0.02815
1016.07	0.0277197
1016.2	0.0275353
1016.33	0.0271666
1016.47	0.0267363
1016.6	0.0283958
1016.74	0.0270436
1016.87	0.0279656
1017	0.027351
1017.14	0.0274739
1017.27	0.0275968
1017.41	0.0284573
1017.54	0.0277812
1017.67	0.0283958
1017.81	0.0288261
1017.94	0.0278427
1018.07	0.0279041
1018.21	0.0274739
1018.34	0.0272895
1018.48	0.0283958
1018.61	0.0277197
1018.74	0.02815
1018.88	0.0276583
1019.01	0.02815
1019.15	0.0275353
1019.28	0.0280885
1019.41	0.0275353
1019.55	0.0269207
1019.68	0.027228
1019.82	0.0279656
1019.95	0.0283344
1020.08	0.0278427
1020.22	0.0277812
1020.35	0.0282114
1020.48	0.0275968
1020.62	0.0275968
1020.75	0.0277197
1020.89	0.0279041
1021.02	0.0278427
1021.15	0.027351
1021.29	0.0279041
1021.42	0.0274124
1021.56	0.0283344
1021.69	0.027351
1021.82	0.0285802
1021.96	0.0279041
1022.09	0.0274739
1022.22	0.0283344
1022.36	0.0278427
1022.49	0.0284573
1022.63	0.0275968
1022.76	0.0282729
1022.89	0.0275968
1023.03	0.0275353
1023.16	0.0275968
1023.3	0.0279041
1023.43	0.028027
1023.56	0.0276583
1023.7	0.028027
1023.83	0.0277197
1023.96	0.028027
1024.1	0.0282729
1024.23	0.0283344
1024.37	0.02815
1024.5	0.0285187
1024.63	0.0275968
1024.77	0.0287646
1024.9	0.027228
1025.04	0.0284573
1025.17	0.0279656
1025.3	0.0288261
1025.44	0.0282114
1025.57	0.0275968
1025.7	0.0280885
1025.84	0.027351
1025.97	0.0278427
1026.11	0.0279656
1026.24	0.0274124
1026.37	0.0274124
1026.51	0.0269822
1026.64	0.0275968
1026.78	0.0275968
1026.91	0.0277812
1027.04	0.0272895
1027.18	0.0283958
1027.31	0.0274739
1027.44	0.0282114
1027.58	0.0271051
1027.71	0.0287031
1027.85	0.0274124
1027.98	0.0284573
1028.11	0.0277812
1028.25	0.0280885
1028.38	0.0277812
1028.52	0.0277812
1028.65	0.0280885
1028.78	0.0277812
1028.92	0.0271666
1029.05	0.0274739
1029.18	0.0275353
1029.32	0.0272895
1029.45	0.0267978
1029.59	0.0271051
1029.72	0.0274739
1029.85	0.0276583
1029.99	0.027228
1030.12	0.0272895
1030.26	0.0280885
1030.39	0.0285187
1030.52	0.0277812
1030.66	0.0279041
1030.79	0.0275353
1030.92	0.0275353
1031.06	0.0278427
1031.19	0.0274124
1031.33	0.0280885
1031.46	0.0283958
1031.59	0.0279041
1031.73	0.0282114
1031.86	0.0272895
1031.99	0.0280885
1032.13	0.0274739
1032.26	0.0282729
1032.4	0.0277197
1032.53	0.0272895
1032.66	0.0278427
1032.8	0.0280885
1032.93	0.0272895
1033.07	0.0286417
1033.2	0.0275353
1033.33	0.0287646
1033.47	0.0261832
1033.6	0.0277197
1033.73	0.02815
1033.87	0.0276583
1034	0.028027
1034.14	0.0276583
1034.27	0.0279041
1034.4	0.0279041
1034.54	0.027351
1034.67	0.0285802
1034.81	0.0277197
1034.94	0.0285802
1035.07	0.02815
1035.21	0.0286417
1035.34	0.0271666
1035.47	0.028027
1035.61	0.0280885
1035.74	0.0279041
1035.88	0.0279041
1036.01	0.0279656
1036.14	0.0274124
1036.28	0.0286417
1036.41	0.0279656
1036.54	0.028027
1036.68	0.0277812
1036.81	0.027351
1036.95	0.0277812
1037.08	0.0277812
1037.21	0.0277812
1037.35	0.0275968
1037.48	0.0287031
1037.62	0.0286417
1037.75	0.0275968
1037.88	0.0275968
1038.02	0.0274739
1038.15	0.027351
1038.28	0.0275353
1038.42	0.0283344
1038.55	0.0275968
1038.69	0.0275968
1038.82	0.0280885
1038.95	0.0271666
1039.09	0.0285187
1039.22	0.0276583
1039.35	0.0272895
1039.49	0.0276583
1039.62	0.0278427
1039.76	0.0271666
1039.89	0.0277197
1040.02	0.0277197
1040.16	0.028027
1040.29	0.0277197
1040.43	0.0277812
1040.56	0.0277812
1040.69	0.0283344
1040.83	0.0277197
1040.96	0.0285802
1041.09	0.027228
1041.23	0.0271051
1041.36	0.0277812
1041.5	0.0277812
1041.63	0.0277197
1041.76	0.0275968
1041.9	0.0282729
1042.03	0.0274124
1042.16	0.0275353
1042.3	0.0275353
1042.43	0.0277812
1042.57	0.0277812
1042.7	0.0283344
1042.83	0.0275968
1042.97	0.027228
1043.1	0.02815
1043.23	0.0275353
1043.37	0.0279041
1043.5	0.0275353
1043.64	0.028027
1043.77	0.0277812
1043.9	0.0271666
1044.04	0.0277812
1044.17	0.0282729
1044.31	0.028027
1044.44	0.0276583
1044.57	0.027228
1044.71	0.0278427
1044.84	0.0278427
1044.97	0.0271666
1045.11	0.0280885
1045.24	0.027351
1045.38	0.0285802
1045.51	0.0282114
1045.64	0.0275353
1045.78	0.0279656
1045.91	0.0286417
1046.04	0.0282729
1046.18	0.0279041
1046.31	0.0282729
1046.45	0.0274739
1046.58	0.0283344
1046.71	0.0277812
1046.85	0.0269207
1046.98	0.0279656
1047.11	0.0277812
1047.25	0.0272895
1047.38	0.0279656
1047.52	0.0271051
1047.65	0.028027
1047.78	0.0279656
1047.92	0.0266749
1048.05	0.0275968
1048.18	0.028027
1048.32	0.0279041
1048.45	0.0283958
1048.59	0.0283958
1048.72	0.0272895
1048.85	0.0278427
1048.99	0.0278427
1049.12	0.0275968
1049.25	0.0272895
1049.39	0.028027
1049.52	0.0275968
1049.66	0.0286417
1049.79	0.0282729
1049.92	0.0271666
1050.06	0.027351
1050.19	0.0279041
1050.33	0.0278427
1050.46	0.0279656
1050.59	0.0269207
1050.73	0.0282114
1050.86	0.0275353
1050.99	0.0270436
1051.13	0.0285187
1051.26	0.0267363
1051.4	0.0277812
1051.53	0.02815
1051.66	0.0283344
1051.8	0.0270436
1051.93	0.0282114
1052.06	0.0283344
1052.2	0.02815
1052.33	0.0269207
1052.47	0.0282114
1052.6	0.0277197
1052.73	0.0294407
1052.87	0.0274124
1053	0.0270436
1053.13	0.0283344
1053.27	0.0274739
1053.4	0.0285187
1053.54	0.0279656
1053.67	0.0268593
1053.8	0.0275353
1053.94	0.0274739
1054.07	0.0279041
1054.2	0.0277197
1054.34	0.0275353
1054.47	0.0277812
1054.61	0.0280885
1054.74	0.0280885
1054.87	0.0278427
1055.01	0.0283344
1055.14	0.0264905
1055.27	0.028027
1055.41	0.0290719
1055.54	0.0282729
1055.68	0.0282114
1055.81	0.02815
1055.94	0.0278427
1056.08	0.0269822
1056.21	0.028027
1056.34	0.0274739
1056.48	0.0270436
1056.61	0.0277812
1056.75	0.02815
1056.88	0.0282729
1057.01	0.0271051
1057.15	0.028949
1057.28	0.0279656
1057.41	0.028027
1057.55	0.0283958
1057.68	0.0275968
1057.82	0.02815
1057.95	0.0275353
1058.08	0.0286417
1058.22	0.0283958
1058.35	0.0283958
1058.48	0.0278427
1058.62	0.0275353
1058.75	0.0274124
1058.89	0.0279656
1059.02	0.0282114
1059.15	0.0286417
1059.29	0.0280885
1059.42	0.0279656
1059.55	0.0283958
1059.69	0.0275968
1059.82	0.0282729
1059.96	0.0290104
1060.09	0.0285187
1060.22	0.0268593
1060.36	0.0282729
1060.49	0.0288261
1060.62	0.0274739
1060.76	0.026429
1060.89	0.0266134
1061.03	0.0280885
1061.16	0.0277812
1061.29	0.0285802
1061.43	0.0282114
1061.56	0.0276583
1061.69	0.0278427
1061.83	0.0277197
1061.96	0.0284573
1062.1	0.0284573
1062.23	0.0280885
1062.36	0.0276583
1062.5	0.0274124
1062.63	0.0268593
1062.76	0.0272895
1062.9	0.027351
1063.03	0.0279041
1063.17	0.0276583
1063.3	0.0283958
1063.43	0.0282114
1063.57	0.0280885
1063.7	0.0279041
1063.83	0.0279656
1063.97	0.0274739
1064.1	0.0272895
1064.23	0.0279656
1064.37	0.0276583
1064.5	0.0275968
1064.64	0.0274739
1064.77	0.0274124
1064.9	0.0286417
1065.04	0.0285802
1065.17	0.0277812
1065.3	0.0269207
1065.44	0.0283344
1065.57	0.0272895
1065.71	0.0274739
1065.84	0.0272895
1065.97	0.0283344
1066.11	0.0280885
1066.24	0.028027
1066.37	0.0290719
1066.51	0.0280885
1066.64	0.0276583
1066.78	0.0274124
1066.91	0.0275968
1067.04	0.0275353
1067.18	0.0277812
1067.31	0.0282729
1067.44	0.0276583
1067.58	0.0274739
1067.71	0.0282114
1067.85	0.0282729
1067.98	0.028027
1068.11	0.0275968
1068.25	0.0283344
1068.38	0.0275968
1068.51	0.027351
1068.65	0.027228
1068.78	0.0275968
1068.92	0.0279041
1069.05	0.028949
1069.18	0.028027
1069.32	0.0271666
1069.45	0.0277812
1069.58	0.0276583
1069.72	0.0269207
1069.85	0.0280885
1069.98	0.0280885
1070.12	0.0277197
1070.25	0.02815
1070.39	0.0282114
1070.52	0.0275353
1070.65	0.0269207
1070.79	0.0280885
1070.92	0.028027
1071.05	0.0286417
1071.19	0.0280885
1071.32	0.0269207
1071.46	0.0278427
1071.59	0.0279041
1071.72	0.0280885
1071.86	0.0276583
1071.99	0.0272895
1072.12	0.028027
1072.26	0.0277812
1072.39	0.0275968
1072.53	0.028027
1072.66	0.0279041
1072.79	0.0288875
1072.93	0.0283958
1073.06	0.0279656
1073.19	0.028949
1073.33	0.0279041
1073.46	0.0277812
1073.59	0.0282114
1073.73	0.0278427
1073.86	0.0276583
1074	0.0272895
1074.13	0.0267363
1074.26	0.0282114
1074.4	0.0282729
1074.53	0.0283958
1074.66	0.0276583
1074.8	0.0283958
1074.93	0.0274739
1075.07	0.0274739
1075.2	0.0275353
1075.33	0.0282114
1075.47	0.0279656
1075.6	0.02815
1075.73	0.0274124
1075.87	0.0278427
1076	0.0277812
1076.14	0.0279041
1076.27	0.027228
1076.4	0.0282114
1076.54	0.0278427
1076.67	0.027228
1076.8	0.0274739
1076.94	0.0285187
1077.07	0.0283344
1077.2	0.0285187
1077.34	0.0275968
1077.47	0.0285187
1077.61	0.02815
1077.74	0.02815
1077.87	0.0275353
1078.01	0.0279041
1078.14	0.0276583
1078.27	0.0279656
1078.41	0.0279656
1078.54	0.0269822
1078.68	0.0282114
1078.81	0.0278427
1078.94	0.02815
1079.08	0.0274739
1079.21	0.0278427
1079.34	0.0278427
1079.48	0.0284573
1079.61	0.0278427
1079.74	0.0279041
1079.88	0.0279656
1080.01	0.0271051
1080.15	0.0274124
1080.28	0.0280885
1080.41	0.0290104
1080.55	0.0268593
1080.68	0.0279041
1080.81	0.0280885
1080.95	0.0277812
1081.08	0.0276583
1081.22	0.028027
1081.35	0.0279656
1081.48	0.0277197
1081.62	0.0279656
1081.75	0.0283344
1081.88	0.0277197
1082.02	0.0277812
1082.15	0.0269822
1082.28	0.0279656
1082.42	0.0282729
1082.55	0.0282729
1082.69	0.0277812
1082.82	0.0266749
1082.95	0.0275353
1083.09	0.02815
1083.22	0.0282114
1083.35	0.0278427
1083.49	0.0276583
1083.62	0.0277197
1083.75	0.0283958
1083.89	0.0278427
1084.02	0.0274124
1084.16	0.0279656
1084.29	0.0284573
1084.42	0.0272895
1084.56	0.0271666
1084.69	0.0274124
1084.82	0.0275968
1084.96	0.0279656
1085.09	0.0282729
1085.23	0.0283344
1085.36	0.028027
1085.49	0.0276583
1085.63	0.0275968
1085.76	0.0275353
1085.89	0.0278427
1086.03	0.0278427
1086.16	0.0283958
1086.29	0.02815
1086.43	0.0266749
1086.56	0.0280885
1086.7	0.0271666
1086.83	0.0274124
1086.96	0.0282114
1087.1	0.0288261
1087.23	0.028027
1087.36	0.027351
1087.5	0.0276583
1087.63	0.0271666
1087.76	0.0276583
1087.9	0.02815
1088.03	0.02815
1088.17	0.0283344
1088.3	0.0275968
1088.43	0.0277197
1088.57	0.0272895
1088.7	0.0278427
1088.83	0.0280885
1088.97	0.0279041
1089.1	0.0275968
1089.24	0.0275968
1089.37	0.0278427
1089.5	0.0282729
1089.64	0.0283344
1089.77	0.028027
1089.9	0.0275968
1090.04	0.0277812
1090.17	0.0274124
1090.3	0.0277812
1090.44	0.0287031
1090.57	0.0287031
1090.71	0.0275353
1090.84	0.0277812
1090.97	0.0285802
1091.11	0.0279656
1091.24	0.0270436
1091.37	0.0277812
1091.51	0.027228
1091.64	0.0279041
1091.77	0.0279656
1091.91	0.0279656
1092.04	0.027351
1092.18	0.0277812
1092.31	0.0271666
1092.44	0.0280885
1092.58	0.028027
1092.71	0.0275968
1092.84	0.0276583
1092.98	0.0274739
1093.11	0.028027
1093.24	0.0275353
1093.38	0.028027
1093.51	0.0279656
1093.65	0.0276583
1093.78	0.0270436
1093.91	0.0279656
1094.05	0.0278427
1094.18	0.0279041
1094.31	0.0285802
1094.45	0.0269822
1094.58	0.0274739
1094.71	0.0277197
1094.85	0.0275968
1094.98	0.0276583
1095.12	0.0279041
1095.25	0.02815
1095.38	0.0282114
1095.52	0.0274124
1095.65	0.0277812
1095.78	0.0282114
1095.92	0.0287031
1096.05	0.0283344
1096.18	0.0269207
1096.32	0.0282729
1096.45	0.02815
1096.59	0.0274739
1096.72	0.0284573
1096.85	0.02815
1096.99	0.0279656
1097.12	0.0270436
1097.25	0.0270436
1097.39	0.0279656
1097.52	0.0284573
1097.65	0.0285187
1097.79	0.0285802
1097.92	0.0272895
1098.06	0.0282114
1098.19	0.0284573
1098.32	0.0277197
1098.46	0.0277812
1098.59	0.0270436
1098.72	0.028027
1098.86	0.0282114
1098.99	0.0277197
1099.12	0.0274739
1099.26	0.0277812
1099.39	0.028027
1099.53	0.0279041
1099.66	0.028027
1099.79	0.0277812
1099.93	0.0279041
1100.06	0.0283344
1100.19	0.0283958
1100.33	0.0279656
1100.46	0.0283344
1100.59	0.0275353
1100.73	0.028027
1100.86	0.0278427
1100.99	0.0279041
1101.13	0.0274124
1101.26	0.0278427
1101.4	0.0283344
1101.53	0.0275353
1101.66	0.027228
1101.8	0.02815
1101.93	0.0284573
1102.06	0.0280885
1102.2	0.027228
1102.33	0.0279656
1102.46	0.0274124
1102.6	0.0278427
1102.73	0.027228
1102.87	0.0277197
1103	0.0279656
1103.13	0.0275968
1103.27	0.0271051
1103.4	0.0271051
1103.53	0.0279656
1103.67	0.0279656
1103.8	0.0277197
1103.93	0.028027
1104.07	0.0278427
1104.2	0.0279041
1104.34	0.0285187
1104.47	0.028027
1104.6	0.0277197
1104.74	0.0279656
1104.87	0.0274739
1105	0.0277197
1105.14	0.0278427
1105.27	0.0271666
1105.4	0.0274124
1105.54	0.0279041
1105.67	0.0276583
1105.8	0.0277812
1105.94	0.0275968
1106.07	0.0277197
1106.21	0.0271666
1106.34	0.02815
1106.47	0.028027
1106.61	0.0285802
1106.74	0.0285187
1106.87	0.0267978
1107.01	0.0279656
1107.14	0.0277812
1107.27	0.0285802
1107.41	0.0282114
1107.54	0.0271666

