Source: Spectrum Viewer

Chart: Pulse Spectrum

Series: 
Wavelength (nm)	S (a.u.)
617.638	0.0278782
617.773	0.0272655
617.908	0.0286747
618.043	0.0275106
618.178	0.0276331
618.313	0.0282458
618.448	0.0277557
618.583	0.0273268
618.718	0.0278169
618.853	0.0280007
618.988	0.0278782
619.123	0.0278782
619.258	0.0276944
619.394	0.0274493
619.529	0.0279395
619.664	0.0267753
619.799	0.0277557
619.934	0.0278169
620.069	0.0272042
620.204	0.0272042
620.339	0.028062
620.474	0.0280007
620.609	0.0276331
620.744	0.0274493
620.879	0.0277557
621.014	0.0282458
621.149	0.0281845
621.284	0.028062
621.419	0.0275718
621.554	0.0276944
621.689	0.026714
621.825	0.0281845
621.96	0.0280007
622.095	0.0272042
622.23	0.0273268
622.365	0.0281233
622.5	0.0286134
622.635	0.0278169
622.77	0.028062
622.905	0.0270204
623.04	0.0283071
623.175	0.0284296
623.31	0.0274493
623.445	0.0275718
623.58	0.0273268
623.715	0.0281233
623.85	0.0277557
623.985	0.0277557
624.12	0.0276331
624.255	0.0277557
624.39	0.0279395
624.525	0.0277557
624.661	0.0272655
624.796	0.0276331
624.931	0.0284296
625.066	0.0273268
625.201	0.028062
625.336	0.0275718
625.471	0.0278782
625.606	0.0276331
625.741	0.0280007
625.876	0.0269591
626.011	0.0281233
626.146	0.0261013
626.281	0.0281845
626.416	0.0281233
626.551	0.0289811
626.686	0.0272655
626.821	0.0275106
626.956	0.0278169
627.091	0.0272042
627.226	0.0281233
627.361	0.0289811
627.496	0.0278782
627.631	0.0284296
627.766	0.028062
627.901	0.0281233
628.036	0.0280007
628.171	0.0277557
628.307	0.0274493
628.442	0.0285522
628.577	0.0280007
628.712	0.0282458
628.847	0.0283684
628.982	0.0274493
629.117	0.0279395
629.252	0.0276944
629.387	0.0278782
629.522	0.0283071
629.657	0.0276331
629.792	0.0278169
629.927	0.0268366
630.062	0.0278782
630.197	0.0270817
630.332	0.0271429
630.467	0.0276331
630.602	0.0276331
630.737	0.027388
630.872	0.028062
631.007	0.0273268
631.142	0.0284296
631.277	0.0280007
631.412	0.0263464
631.547	0.0276944
631.682	0.0274493
631.817	0.0276944
631.952	0.0283071
632.087	0.0268366
632.222	0.0276944
632.357	0.0269591
632.492	0.0278782
632.627	0.0274493
632.762	0.0273268
632.897	0.0281233
633.032	0.0280007
633.167	0.0281233
633.302	0.0282458
633.437	0.0268366
633.572	0.0272042
633.707	0.0277557
633.842	0.0271429
633.978	0.0281845
634.113	0.0270817
634.248	0.0282458
634.383	0.0278169
634.518	0.0278169
634.653	0.0276944
634.788	0.0275106
634.923	0.0283071
635.058	0.0276944
635.193	0.0273268
635.328	0.027388
635.463	0.0274493
635.598	0.0270204
635.733	0.028062
635.868	0.0275106
636.003	0.0285522
636.138	0.0275106
636.273	0.028062
636.408	0.027388
636.543	0.0276331
636.678	0.0273268
636.813	0.0272042
636.948	0.027388
637.083	0.0276331
637.218	0.0277557
637.353	0.0280007
637.488	0.0281233
637.623	0.0281233
637.758	0.0278782
637.893	0.0275106
638.028	0.0283684
638.163	0.0273268
638.298	0.0277557
638.433	0.0272042
638.568	0.0268979
638.703	0.0273268
638.838	0.0278169
638.973	0.0278782
639.108	0.0276331
639.243	0.0278782
639.378	0.0283071
639.513	0.0275106
639.648	0.0269591
639.783	0.0289811
639.918	0.0275718
640.053	0.0279395
640.188	0.0274493
640.323	0.0277557
640.458	0.0282458
640.593	0.0272655
640.728	0.0272655
640.863	0.0270204
640.998	0.0278782
641.133	0.0272042
641.268	0.0280007
641.403	0.0289811
641.538	0.0276944
641.673	0.0280007
641.808	0.0275106
641.943	0.0275718
642.078	0.0268979
642.213	0.0274493
642.348	0.0273268
642.483	0.0272042
642.618	0.0285522
642.753	0.0276944
642.888	0.0280007
643.023	0.0286134
643.158	0.0272042
643.293	0.0273268
643.428	0.0279395
643.563	0.0283071
643.698	0.0272042
643.833	0.0280007
643.968	0.0283071
644.103	0.0283071
644.237	0.0278782
644.372	0.0267753
644.507	0.0283071
644.642	0.0278782
644.777	0.0283684
644.912	0.0281845
645.047	0.0270817
645.182	0.0277557
645.317	0.027388
645.452	0.027388
645.587	0.0279395
645.722	0.0266528
645.857	0.0281233
645.992	0.0281233
646.127	0.0274493
646.262	0.0278169
646.397	0.0281233
646.532	0.0281845
646.667	0.0273268
646.802	0.0272042
646.937	0.0277557
647.072	0.0278782
647.207	0.0278169
647.342	0.0276331
647.477	0.0280007
647.612	0.0280007
647.747	0.0270204
647.882	0.0271429
648.017	0.0275718
648.152	0.0274493
648.287	0.0283071
648.422	0.0282458
648.557	0.0283684
648.692	0.0280007
648.827	0.0272655
648.962	0.0274493
649.097	0.0278782
649.232	0.0277557
649.367	0.027388
649.502	0.0279395
649.637	0.0281233
649.772	0.0282458
649.906	0.0276944
650.041	0.028062
650.176	0.0280007
650.311	0.0266528
650.446	0.0281233
650.581	0.0277557
650.716	0.0283684
650.851	0.0282458
650.986	0.0281845
651.121	0.0285522
651.256	0.0282458
651.391	0.0277557
651.526	0.028062
651.661	0.0279395
651.796	0.0279395
651.931	0.0271429
652.066	0.0277557
652.201	0.0276944
652.336	0.0275718
652.471	0.027388
652.606	0.0272042
652.741	0.0277557
652.876	0.0272042
653.011	0.0280007
653.146	0.026714
653.281	0.0278169
653.415	0.0283071
653.55	0.0276944
653.685	0.026714
653.82	0.028062
653.955	0.027388
654.09	0.0272042
654.225	0.0276331
654.36	0.0276331
654.495	0.0280007
654.63	0.0277557
654.765	0.0278782
654.9	0.0275718
655.035	0.0278169
655.17	0.0279395
655.305	0.0275106
655.44	0.0281233
655.575	0.0274493
655.71	0.0286747
655.845	0.0275106
655.98	0.0273268
656.115	0.0268979
656.25	0.0275718
656.384	0.0269591
656.519	0.0272042
656.654	0.0261013
656.789	0.0277557
656.924	0.0276331
657.059	0.0272655
657.194	0.0275106
657.329	0.0276331
657.464	0.0280007
657.599	0.0271429
657.734	0.0283071
657.869	0.0275718
658.004	0.0278782
658.139	0.0274493
658.274	0.0280007
658.409	0.0279395
658.544	0.028062
658.679	0.0270204
658.813	0.0275718
658.948	0.0283071
659.083	0.0283071
659.218	0.0284296
659.353	0.0272655
659.488	0.0283071
659.623	0.0279395
659.758	0.0289811
659.893	0.0272042
660.028	0.027388
660.163	0.0275718
660.298	0.0274493
660.433	0.027388
660.568	0.0278169
660.703	0.0270817
660.838	0.0271429
660.972	0.0275106
661.107	0.0274493
661.242	0.027388
661.377	0.0274493
661.512	0.0275106
661.647	0.0272655
661.782	0.0268979
661.917	0.0286134
662.052	0.0272655
662.187	0.0278782
662.322	0.0266528
662.457	0.0281233
662.592	0.0275718
662.727	0.0273268
662.862	0.0280007
662.996	0.0275718
663.131	0.0283071
663.266	0.0281233
663.401	0.0272042
663.536	0.0278169
663.671	0.0278169
663.806	0.0269591
663.941	0.0281845
664.076	0.026714
664.211	0.0270204
664.346	0.0275718
664.481	0.028062
664.616	0.0288585
664.75	0.0270204
664.885	0.0278782
665.02	0.028062
665.155	0.0272655
665.29	0.0274493
665.425	0.028062
665.56	0.0272655
665.695	0.0272655
665.83	0.0277557
665.965	0.0283684
666.1	0.0276331
666.235	0.0280007
666.37	0.0272655
666.504	0.027388
666.639	0.0271429
666.774	0.0281233
666.909	0.0271429
667.044	0.0275106
667.179	0.0275718
667.314	0.0281233
667.449	0.0278169
667.584	0.0275106
667.719	0.028062
667.854	0.0291036
667.989	0.0281233
668.123	0.0276944
668.258	0.0281845
668.393	0.0279395
668.528	0.0278782
668.663	0.0284296
668.798	0.0276944
668.933	0.0280007
669.068	0.0283684
669.203	0.0283071
669.338	0.0277557
669.473	0.0283684
669.607	0.0276944
669.742	0.0273268
669.877	0.0280007
670.012	0.0274493
670.147	0.0274493
670.282	0.0283684
670.417	0.0270817
670.552	0.0283684
670.687	0.0277557
670.822	0.0282458
670.957	0.0281845
671.091	0.0281845
671.226	0.026469
671.361	0.0276944
671.496	0.0267753
671.631	0.0268979
671.766	0.0277557
671.901	0.0279395
672.036	0.0280007
672.171	0.0281845
672.306	0.0273268
672.44	0.0272042
672.575	0.0275106
672.71	0.0281845
672.845	0.0268979
672.98	0.0277557
673.115	0.0270204
673.25	0.0275718
673.385	0.0274493
673.52	0.0284909
673.655	0.0274493
673.789	0.0279395
673.924	0.0275106
674.059	0.0275106
674.194	0.0280007
674.329	0.0283684
674.464	0.0283684
674.599	0.0282458
674.734	0.0282458
674.869	0.0276944
675.003	0.0272042
675.138	0.0281233
675.273	0.0276331
675.408	0.028062
675.543	0.0278169
675.678	0.027388
675.813	0.0280007
675.948	0.0272655
676.083	0.0269591
676.217	0.0276944
676.352	0.0274493
676.487	0.0280007
676.622	0.0281845
676.757	0.0284909
676.892	0.0269591
677.027	0.0275718
677.162	0.0269591
677.297	0.0289811
677.431	0.0270204
677.566	0.0273268
677.701	0.0275106
677.836	0.0270817
677.971	0.0271429
678.106	0.0274493
678.241	0.0284909
678.376	0.0277557
678.511	0.0286747
678.645	0.0278782
678.78	0.028062
678.915	0.0279395
679.05	0.0280007
679.185	0.0278169
679.32	0.0284909
679.455	0.0270817
679.59	0.027388
679.724	0.0278782
679.859	0.0272655
679.994	0.0280007
680.129	0.0275718
680.264	0.0278782
680.399	0.0273268
680.534	0.0276944
680.669	0.0279395
680.803	0.0276331
680.938	0.0275718
681.073	0.0274493
681.208	0.0276944
681.343	0.0277557
681.478	0.028062
681.613	0.0280007
681.748	0.0270817
681.882	0.0269591
682.017	0.027388
682.152	0.0283684
682.287	0.0284909
682.422	0.0286747
682.557	0.0268366
682.692	0.0280007
682.827	0.0270817
682.961	0.0275718
683.096	0.0265302
683.231	0.0270204
683.366	0.0276331
683.501	0.0276944
683.636	0.0277557
683.771	0.0269591
683.906	0.0278169
684.04	0.0276944
684.175	0.0263464
684.31	0.0268979
684.445	0.0281233
684.58	0.0278169
684.715	0.0276944
684.85	0.027388
684.984	0.0280007
685.119	0.0279395
685.254	0.0276944
685.389	0.0277557
685.524	0.0276331
685.659	0.0275718
685.794	0.027388
685.928	0.0270817
686.063	0.0268366
686.198	0.0278169
686.333	0.027388
686.468	0.0283071
686.603	0.0274493
686.738	0.0275718
686.872	0.0278782
687.007	0.0281845
687.142	0.0268366
687.277	0.027388
687.412	0.027388
687.547	0.0273268
687.682	0.0277557
687.816	0.0276331
687.951	0.0276944
688.086	0.0276944
688.221	0.0280007
688.356	0.0275106
688.491	0.0275106
688.626	0.0281233
688.76	0.027388
688.895	0.0270204
689.03	0.0286134
689.165	0.0280007
689.3	0.028062
689.435	0.0267753
689.57	0.0272655
689.704	0.0281233
689.839	0.0270817
689.974	0.0276331
690.109	0.0275718
690.244	0.0281845
690.379	0.0281845
690.513	0.0275106
690.648	0.0276944
690.783	0.0281845
690.918	0.0282458
691.053	0.0279395
691.188	0.028062
691.323	0.0278169
691.457	0.0269591
691.592	0.0277557
691.727	0.0279395
691.862	0.0284296
691.997	0.0269591
692.132	0.028736
692.266	0.0281233
692.401	0.0275106
692.536	0.0269591
692.671	0.0276944
692.806	0.027388
692.941	0.0273268
693.075	0.026714
693.21	0.0277557
693.345	0.0276944
693.48	0.0283071
693.615	0.0270817
693.75	0.0283071
693.885	0.0271429
694.019	0.0276331
694.154	0.0275718
694.289	0.0276331
694.424	0.0285522
694.559	0.0273268
694.694	0.0281845
694.828	0.0275106
694.963	0.0274493
695.098	0.0276331
695.233	0.0271429
695.368	0.027388
695.503	0.0276944
695.637	0.0275718
695.772	0.0279395
695.907	0.0276331
696.042	0.0284296
696.177	0.0270817
696.312	0.0278169
696.446	0.0274493
696.581	0.0273268
696.716	0.028736
696.851	0.0269591
696.986	0.0272042
697.12	0.0275718
697.255	0.0272655
697.39	0.0283071
697.525	0.0276944
697.66	0.0274493
697.795	0.0281845
697.929	0.0282458
698.064	0.0275106
698.199	0.0280007
698.334	0.0279395
698.469	0.0278782
698.604	0.0278782
698.738	0.0275106
698.873	0.027388
699.008	0.0277557
699.143	0.0274493
699.278	0.0277557
699.412	0.0287973
699.547	0.0277557
699.682	0.0275718
699.817	0.0275106
699.952	0.0277557
700.087	0.0284909
700.221	0.0278782
700.356	0.0277557
700.491	0.0276944
700.626	0.0282458
700.761	0.0284296
700.895	0.0276331
701.03	0.0280007
701.165	0.0286747
701.3	0.028062
701.435	0.027388
701.57	0.0284296
701.704	0.0281845
701.839	0.0279395
701.974	0.0280007
702.109	0.0280007
702.244	0.026469
702.378	0.0272655
702.513	0.0275106
702.648	0.028062
702.783	0.0278782
702.918	0.0275106
703.052	0.0278169
703.187	0.0274493
703.322	0.027388
703.457	0.0276331
703.592	0.0279395
703.727	0.0270817
703.861	0.0275106
703.996	0.0284296
704.131	0.0283071
704.266	0.0275106
704.401	0.0278169
704.535	0.0267753
704.67	0.028062
704.805	0.0275106
704.94	0.0276331
705.075	0.0286747
705.209	0.0273268
705.344	0.0281845
705.479	0.0275718
705.614	0.0279395
705.749	0.0278782
705.883	0.0275718
706.018	0.0281233
706.153	0.0283684
706.288	0.0270817
706.423	0.0282458
706.557	0.0277557
706.692	0.0278169
706.827	0.0285522
706.962	0.0278782
707.097	0.0279395
707.231	0.0277557
707.366	0.0272655
707.501	0.0283684
707.636	0.0292262
707.771	0.0268366
707.905	0.0287973
708.04	0.0275718
708.175	0.0279395
708.31	0.0283684
708.445	0.0279395
708.579	0.0279395
708.714	0.028062
708.849	0.0275718
708.984	0.0281845
709.118	0.0283071
709.253	0.0275106
709.388	0.0281845
709.523	0.0270204
709.658	0.0281233
709.792	0.0278169
709.927	0.0275106
710.062	0.0288585
710.197	0.0270817
710.332	0.0286134
710.466	0.0278782
710.601	0.0280007
710.736	0.0275718
710.871	0.0276331
711.006	0.0284296
711.14	0.0276331
711.275	0.0275718
711.41	0.028062
711.545	0.0279395
711.679	0.027388
711.814	0.0271429
711.949	0.0277557
712.084	0.0278782
712.219	0.0284909
712.353	0.027388
712.488	0.0291036
712.623	0.0276944
712.758	0.0278782
712.892	0.0278169
713.027	0.0279395
713.162	0.0271429
713.297	0.0276331
713.432	0.0272655
713.566	0.0281233
713.701	0.0281233
713.836	0.0286747
713.971	0.0281845
714.105	0.028736
714.24	0.0281233
714.375	0.0276331
714.51	0.0266528
714.645	0.0277557
714.779	0.0276944
714.914	0.0281233
715.049	0.028062
715.184	0.0281845
715.318	0.0275106
715.453	0.0276331
715.588	0.0282458
715.723	0.0276944
715.858	0.0275718
715.992	0.0279395
716.127	0.026714
716.262	0.0281233
716.397	0.0275106
716.531	0.0273268
716.666	0.0282458
716.801	0.0280007
716.936	0.0280007
717.07	0.0281233
717.205	0.0280007
717.34	0.0275718
717.475	0.0277557
717.61	0.027388
717.744	0.0275106
717.879	0.0278169
718.014	0.0277557
718.149	0.0283684
718.283	0.028736
718.418	0.0271429
718.553	0.0278169
718.688	0.0279395
718.822	0.0278782
718.957	0.027388
719.092	0.028062
719.227	0.0275106
719.361	0.0283684
719.496	0.0275718
719.631	0.0282458
719.766	0.0274493
719.9	0.028062
720.035	0.0270817
720.17	0.0272655
720.305	0.0275718
720.44	0.0278169
720.574	0.0273268
720.709	0.0283071
720.844	0.0278782
720.979	0.0282458
721.113	0.0286134
721.248	0.0279395
721.383	0.0273268
721.518	0.0288585
721.652	0.0276331
721.787	0.028062
721.922	0.0284296
722.057	0.0275718
722.191	0.0275718
722.326	0.0273268
722.461	0.028062
722.596	0.0278782
722.73	0.0273268
722.865	0.0277557
723	0.0275718
723.135	0.0286134
723.269	0.0272042
723.404	0.027388
723.539	0.0264077
723.674	0.0277557
723.808	0.0276331
723.943	0.0273268
724.078	0.0282458
724.213	0.0273268
724.347	0.0278169
724.482	0.0271429
724.617	0.0276944
724.752	0.0276944
724.886	0.0295325
725.021	0.0276944
725.156	0.0276944
725.291	0.028062
725.425	0.0285522
725.56	0.0277557
725.695	0.0276944
725.829	0.0277557
725.964	0.0280007
726.099	0.0278782
726.234	0.0281845
726.368	0.0280007
726.503	0.0281233
726.638	0.0276331
726.773	0.0278782
726.907	0.027388
727.042	0.0282458
727.177	0.0282458
727.312	0.0270204
727.446	0.0266528
727.581	0.0279395
727.716	0.0278169
727.851	0.0278169
727.985	0.0273268
728.12	0.0274493
728.255	0.0276944
728.389	0.0279395
728.524	0.0279395
728.659	0.028062
728.794	0.0276331
728.928	0.028062
729.063	0.0276331
729.198	0.0281233
729.333	0.0273268
729.467	0.0278782
729.602	0.0273268
729.737	0.028736
729.872	0.0278782
730.006	0.0267753
730.141	0.0285522
730.276	0.0269591
730.41	0.0278169
730.545	0.0278782
730.68	0.0272042
730.815	0.0280007
730.949	0.0281233
731.084	0.0274493
731.219	0.0281845
731.354	0.0275106
731.488	0.0281233
731.623	0.0282458
731.758	0.0281845
731.892	0.0279395
732.027	0.0278169
732.162	0.028062
732.297	0.0278169
732.431	0.0277557
732.566	0.0275106
732.701	0.028062
732.835	0.0281233
732.97	0.0272042
733.105	0.0281233
733.24	0.0273268
733.374	0.026714
733.509	0.0275106
733.644	0.0278782
733.779	0.0275106
733.913	0.0282458
734.048	0.0277557
734.183	0.0280007
734.317	0.0276944
734.452	0.0279395
734.587	0.0273268
734.722	0.0280007
734.856	0.028062
734.991	0.0275718
735.126	0.0276944
735.26	0.0278169
735.395	0.0270817
735.53	0.0279395
735.665	0.0281845
735.799	0.0282458
735.934	0.0281845
736.069	0.0283071
736.203	0.0271429
736.338	0.028062
736.473	0.0276944
736.607	0.0276944
736.742	0.0278169
736.877	0.0271429
737.012	0.0278169
737.146	0.0276331
737.281	0.0279395
737.416	0.0283684
737.55	0.0279395
737.685	0.0272655
737.82	0.0276944
737.955	0.0277557
738.089	0.0275718
738.224	0.0280007
738.359	0.0274493
738.493	0.0280007
738.628	0.0275106
738.763	0.0286747
738.897	0.0275106
739.032	0.0276944
739.167	0.0275718
739.302	0.0275718
739.436	0.0281233
739.571	0.0269591
739.706	0.0283071
739.84	0.0278169
739.975	0.0265915
740.11	0.0279395
740.244	0.0276331
740.379	0.0281845
740.514	0.0277557
740.649	0.0283684
740.783	0.026714
740.918	0.028062
741.053	0.0272042
741.187	0.0276944
741.322	0.0278782
741.457	0.0283684
741.591	0.0276944
741.726	0.0274493
741.861	0.0274493
741.996	0.0277557
742.13	0.0276944
742.265	0.0271429
742.4	0.027388
742.534	0.028062
742.669	0.0275106
742.804	0.0268979
742.938	0.0272042
743.073	0.0279395
743.208	0.0271429
743.342	0.0280007
743.477	0.0277557
743.612	0.0279395
743.747	0.0291036
743.881	0.0284909
744.016	0.0270204
744.151	0.0277557
744.285	0.0275106
744.42	0.0272655
744.555	0.0270817
744.689	0.0277557
744.824	0.0266528
744.959	0.0274493
745.093	0.0286134
745.228	0.0277557
745.363	0.0275106
745.497	0.0281233
745.632	0.0279395
745.767	0.0274493
745.901	0.0275718
746.036	0.0278169
746.171	0.0277557
746.305	0.0272042
746.44	0.0273268
746.575	0.0275106
746.71	0.0273268
746.844	0.0281845
746.979	0.028062
747.114	0.0268979
747.248	0.0270817
747.383	0.0275106
747.518	0.0277557
747.652	0.0284909
747.787	0.0269591
747.922	0.0280007
748.056	0.0268366
748.191	0.0276331
748.326	0.0278169
748.46	0.0280007
748.595	0.0274493
748.73	0.0283071
748.864	0.0272042
748.999	0.0273268
749.134	0.0278782
749.268	0.0280007
749.403	0.0272655
749.538	0.0276331
749.672	0.0270817
749.807	0.0276944
749.942	0.0278169
750.076	0.0269591
750.211	0.0284909
750.346	0.0272655
750.48	0.0280007
750.615	0.0283071
750.75	0.0271429
750.884	0.0276944
751.019	0.0279395
751.154	0.0276331
751.288	0.0278782
751.423	0.0283071
751.558	0.0275106
751.692	0.0283684
751.827	0.0284909
751.962	0.0275718
752.096	0.027388
752.231	0.0277557
752.366	0.0281845
752.5	0.0275718
752.635	0.027388
752.77	0.0281233
752.904	0.0274493
753.039	0.0278169
753.174	0.0288585
753.308	0.0277557
753.443	0.0272042
753.578	0.0278169
753.712	0.0273268
753.847	0.0279395
753.982	0.0279395
754.116	0.0279395
754.251	0.0278782
754.386	0.0276331
754.52	0.0270817
754.655	0.0278169
754.79	0.0278169
754.924	0.0268979
755.059	0.028062
755.194	0.0269591
755.328	0.0280007
755.463	0.0278169
755.597	0.0276944
755.732	0.0286747
755.867	0.0280007
756.001	0.0283684
756.136	0.0277557
756.271	0.0275718
756.405	0.0285522
756.54	0.027388
756.675	0.0281233
756.809	0.0274493
756.944	0.0276944
757.079	0.0282458
757.213	0.0276944
757.348	0.0276331
757.483	0.0276331
757.617	0.0276944
757.752	0.0271429
757.887	0.0272042
758.021	0.0272655
758.156	0.0272655
758.29	0.0277557
758.425	0.027388
758.56	0.0284296
758.694	0.0286747
758.829	0.028062
758.964	0.0279395
759.098	0.0276944
759.233	0.0275718
759.368	0.027388
759.502	0.0279395
759.637	0.0275718
759.772	0.0282458
759.906	0.0277557
760.041	0.0274493
760.175	0.0268979
760.31	0.0279395
760.445	0.0276944
760.579	0.0277557
760.714	0.0278782
760.849	0.0283684
760.983	0.0278782
761.118	0.0281233
761.253	0.0276944
761.387	0.0271429
761.522	0.0269591
761.656	0.0276944
761.791	0.0268979
761.926	0.0278169
762.06	0.0283071
762.195	0.0283684
762.33	0.0278169
762.464	0.0278782
762.599	0.0284296
762.733	0.0280007
762.868	0.0278782
763.003	0.0277557
763.137	0.028062
763.272	0.0272655
763.407	0.0272655
763.541	0.0276944
763.676	0.027388
763.811	0.0278169
763.945	0.0273268
764.08	0.0278169
764.214	0.0279395
764.349	0.0284296
764.484	0.0282458
764.618	0.0281845
764.753	0.0283684
764.888	0.0278169
765.022	0.0267753
765.157	0.0276331
765.291	0.0276331
765.426	0.0278169
765.561	0.027388
765.695	0.0281233
765.83	0.0275718
765.965	0.0275106
766.099	0.0272042
766.234	0.0273268
766.368	0.0261626
766.503	0.0275718
766.638	0.0283684
766.772	0.027388
766.907	0.0271429
767.041	0.0278782
767.176	0.027388
767.311	0.0274493
767.445	0.027388
767.58	0.0268979
767.715	0.0284296
767.849	0.0271429
767.984	0.028062
768.118	0.028062
768.253	0.0279395
768.388	0.027388
768.522	0.0276944
768.657	0.0284909
768.791	0.0279395
768.926	0.0276331
769.061	0.028062
769.195	0.0276944
769.33	0.0280007
769.465	0.0281233
769.599	0.027388
769.734	0.0279395
769.868	0.0280007
770.003	0.0279395
770.138	0.0281233
770.272	0.0282458
770.407	0.0278782
770.541	0.0276331
770.676	0.0274493
770.811	0.0281845
770.945	0.0283071
771.08	0.0275718
771.214	0.0275718
771.349	0.0275718
771.484	0.0274493
771.618	0.0276944
771.753	0.0277557
771.887	0.0270817
772.022	0.0283684
772.157	0.0277557
772.291	0.027388
772.426	0.0276331
772.56	0.0272655
772.695	0.028062
772.83	0.0277557
772.964	0.0274493
773.099	0.0286134
773.233	0.028062
773.368	0.0278782
773.503	0.0267753
773.637	0.0273268
773.772	0.0279395
773.906	0.0275106
774.041	0.0270204
774.176	0.0276331
774.31	0.0270817
774.445	0.0276331
774.579	0.0276944
774.714	0.0280007
774.849	0.0284296
774.983	0.0276331
775.118	0.0270817
775.252	0.0282458
775.387	0.027388
775.522	0.0275718
775.656	0.0272655
775.791	0.0276944
775.925	0.0275718
776.06	0.0286134
776.195	0.0277557
776.329	0.0275718
776.464	0.0276331
776.598	0.0268979
776.733	0.0278169
776.868	0.0284296
777.002	0.0276944
777.137	0.0278169
777.271	0.0276331
777.406	0.0270817
777.54	0.0278782
777.675	0.0278782
777.81	0.0272042
777.944	0.0283071
778.079	0.0273268
778.213	0.0279395
778.348	0.027388
778.483	0.0278782
778.617	0.0280007
778.752	0.0270817
778.886	0.0279395
779.021	0.0273268
779.155	0.0280007
779.29	0.0272655
779.425	0.0281233
779.559	0.0276331
779.694	0.0272655
779.828	0.0281233
779.963	0.0281845
780.098	0.0283071
780.232	0.0285522
780.367	0.0276331
780.501	0.0273268
780.636	0.0283071
780.77	0.0278169
780.905	0.0279395
781.04	0.027388
781.174	0.0278782
781.309	0.0287973
781.443	0.0289198
781.578	0.0281233
781.712	0.0273268
781.847	0.0278169
781.982	0.0276331
782.116	0.0272042
782.251	0.0272655
782.385	0.0270817
782.52	0.0276331
782.654	0.0274493
782.789	0.0268366
782.924	0.0283071
783.058	0.0276331
783.193	0.0272042
783.327	0.0275106
783.462	0.0279395
783.596	0.0282458
783.731	0.0281233
783.866	0.0268366
784	0.0274493
784.135	0.0284909
784.269	0.0273268
784.404	0.0278782
784.538	0.0280007
784.673	0.028062
784.808	0.0270204
784.942	0.027388
785.077	0.0280007
785.211	0.0282458
785.346	0.0283071
785.48	0.0275718
785.615	0.0277557
785.75	0.0268979
785.884	0.0282458
786.019	0.0268979
786.153	0.0284296
786.288	0.0273268
786.422	0.027388
786.557	0.0276331
786.691	0.0280007
786.826	0.0275106
786.961	0.0281233
787.095	0.0272655
787.23	0.0265915
787.364	0.0278169
787.499	0.0278169
787.633	0.0276944
787.768	0.0276331
787.902	0.0277557
788.037	0.0272655
788.172	0.0277557
788.306	0.0278169
788.441	0.0275718
788.575	0.0278782
788.71	0.0279395
788.844	0.0281233
788.979	0.0274493
789.113	0.0281845
789.248	0.0268979
789.383	0.0278782
789.517	0.0270204
789.652	0.0281845
789.786	0.0281233
789.921	0.0280007
790.055	0.0275106
790.19	0.0287973
790.324	0.0276944
790.459	0.0274493
790.594	0.0274493
790.728	0.0272042
790.863	0.0269591
790.997	0.0281845
791.132	0.0277557
791.266	0.0277557
791.401	0.0284296
791.535	0.0283684
791.67	0.0279395
791.804	0.0290423
791.939	0.0276944
792.074	0.0281233
792.208	0.0273268
792.343	0.0276331
792.477	0.0271429
792.612	0.028062
792.746	0.0276944
792.881	0.0288585
793.015	0.0280007
793.15	0.0270204
793.284	0.0275106
793.419	0.028736
793.553	0.0289198
793.688	0.0276331
793.823	0.0281233
793.957	0.0282458
794.092	0.0276331
794.226	0.0275718
794.361	0.027388
794.495	0.028062
794.63	0.028736
794.764	0.0278782
794.899	0.028062
795.033	0.0278169
795.168	0.028062
795.302	0.0276944
795.437	0.0281233
795.572	0.028736
795.706	0.0283071
795.841	0.0278782
795.975	0.0282458
796.11	0.0279395
796.244	0.0272655
796.379	0.0284909
796.513	0.0278782
796.648	0.0272655
796.782	0.0281845
796.917	0.0281845
797.051	0.0279395
797.186	0.028062
797.32	0.027388
797.455	0.0285522
797.589	0.0278782
797.724	0.0283684
797.859	0.0279395
797.993	0.0276944
798.128	0.0291649
798.262	0.0278169
798.397	0.0272655
798.531	0.0285522
798.666	0.0283071
798.8	0.0284296
798.935	0.0282458
799.069	0.0275718
799.204	0.026714
799.338	0.0281233
799.473	0.0284296
799.607	0.0287973
799.742	0.027388
799.876	0.027388
800.011	0.0277557
800.145	0.028736
800.28	0.0280007
800.414	0.0282458
800.549	0.0285522
800.683	0.0285522
800.818	0.0275718
800.953	0.0282458
801.087	0.0275106
801.222	0.0283684
801.356	0.0277557
801.491	0.0282458
801.625	0.028062
801.76	0.0287973
801.894	0.0287973
802.029	0.027388
802.163	0.0281233
802.298	0.0281233
802.432	0.0282458
802.567	0.0280007
802.701	0.0283071
802.836	0.0283684
802.97	0.0279395
803.105	0.0294712
803.239	0.0291649
803.374	0.0278782
803.508	0.0281233
803.643	0.0293487
803.777	0.0286134
803.912	0.0290423
804.046	0.0282458
804.181	0.028736
804.315	0.0287973
804.45	0.0288585
804.584	0.028736
804.719	0.0290423
804.853	0.0284296
804.988	0.0289811
805.122	0.0292874
805.257	0.0299614
805.391	0.0286134
805.526	0.0289198
805.66	0.0297776
805.795	0.0299614
805.929	0.0290423
806.064	0.0291649
806.198	0.0293487
806.333	0.0299001
806.467	0.0299614
806.602	0.0300839
806.736	0.0284296
806.871	0.0292874
807.005	0.0297776
807.14	0.0290423
807.274	0.0308192
807.409	0.0309417
807.543	0.0307579
807.678	0.031003
807.812	0.0309417
807.947	0.0317383
808.081	0.0322897
808.216	0.0330862
808.35	0.0329024
808.485	0.0329637
808.619	0.0345567
808.754	0.0341891
808.888	0.0360272
809.023	0.036885
809.157	0.0376202
809.292	0.0374977
809.426	0.0382942
809.561	0.0411127
809.695	0.0428283
809.83	0.0436248
809.964	0.0464432
810.099	0.0496906
810.233	0.0594326
810.368	0.114515
810.502	0.21169
810.637	0.29024
810.771	0.288585
810.906	0.690521
811.04	0.906868
811.175	1
811.309	0.996569
811.444	0.995956
811.578	0.990258
811.713	0.990013
811.847	0.982415
811.982	0.980516
812.116	0.975492
812.251	0.964524
812.385	0.967465
812.519	0.912199
812.654	0.588138
812.788	0.249923
812.923	0.140433
813.057	0.0622511
813.192	0.0422156
813.326	0.0397034
813.461	0.0388457
813.595	0.036211
813.73	0.0346792
813.864	0.0330862
813.999	0.0330862
814.133	0.0324122
814.268	0.0333926
814.402	0.0326573
814.537	0.0314932
814.671	0.0331475
814.806	0.0319221
814.94	0.0312481
815.075	0.0304516
815.209	0.0308192
815.344	0.0311255
815.478	0.0305128
815.612	0.0300227
815.747	0.0309417
815.881	0.0298389
816.016	0.0305741
816.15	0.0299001
816.285	0.0295938
816.419	0.0297776
816.554	0.0295938
816.688	0.0288585
816.823	0.0289198
816.957	0.028736
817.092	0.0289198
817.226	0.0285522
817.361	0.0295325
817.495	0.0284296
817.63	0.0284296
817.764	0.0284296
817.898	0.0286747
818.033	0.0287973
818.167	0.0281845
818.302	0.0288585
818.436	0.0291649
818.571	0.0284909
818.705	0.028736
818.84	0.0270204
818.974	0.0283684
819.109	0.0289198
819.243	0.028062
819.378	0.0272655
819.512	0.0285522
819.646	0.0283071
819.781	0.0291036
819.915	0.0277557
820.05	0.0276944
820.184	0.0288585
820.319	0.0284909
820.453	0.0282458
820.588	0.0276944
820.722	0.0280007
820.857	0.0284909
820.991	0.0276331
821.126	0.0272042
821.26	0.0274493
821.394	0.0276944
821.529	0.0272042
821.663	0.0279395
821.798	0.0278782
821.932	0.0286747
822.067	0.0274493
822.201	0.0278782
822.336	0.0277557
822.47	0.0283071
822.605	0.0272042
822.739	0.0290423
822.873	0.0287973
823.008	0.0281233
823.142	0.0284296
823.277	0.0272042
823.411	0.0273268
823.546	0.0268979
823.68	0.0275106
823.815	0.0277557
823.949	0.0284296
824.083	0.0275718
824.218	0.0278169
824.352	0.0285522
824.487	0.0275718
824.621	0.0277557
824.756	0.0275718
824.89	0.0280007
825.025	0.0280007
825.159	0.0280007
825.293	0.0275718
825.428	0.0282458
825.562	0.0274493
825.697	0.0275106
825.831	0.028062
825.966	0.0270817
826.1	0.027388
826.235	0.0287973
826.369	0.0284296
826.503	0.0275718
826.638	0.0279395
826.772	0.0285522
826.907	0.0275718
827.041	0.0276944
827.176	0.0278169
827.31	0.0278782
827.445	0.0282458
827.579	0.0281233
827.713	0.0283071
827.848	0.028062
827.982	0.0272655
828.117	0.0285522
828.251	0.0277557
828.386	0.0284296
828.52	0.0280007
828.654	0.0284296
828.789	0.0279395
828.923	0.028062
829.058	0.0276944
829.192	0.0286747
829.327	0.0275106
829.461	0.0272042
829.596	0.0275718
829.73	0.0276331
829.864	0.0275106
829.999	0.0277557
830.133	0.0275718
830.268	0.0279395
830.402	0.0284909
830.537	0.0285522
830.671	0.0272042
830.805	0.0276331
830.94	0.0275106
831.074	0.027388
831.209	0.0270204
831.343	0.0275718
831.478	0.0272042
831.612	0.0284909
831.746	0.0278782
831.881	0.0276944
832.015	0.0277557
832.15	0.0275718
832.284	0.0278782
832.418	0.0270817
832.553	0.0274493
832.687	0.0283684
832.822	0.028062
832.956	0.027388
833.091	0.0268366
833.225	0.028062
833.359	0.0276331
833.494	0.0284909
833.628	0.0283071
833.763	0.0277557
833.897	0.0281233
834.032	0.0276331
834.166	0.0272655
834.3	0.0276944
834.435	0.0282458
834.569	0.0277557
834.704	0.027388
834.838	0.027388
834.972	0.0284909
835.107	0.0281233
835.241	0.0281233
835.376	0.0280007
835.51	0.0278169
835.645	0.0273268
835.779	0.0276944
835.913	0.0283071
836.048	0.028062
836.182	0.0283071
836.317	0.0275718
836.451	0.0278782
836.585	0.0276944
836.72	0.0288585
836.854	0.0275106
836.989	0.0276944
837.123	0.0283071
837.257	0.0276944
837.392	0.0272655
837.526	0.0281845
837.661	0.0283684
837.795	0.0278169
837.929	0.0269591
838.064	0.0276331
838.198	0.0275106
838.333	0.0278169
838.467	0.0278782
838.602	0.0280007
838.736	0.0268979
838.87	0.0274493
839.005	0.028062
839.139	0.0275106
839.274	0.0283071
839.408	0.0272042
839.542	0.0275106
839.677	0.0276331
839.811	0.0269591
839.946	0.0281233
840.08	0.0274493
840.214	0.0273268
840.349	0.0275718
840.483	0.0261626
840.618	0.0277557
840.752	0.0279395
840.886	0.0278782
841.021	0.026469
841.155	0.0276944
841.29	0.0277557
841.424	0.0273268
841.558	0.0272042
841.693	0.026714
841.827	0.0270817
841.961	0.0267753
842.096	0.0283684
842.23	0.0279395
842.365	0.0277557
842.499	0.0276944
842.633	0.0283071
842.768	0.0277557
842.902	0.0279395
843.037	0.0278169
843.171	0.027388
843.305	0.0277557
843.44	0.0270204
843.574	0.0283684
843.709	0.0279395
843.843	0.028062
843.977	0.0271429
844.112	0.0281845
844.246	0.0278782
844.381	0.0282458
844.515	0.0281233
844.649	0.0278782
844.784	0.0282458
844.918	0.0285522
845.052	0.0284296
845.187	0.0286134
845.321	0.0277557
845.456	0.0272655
845.59	0.0276944
845.724	0.0277557
845.859	0.028736
845.993	0.0275718
846.128	0.027388
846.262	0.0275106
846.396	0.0284296
846.531	0.0271429
846.665	0.027388
846.799	0.0269591
846.934	0.0281845
847.068	0.027388
847.203	0.0283071
847.337	0.0280007
847.471	0.0272042
847.606	0.0278782
847.74	0.0275718
847.874	0.0276944
848.009	0.0275718
848.143	0.0278782
848.278	0.0278169
848.412	0.0270817
848.546	0.0271429
848.681	0.0276944
848.815	0.0276944
848.949	0.028062
849.084	0.0280007
849.218	0.0281233
849.353	0.027388
849.487	0.0272655
849.621	0.0280007
849.756	0.028062
849.89	0.0281845
850.024	0.0275106
850.159	0.0274493
850.293	0.0275718
850.428	0.0278169
850.562	0.0270817
850.696	0.0275106
850.831	0.0272655
850.965	0.0280007
851.099	0.0281845
851.234	0.0268979
851.368	0.0285522
851.502	0.0276944
851.637	0.0279395
851.771	0.0284909
851.906	0.0279395
852.04	0.0283684
852.174	0.028062
852.309	0.028062
852.443	0.0276944
852.577	0.0279395
852.712	0.0275718
852.846	0.0276944
852.98	0.0276331
853.115	0.0290423
853.249	0.0278782
853.384	0.0287973
853.518	0.0270204
853.652	0.0274493
853.787	0.028062
853.921	0.0274493
854.055	0.0274493
854.19	0.0282458
854.324	0.0271429
854.458	0.0283071
854.593	0.0278782
854.727	0.0275718
854.861	0.0272042
854.996	0.0272655
855.13	0.0270817
855.265	0.0271429
855.399	0.0278169
855.533	0.0275106
855.668	0.0272042
855.802	0.0283071
855.936	0.0285522
856.071	0.0279395
856.205	0.0278169
856.339	0.027388
856.474	0.027388
856.608	0.0275718
856.742	0.0287973
856.877	0.0281233
857.011	0.0280007
857.145	0.0277557
857.28	0.0278169
857.414	0.0275718
857.549	0.0279395
857.683	0.0275718
857.817	0.0270204
857.952	0.0280007
858.086	0.0269591
858.22	0.0278782
858.355	0.0272042
858.489	0.0280007
858.623	0.0283071
858.758	0.0270204
858.892	0.0269591
859.026	0.0275106
859.161	0.0273268
859.295	0.0284296
859.429	0.0281233
859.564	0.0272042
859.698	0.0279395
859.832	0.0268979
859.967	0.027388
860.101	0.0276944
860.235	0.0281233
860.37	0.0275106
860.504	0.0276944
860.638	0.0282458
860.773	0.0276331
860.907	0.0278782
861.041	0.0276331
861.176	0.0280007
861.31	0.0271429
861.444	0.0282458
861.579	0.0281233
861.713	0.0278782
861.847	0.0276331
861.982	0.0281233
862.116	0.0275106
862.25	0.0280007
862.385	0.0269591
862.519	0.0291649
862.653	0.0277557
862.788	0.0276331
862.922	0.0273268
863.056	0.0269591
863.191	0.0274493
863.325	0.0281233
863.459	0.0281845
863.594	0.0275718
863.728	0.0277557
863.862	0.0272042
863.997	0.0278169
864.131	0.0273268
864.265	0.0287973
864.4	0.0270204
864.534	0.0271429
864.668	0.0276331
864.803	0.0283071
864.937	0.0280007
865.071	0.0280007
865.206	0.0278169
865.34	0.0281845
865.474	0.0274493
865.609	0.0274493
865.743	0.0293487
865.877	0.0280007
866.012	0.0282458
866.146	0.0278782
866.28	0.0268979
866.415	0.0278782
866.549	0.0270817
866.683	0.0283071
866.818	0.0285522
866.952	0.0285522
867.086	0.0270817
867.221	0.0278782
867.355	0.0281233
867.489	0.0275718
867.623	0.0275106
867.758	0.0274493
867.892	0.0274493
868.026	0.0281233
868.161	0.0275106
868.295	0.0278782
868.429	0.0276331
868.564	0.0291036
868.698	0.028062
868.832	0.0272042
868.967	0.0285522
869.101	0.0279395
869.235	0.0272042
869.37	0.0273268
869.504	0.0278169
869.638	0.0283071
869.773	0.0286747
869.907	0.0278169
870.041	0.0266528
870.175	0.0277557
870.31	0.0274493
870.444	0.0273268
870.578	0.0284296
870.713	0.0282458
870.847	0.0277557
870.981	0.0276944
871.116	0.0275718
871.25	0.0278782
871.384	0.0280007
871.519	0.0273268
871.653	0.027388
871.787	0.0272655
871.921	0.0276331
872.056	0.0278169
872.19	0.026714
872.324	0.0273268
872.459	0.0274493
872.593	0.0277557
872.727	0.0278169
872.862	0.0275106
872.996	0.0270204
873.13	0.0277557
873.264	0.027388
873.399	0.0277557
873.533	0.0275718
873.667	0.0278169
873.802	0.0275718
873.936	0.0276944
874.07	0.0283071
874.205	0.0279395
874.339	0.028062
874.473	0.0272655
874.607	0.0284909
874.742	0.0276944
874.876	0.0273268
875.01	0.0278169
875.145	0.0266528
875.279	0.0278169
875.413	0.0287973
875.548	0.0275718
875.682	0.028062
875.816	0.0281233
875.95	0.0279395
876.085	0.0265915
876.219	0.0277557
876.353	0.0278782
876.488	0.0280007
876.622	0.0273268
876.756	0.0276944
876.89	0.0276331
877.025	0.0275718
877.159	0.0270817
877.293	0.0281845
877.428	0.028062
877.562	0.0272042
877.696	0.0275106
877.83	0.0278782
877.965	0.0273268
878.099	0.0286134
878.233	0.0278169
878.368	0.0276331
878.502	0.0278169
878.636	0.0279395
878.77	0.0276944
878.905	0.0275718
879.039	0.0276944
879.173	0.026714
879.308	0.0276944
879.442	0.0278169
879.576	0.0277557
879.71	0.0280007
879.845	0.027388
879.979	0.0283071
880.113	0.0274493
880.248	0.0283684
880.382	0.0275106
880.516	0.0275106
880.65	0.0274493
880.785	0.0278169
880.919	0.0274493
881.053	0.0268366
881.188	0.0276944
881.322	0.0277557
881.456	0.0281845
881.59	0.0279395
881.725	0.027388
881.859	0.0276331
881.993	0.0275106
882.127	0.0278782
882.262	0.0282458
882.396	0.0283071
882.53	0.0280007
882.665	0.026469
882.799	0.0285522
882.933	0.0277557
883.067	0.0276331
883.202	0.0268366
883.336	0.0276944
883.47	0.0284296
883.604	0.0270817
883.739	0.0275718
883.873	0.0275106
884.007	0.0268979
884.142	0.0276944
884.276	0.0281845
884.41	0.0276944
884.544	0.028062
884.679	0.0272042
884.813	0.0275106
884.947	0.0270204
885.081	0.0272042
885.216	0.0276331
885.35	0.0275106
885.484	0.0278169
885.618	0.0282458
885.753	0.0266528
885.887	0.026714
886.021	0.0284296
886.155	0.0272655
886.29	0.0279395
886.424	0.0284909
886.558	0.0262852
886.693	0.0284909
886.827	0.0275718
886.961	0.0286134
887.095	0.0274493
887.23	0.0282458
887.364	0.0286747
887.498	0.0276944
887.632	0.0276331
887.767	0.0283071
887.901	0.0283684
888.035	0.0272042
888.169	0.0272655
888.304	0.0275106
888.438	0.0281845
888.572	0.0275106
888.706	0.0275718
888.841	0.0275718
888.975	0.0265915
889.109	0.0272655
889.243	0.0277557
889.378	0.0282458
889.512	0.0273268
889.646	0.0272655
889.78	0.0276944
889.915	0.0274493
890.049	0.0283071
890.183	0.0281845
890.317	0.0274493
890.452	0.0271429
890.586	0.0276331
890.72	0.0272042
890.854	0.0270817
890.989	0.0275106
891.123	0.0278169
891.257	0.0280007
891.391	0.0273268
891.526	0.0284296
891.66	0.0269591
891.794	0.0270817
891.928	0.0284296
892.063	0.0277557
892.197	0.0275718
892.331	0.028062
892.465	0.0281233
892.6	0.0276331
892.734	0.0272655
892.868	0.0276944
893.002	0.0278169
893.137	0.0273268
893.271	0.0275718
893.405	0.0269591
893.539	0.0284909
893.674	0.027388
893.808	0.0279395
893.942	0.0279395
894.076	0.0286747
894.21	0.0273268
894.345	0.0277557
894.479	0.0270204
894.613	0.0277557
894.747	0.0281233
894.882	0.0268366
895.016	0.0275106
895.15	0.0275106
895.284	0.0275718
895.419	0.0278782
895.553	0.0277557
895.687	0.0276331
895.821	0.0282458
895.956	0.0275718
896.09	0.0277557
896.224	0.0280007
896.358	0.0273268
896.492	0.0276944
896.627	0.0277557
896.761	0.0272655
896.895	0.0279395
897.029	0.0269591
897.164	0.0278782
897.298	0.0278169
897.432	0.0281233
897.566	0.0270817
897.701	0.0276944
897.835	0.0274493
897.969	0.0275106
898.103	0.0274493
898.237	0.0286134
898.372	0.027388
898.506	0.0274493
898.64	0.0268979
898.774	0.0278782
898.909	0.0268979
899.043	0.0281233
899.177	0.0272042
899.311	0.0284909
899.445	0.0279395
899.58	0.0277557
899.714	0.0279395
899.848	0.0272655
899.982	0.0281845
900.117	0.0270204
900.251	0.0278169
900.385	0.0278169
900.519	0.0283071
900.653	0.0274493
900.788	0.0278782
900.922	0.027388
901.056	0.0269591
901.19	0.0275106
901.325	0.0278169
901.459	0.0272042
901.593	0.0277557
901.727	0.0284909
901.861	0.0277557
901.996	0.0278169
902.13	0.0278782
902.264	0.0274493
902.398	0.0272042
902.532	0.0281233
902.667	0.0281845
902.801	0.0276944
902.935	0.0281233
903.069	0.0283684
903.204	0.0277557
903.338	0.0276331
903.472	0.0284296
903.606	0.0272042
903.74	0.027388
903.875	0.0273268
904.009	0.0278169
904.143	0.0273268
904.277	0.027388
904.411	0.0281233
904.546	0.0282458
904.68	0.0280007
904.814	0.028062
904.948	0.0277557
905.082	0.0274493
905.217	0.0276944
905.351	0.0278782
905.485	0.0282458
905.619	0.0275106
905.753	0.0273268
905.888	0.027388
906.022	0.0276944
906.156	0.0274493
906.29	0.0280007
906.424	0.0276944
906.559	0.0279395
906.693	0.0278169
906.827	0.0272655
906.961	0.0273268
907.095	0.0279395
907.23	0.0280007
907.364	0.0272655
907.498	0.0270817
907.632	0.0274493
907.766	0.0279395
907.901	0.0276331
908.035	0.0269591
908.169	0.0276944
908.303	0.0271429
908.437	0.0278169
908.572	0.0281845
908.706	0.0275718
908.84	0.0278782
908.974	0.0280007
909.108	0.0280007
909.243	0.0282458
909.377	0.0276944
909.511	0.0268979
909.645	0.0275106
909.779	0.0277557
909.914	0.0281845
910.048	0.027388
910.182	0.0272655
910.316	0.0280007
910.45	0.0277557
910.585	0.0278782
910.719	0.027388
910.853	0.0277557
910.987	0.0275718
911.121	0.0275106
911.255	0.0278169
911.39	0.0276331
911.524	0.027388
911.658	0.0274493
911.792	0.0275718
911.926	0.0277557
912.061	0.0278169
912.195	0.0278782
912.329	0.0279395
912.463	0.0280007
912.597	0.0285522
912.732	0.0286747
912.866	0.0275106
913	0.0281233
913.134	0.0272655
913.268	0.0275106
913.402	0.0274493
913.537	0.0278782
913.671	0.0264077
913.805	0.0275106
913.939	0.0272042
914.073	0.0273268
914.208	0.027388
914.342	0.0277557
914.476	0.0279395
914.61	0.0283071
914.744	0.0271429
914.878	0.0272655
915.013	0.0271429
915.147	0.0272655
915.281	0.0282458
915.415	0.0275106
915.549	0.0273268
915.683	0.0268979
915.818	0.0282458
915.952	0.0278782
916.086	0.0281845
916.22	0.0277557
916.354	0.0289811
916.488	0.0275106
916.623	0.0274493
916.757	0.0283071
916.891	0.0270204
917.025	0.0278782
917.159	0.0277557
917.293	0.0276331
917.428	0.0281845
917.562	0.0278169
917.696	0.0270817
917.83	0.0280007
917.964	0.028062
918.098	0.0278169
918.233	0.0273268
918.367	0.0286747
918.501	0.0283071
918.635	0.0278169
918.769	0.028062
918.903	0.0279395
919.038	0.0275106
919.172	0.0283684
919.306	0.028062
919.44	0.0276944
919.574	0.0276331
919.708	0.0278782
919.843	0.0281845
919.977	0.027388
920.111	0.0274493
920.245	0.0272655
920.379	0.0276944
920.513	0.0274493
920.648	0.0278169
920.782	0.0277557
920.916	0.0284909
921.05	0.0277557
921.184	0.0282458
921.318	0.0275106
921.453	0.0275106
921.587	0.0291036
921.721	0.0281845
921.855	0.0278782
921.989	0.0280007
922.123	0.0279395
922.257	0.028062
922.392	0.0275718
922.526	0.0276331
922.66	0.0269591
922.794	0.0277557
922.928	0.0284296
923.062	0.0271429
923.197	0.0273268
923.331	0.0284296
923.465	0.0284909
923.599	0.028062
923.733	0.0270817
923.867	0.0272655
924.001	0.0276944
924.136	0.0278169
924.27	0.0273268
924.404	0.0283071
924.538	0.0281845
924.672	0.0286747
924.806	0.028062
924.94	0.0274493
925.075	0.0272042
925.209	0.0279395
925.343	0.0287973
925.477	0.0272042
925.611	0.0283071
925.745	0.0280007
925.879	0.0271429
926.014	0.0276331
926.148	0.0278782
926.282	0.0283071
926.416	0.0275718
926.55	0.0283071
926.684	0.027388
926.818	0.0272655
926.953	0.0268366
927.087	0.0269591
927.221	0.0276331
927.355	0.0271429
927.489	0.0286134
927.623	0.0278169
927.757	0.0276331
927.892	0.0286134
928.026	0.0273268
928.16	0.0279395
928.294	0.0274493
928.428	0.0284296
928.562	0.0280007
928.696	0.0277557
928.831	0.0277557
928.965	0.0276944
929.099	0.0283684
929.233	0.0276331
929.367	0.0273268
929.501	0.0270817
929.635	0.0280007
929.769	0.0273268
929.904	0.0277557
930.038	0.0275106
930.172	0.0272655
930.306	0.0276944
930.44	0.0277557
930.574	0.0275718
930.708	0.0278782
930.843	0.0278169
930.977	0.0281233
931.111	0.0272042
931.245	0.0269591
931.379	0.0276944
931.513	0.0276944
931.647	0.0283071
931.781	0.0278169
931.916	0.0271429
932.05	0.0276331
932.184	0.0274493
932.318	0.0284909
932.452	0.0276331
932.586	0.0273268
932.72	0.0270817
932.854	0.0275106
932.989	0.0276944
933.123	0.0276944
933.257	0.0278169
933.391	0.0280007
933.525	0.0268366
933.659	0.0275718
933.793	0.0272042
933.927	0.0287973
934.061	0.0271429
934.196	0.0278169
934.33	0.0277557
934.464	0.028062
934.598	0.0275106
934.732	0.0278782
934.866	0.0272655
935	0.0275718
935.134	0.0281233
935.269	0.028062
935.403	0.0272042
935.537	0.0279395
935.671	0.0273268
935.805	0.0280007
935.939	0.027388
936.073	0.0276944
936.207	0.0280007
936.341	0.028736
936.476	0.0284296
936.61	0.0285522
936.744	0.0281845
936.878	0.0281233
937.012	0.0276944
937.146	0.0288585
937.28	0.0272655
937.414	0.0280007
937.548	0.0273268
937.683	0.0268366
937.817	0.0283684
937.951	0.0276944
938.085	0.0277557
938.219	0.0275106
938.353	0.0273268
938.487	0.0284296
938.621	0.0276331
938.755	0.0277557
938.889	0.0272655
939.024	0.028062
939.158	0.0273268
939.292	0.0278782
939.426	0.0281845
939.56	0.0277557
939.694	0.0276331
939.828	0.028062
939.962	0.0277557
940.096	0.0275106
940.231	0.0272042
940.365	0.0276944
940.499	0.0278169
940.633	0.0284296
940.767	0.0283684
940.901	0.0283684
941.035	0.0275718
941.169	0.0278169
941.303	0.0275718
941.437	0.0275718
941.571	0.0272042
941.706	0.0283684
941.84	0.0286134
941.974	0.027388
942.108	0.0279395
942.242	0.0284296
942.376	0.027388
942.51	0.0272042
942.644	0.0276331
942.778	0.0283071
942.912	0.0273268
943.047	0.0274493
943.181	0.0276331
943.315	0.0279395
943.449	0.0275106
943.583	0.027388
943.717	0.0276944
943.851	0.0281845
943.985	0.0275718
944.119	0.0288585
944.253	0.0278782
944.387	0.027388
944.522	0.0270817
944.656	0.0276944
944.79	0.0266528
944.924	0.0288585
945.058	0.0277557
945.192	0.0272655
945.326	0.0270817
945.46	0.0281845
945.594	0.0277557
945.728	0.028736
945.862	0.0281233
945.996	0.0280007
946.131	0.0274493
946.265	0.028062
946.399	0.0279395
946.533	0.0283071
946.667	0.028062
946.801	0.0276944
946.935	0.0266528
947.069	0.0276944
947.203	0.0270817
947.337	0.0276944
947.471	0.0276331
947.605	0.0276331
947.739	0.0276331
947.874	0.0277557
948.008	0.0272655
948.142	0.0280007
948.276	0.0275106
948.41	0.0285522
948.544	0.0277557
948.678	0.0280007
948.812	0.0280007
948.946	0.0277557
949.08	0.0283071
949.214	0.0269591
949.348	0.0275106
949.482	0.0278782
949.617	0.0279395
949.751	0.0278169
949.885	0.0279395
950.019	0.0276944
950.153	0.0276944
950.287	0.0281845
950.421	0.0278169
950.555	0.0279395
950.689	0.0278782
950.823	0.0276331
950.957	0.028062
951.091	0.0281233
951.225	0.0267753
951.359	0.0275106
951.493	0.0283071
951.628	0.0283684
951.762	0.027388
951.896	0.0283684
952.03	0.0278782
952.164	0.0270204
952.298	0.0283071
952.432	0.0270204
952.566	0.0277557
952.7	0.0270817
952.834	0.0270817
952.968	0.0275718
953.102	0.0274493
953.236	0.027388
953.37	0.0281233
953.504	0.0283684
953.639	0.0281233
953.773	0.0276944
953.907	0.0275106
954.041	0.0291649
954.175	0.0281845
954.309	0.0275106
954.443	0.0283684
954.577	0.0276944
954.711	0.0279395
954.845	0.0274493
954.979	0.0276944
955.113	0.0275718
955.247	0.0277557
955.381	0.0278169
955.515	0.0271429
955.649	0.0276944
955.783	0.0276331
955.917	0.0278782
956.052	0.0279395
956.186	0.028736
956.32	0.0274493
956.454	0.0277557
956.588	0.0278782
956.722	0.0275106
956.856	0.0275718
956.99	0.0274493
957.124	0.0273268
957.258	0.0273268
957.392	0.0265302
957.526	0.0274493
957.66	0.0272042
957.794	0.0283684
957.928	0.027388
958.062	0.028062
958.196	0.0275106
958.33	0.0273268
958.464	0.0278782
958.598	0.0278782
958.733	0.0275106
958.867	0.0276331
959.001	0.0286134
959.135	0.0284296
959.269	0.0278782
959.403	0.0283684
959.537	0.0267753
959.671	0.0272042
959.805	0.0278169
959.939	0.0276331
960.073	0.0276331
960.207	0.0276944
960.341	0.0270817
960.475	0.0283071
960.609	0.0270817
960.743	0.0274493
960.877	0.0286747
961.011	0.0278782
961.145	0.0272042
961.279	0.0276944
961.413	0.0270817
961.547	0.0276944
961.681	0.0283071
961.815	0.0280007
961.949	0.0277557
962.083	0.0275106
962.218	0.0286134
962.352	0.0277557
962.486	0.0278169
962.62	0.0281845
962.754	0.0272042
962.888	0.0275106
963.022	0.0275106
963.156	0.0275106
963.29	0.0280007
963.424	0.0280007
963.558	0.0280007
963.692	0.0281845
963.826	0.0277557
963.96	0.0282458
964.094	0.0275106
964.228	0.0276944
964.362	0.027388
964.496	0.0276944
964.63	0.0276331
964.764	0.0278782
964.898	0.0275718
965.032	0.0269591
965.166	0.0272042
965.3	0.0275106
965.434	0.0276944
965.568	0.0281845
965.702	0.0275718
965.836	0.0272655
965.97	0.0283071
966.104	0.0277557
966.238	0.0276944
966.372	0.0278782
966.506	0.0281233
966.64	0.0282458
966.774	0.0280007
966.908	0.0276944
967.043	0.0282458
967.177	0.028062
967.311	0.028062
967.445	0.0281233
967.579	0.0282458
967.713	0.0277557
967.847	0.0281233
967.981	0.0277557
968.115	0.0272655
968.249	0.0276944
968.383	0.0272655
968.517	0.0270817
968.651	0.0273268
968.785	0.0271429
968.919	0.0275718
969.053	0.0277557
969.187	0.0283071
969.321	0.0277557
969.455	0.0276944
969.589	0.0284296
969.723	0.0282458
969.857	0.0271429
969.991	0.0276331
970.125	0.0279395
970.259	0.0276331
970.393	0.0279395
970.527	0.0276944
970.661	0.0276331
970.795	0.0269591
970.929	0.0278169
971.063	0.0280007
971.197	0.0277557
971.331	0.028062
971.465	0.0275106
971.599	0.0275718
971.733	0.0277557
971.867	0.0267753
972.001	0.0278169
972.135	0.0277557
972.269	0.0278169
972.403	0.0272042
972.537	0.0272655
972.671	0.0276944
972.805	0.0285522
972.939	0.0274493
973.073	0.0272655
973.207	0.027388
973.341	0.0266528
973.475	0.0270204
973.609	0.0289198
973.743	0.0282458
973.877	0.0272655
974.011	0.0280007
974.145	0.0269591
974.279	0.0269591
974.413	0.0283684
974.547	0.0286134
974.681	0.0281233
974.815	0.0271429
974.949	0.0279395
975.083	0.0276944
975.217	0.0281845
975.351	0.0279395
975.485	0.0281845
975.619	0.0275106
975.753	0.0280007
975.887	0.0281233
976.021	0.0272655
976.155	0.0277557
976.289	0.0278782
976.423	0.027388
976.557	0.028736
976.691	0.0284296
976.825	0.028062
976.959	0.0273268
977.093	0.0273268
977.227	0.0277557
977.361	0.0284296
977.495	0.0267753
977.629	0.0284909
977.763	0.0283684
977.897	0.0280007
978.031	0.0276331
978.165	0.0280007
978.299	0.0268366
978.433	0.0274493
978.567	0.0274493
978.701	0.0269591
978.835	0.0276944
978.969	0.026469
979.103	0.0279395
979.237	0.0280007
979.371	0.0275718
979.505	0.0280007
979.639	0.0279395
979.773	0.0284909
979.907	0.0271429
980.041	0.0275106
980.175	0.0276331
980.308	0.0278169
980.442	0.0271429
980.576	0.0278782
980.71	0.0270817
980.844	0.0281845
980.978	0.0270817
981.112	0.0272042
981.246	0.0273268
981.38	0.0269591
981.514	0.027388
981.648	0.0283071
981.782	0.026714
981.916	0.0284909
982.05	0.0278782
982.184	0.0281845
982.318	0.0274493
982.452	0.0277557
982.586	0.0275718
982.72	0.028062
982.854	0.0276331
982.988	0.0273268
983.122	0.0278169
983.256	0.0270204
983.39	0.0275718
983.524	0.0270817
983.658	0.0276944
983.792	0.0272042
983.926	0.0283684
984.06	0.0278782
984.194	0.0284909
984.328	0.0281233
984.462	0.0282458
984.596	0.0274493
984.73	0.0277557
984.864	0.0273268
984.998	0.0274493
985.132	0.0287973
985.265	0.0268366
985.399	0.0283071
985.533	0.0276331
985.667	0.0282458
985.801	0.0281845
985.935	0.0278782
986.069	0.0278782
986.203	0.0283684
986.337	0.0275718
986.471	0.0278782
986.605	0.0275718
986.739	0.0272042
986.873	0.0282458
987.007	0.0281233
987.141	0.0273268
987.275	0.0275718
987.409	0.0284296
987.543	0.0274493
987.677	0.0274493
987.811	0.0272042
987.945	0.0275718
988.079	0.0270204
988.213	0.0271429
988.347	0.0275718
988.481	0.0277557
988.614	0.0272655
988.748	0.0278169
988.882	0.028062
989.016	0.0276331
989.15	0.0275106
989.284	0.0278169
989.418	0.0272655
989.552	0.0283071
989.686	0.0273268
989.82	0.0280007
989.954	0.0280007
990.088	0.0293487
990.222	0.027388
990.356	0.0276944
990.49	0.0283071
990.624	0.0271429
990.758	0.0272655
990.892	0.028062
991.026	0.0281845
991.16	0.0283071
991.294	0.0276331
991.427	0.0277557
991.561	0.0272655
991.695	0.0273268
991.829	0.0278782
991.963	0.0272655
992.097	0.0283071
992.231	0.0272655
992.365	0.0279395
992.499	0.0278782
992.633	0.0282458
992.767	0.0273268
992.901	0.0272655
993.035	0.0278169
993.169	0.0276331
993.303	0.0276331
993.437	0.028062
993.571	0.0279395
993.704	0.0279395
993.838	0.0271429
993.972	0.0279395
994.106	0.0277557
994.24	0.0281233
994.374	0.0277557
994.508	0.0283071
994.642	0.0283684
994.776	0.0276944
994.91	0.0278782
995.044	0.0272655
995.178	0.0276331
995.312	0.0278782
995.446	0.027388
995.58	0.0272655
995.714	0.0278782
995.847	0.0286134
995.981	0.0268979
996.115	0.0276331
996.249	0.0275106
996.383	0.0276944
996.517	0.0280007
996.651	0.0280007
996.785	0.0281233
996.919	0.0278169
997.053	0.0274493
997.187	0.0280007
997.321	0.0276331
997.455	0.0279395
997.589	0.0270204
997.722	0.0268979
997.856	0.0274493
997.99	0.0272655
998.124	0.0279395
998.258	0.027388
998.392	0.0276331
998.526	0.0274493
998.66	0.0276331
998.794	0.0276331
998.928	0.0277557
999.062	0.0282458
999.196	0.0279395
999.33	0.028062
999.464	0.028062
999.597	0.0275718
999.731	0.0276331
999.865	0.0279395
999.999	0.0278782
1000.13	0.0283071
1000.27	0.0273268
1000.4	0.0275106
1000.53	0.0271429
1000.67	0.0272042
1000.8	0.0276331
1000.94	0.0274493
1001.07	0.0287973
1001.2	0.0281845
1001.34	0.0272655
1001.47	0.028062
1001.61	0.0283071
1001.74	0.0281233
1001.87	0.0270817
1002.01	0.0281233
1002.14	0.0268366
1002.28	0.027388
1002.41	0.0275106
1002.54	0.0273268
1002.68	0.0287973
1002.81	0.0272655
1002.95	0.0281845
1003.08	0.0278782
1003.21	0.0275718
1003.35	0.0281845
1003.48	0.0273268
1003.61	0.0278782
1003.75	0.0283071
1003.88	0.0272655
1004.02	0.026714
1004.15	0.0273268
1004.28	0.0278169
1004.42	0.0276944
1004.55	0.0274493
1004.69	0.0271429
1004.82	0.0280007
1004.95	0.0278782
1005.09	0.0276944
1005.22	0.027388
1005.36	0.0282458
1005.49	0.0274493
1005.62	0.0281845
1005.76	0.0278782
1005.89	0.028062
1006.03	0.0276944
1006.16	0.0280007
1006.29	0.0277557
1006.43	0.0284296
1006.56	0.0268979
1006.69	0.0276331
1006.83	0.0281845
1006.96	0.0275718
1007.1	0.0275106
1007.23	0.0276944
1007.36	0.0278782
1007.5	0.0288585
1007.63	0.0273268
1007.77	0.0283684
1007.9	0.0271429
1008.03	0.0276331
1008.17	0.0282458
1008.3	0.0273268
1008.44	0.0276944
1008.57	0.0278782
1008.7	0.0278169
1008.84	0.0267753
1008.97	0.0275718
1009.1	0.0278169
1009.24	0.0275106
1009.37	0.0273268
1009.51	0.0276331
1009.64	0.0266528
1009.77	0.027388
1009.91	0.0284909
1010.04	0.0278169
1010.18	0.0279395
1010.31	0.0273268
1010.44	0.0276331
1010.58	0.0276331
1010.71	0.0282458
1010.85	0.0278169
1010.98	0.0268366
1011.11	0.027388
1011.25	0.0272655
1011.38	0.0270817
1011.51	0.0275106
1011.65	0.0276331
1011.78	0.0272042
1011.92	0.0267753
1012.05	0.0281233
1012.18	0.027388
1012.32	0.0287973
1012.45	0.0280007
1012.59	0.0272042
1012.72	0.0270817
1012.85	0.0279395
1012.99	0.0275718
1013.12	0.027388
1013.26	0.0284296
1013.39	0.0283684
1013.52	0.0278169
1013.66	0.0275718
1013.79	0.0281233
1013.92	0.0278169
1014.06	0.0281845
1014.19	0.0272655
1014.33	0.0276944
1014.46	0.0271429
1014.59	0.0281845
1014.73	0.0278782
1014.86	0.0277557
1015	0.0270817
1015.13	0.0284296
1015.26	0.0276331
1015.4	0.027388
1015.53	0.0278169
1015.67	0.0267753
1015.8	0.0274493
1015.93	0.0276331
1016.07	0.0268979
1016.2	0.0272042
1016.33	0.0276944
1016.47	0.0283071
1016.6	0.027388
1016.74	0.0274493
1016.87	0.027388
1017	0.0273268
1017.14	0.0272655
1017.27	0.0280007
1017.41	0.0277557
1017.54	0.0276944
1017.67	0.0285522
1017.81	0.0284909
1017.94	0.0280007
1018.07	0.028062
1018.21	0.0277557
1018.34	0.0275718
1018.48	0.0282458
1018.61	0.0281845
1018.74	0.0289198
1018.88	0.0278782
1019.01	0.0278782
1019.15	0.0278169
1019.28	0.0278782
1019.41	0.0276944
1019.55	0.0278782
1019.68	0.0281845
1019.82	0.0279395
1019.95	0.0275106
1020.08	0.0273268
1020.22	0.0283071
1020.35	0.0279395
1020.48	0.0279395
1020.62	0.0281845
1020.75	0.0288585
1020.89	0.028062
1021.02	0.0283071
1021.15	0.0271429
1021.29	0.0278782
1021.42	0.0281233
1021.56	0.0273268
1021.69	0.0281233
1021.82	0.0282458
1021.96	0.0278169
1022.09	0.0276944
1022.22	0.0276331
1022.36	0.027388
1022.49	0.027388
1022.63	0.0283071
1022.76	0.0274493
1022.89	0.0281233
1023.03	0.0271429
1023.16	0.026714
1023.3	0.0279395
1023.43	0.0284909
1023.56	0.0276944
1023.7	0.0277557
1023.83	0.0280007
1023.96	0.0279395
1024.1	0.0280007
1024.23	0.0275106
1024.37	0.0275106
1024.5	0.0275718
1024.63	0.0282458
1024.77	0.0277557
1024.9	0.0272042
1025.04	0.027388
1025.17	0.0273268
1025.3	0.0281233
1025.44	0.0278169
1025.57	0.0281845
1025.7	0.0283684
1025.84	0.0283071
1025.97	0.0284909
1026.11	0.0282458
1026.24	0.0274493
1026.37	0.0270817
1026.51	0.0281845
1026.64	0.0274493
1026.78	0.0272042
1026.91	0.0270817
1027.04	0.0273268
1027.18	0.0283684
1027.31	0.0274493
1027.44	0.0280007
1027.58	0.0271429
1027.71	0.0278782
1027.85	0.0276331
1027.98	0.0276331
1028.11	0.0278169
1028.25	0.0273268
1028.38	0.0272655
1028.52	0.027388
1028.65	0.0286747
1028.78	0.0276331
1028.92	0.0285522
1029.05	0.0276331
1029.18	0.0274493
1029.32	0.0276331
1029.45	0.0283684
1029.59	0.0275718
1029.72	0.0277557
1029.85	0.0272655
1029.99	0.028736
1030.12	0.0274493
1030.26	0.0270817
1030.39	0.028062
1030.52	0.0273268
1030.66	0.0278782
1030.79	0.0275106
1030.92	0.0281845
1031.06	0.0278782
1031.19	0.0285522
1031.33	0.028062
1031.46	0.0278169
1031.59	0.0277557
1031.73	0.0272042
1031.86	0.0278169
1031.99	0.0283071
1032.13	0.0276331
1032.26	0.027388
1032.4	0.0282458
1032.53	0.0270204
1032.66	0.0273268
1032.8	0.0280007
1032.93	0.0279395
1033.07	0.0273268
1033.2	0.0276944
1033.33	0.0277557
1033.47	0.0277557
1033.6	0.0278169
1033.73	0.0280007
1033.87	0.0275718
1034	0.0268979
1034.14	0.0274493
1034.27	0.0284296
1034.4	0.0272655
1034.54	0.0276944
1034.67	0.0280007
1034.81	0.0275106
1034.94	0.0272655
1035.07	0.0275718
1035.21	0.0285522
1035.34	0.0275106
1035.47	0.0276331
1035.61	0.0279395
1035.74	0.0270817
1035.88	0.027388
1036.01	0.0289198
1036.14	0.0277557
1036.28	0.0281233
1036.41	0.0281845
1036.54	0.0271429
1036.68	0.0268366
1036.81	0.0277557
1036.95	0.0283684
1037.08	0.0276331
1037.21	0.0288585
1037.35	0.0279395
1037.48	0.0278782
1037.62	0.0280007
1037.75	0.0272042
1037.88	0.028062
1038.02	0.0273268
1038.15	0.0277557
1038.28	0.0272042
1038.42	0.0268366
1038.55	0.0278782
1038.69	0.0272655
1038.82	0.0279395
1038.95	0.0281845
1039.09	0.0278169
1039.22	0.0269591
1039.35	0.0268979
1039.49	0.0275106
1039.62	0.0279395
1039.76	0.0281233
1039.89	0.0276944
1040.02	0.0276331
1040.16	0.0275718
1040.29	0.027388
1040.43	0.026714
1040.56	0.028062
1040.69	0.0274493
1040.83	0.0271429
1040.96	0.0278169
1041.09	0.0277557
1041.23	0.027388
1041.36	0.0286134
1041.5	0.0271429
1041.63	0.027388
1041.76	0.0281845
1041.9	0.0275106
1042.03	0.0268366
1042.16	0.0273268
1042.3	0.0278169
1042.43	0.0278169
1042.57	0.0280007
1042.7	0.0280007
1042.83	0.0283071
1042.97	0.0283684
1043.1	0.0275106
1043.23	0.0277557
1043.37	0.0282458
1043.5	0.0272042
1043.64	0.0279395
1043.77	0.0278782
1043.9	0.0270204
1044.04	0.0277557
1044.17	0.0277557
1044.31	0.0274493
1044.44	0.0280007
1044.57	0.0280007
1044.71	0.0276331
1044.84	0.0274493
1044.97	0.0281845
1045.11	0.0274493
1045.24	0.027388
1045.38	0.0283071
1045.51	0.0278782
1045.64	0.0280007
1045.78	0.0272042
1045.91	0.0283684
1046.04	0.0275718
1046.18	0.0286747
1046.31	0.0275106
1046.45	0.0283071
1046.58	0.028062
1046.71	0.0273268
1046.85	0.028062
1046.98	0.0275106
1047.11	0.0265915
1047.25	0.0272042
1047.38	0.0278169
1047.52	0.0276331
1047.65	0.028062
1047.78	0.0276331
1047.92	0.0270817
1048.05	0.0275106
1048.18	0.028062
1048.32	0.0276331
1048.45	0.028736
1048.59	0.0276331
1048.72	0.0283071
1048.85	0.0272042
1048.99	0.0271429
1049.12	0.0279395
1049.25	0.0272655
1049.39	0.0270817
1049.52	0.0275718
1049.66	0.0276944
1049.79	0.0283071
1049.92	0.0277557
1050.06	0.0279395
1050.19	0.0276331
1050.33	0.0275718
1050.46	0.0275106
1050.59	0.0279395
1050.73	0.0276944
1050.86	0.0270204
1050.99	0.0274493
1051.13	0.0280007
1051.26	0.0276944
1051.4	0.0275718
1051.53	0.0275106
1051.66	0.0281233
1051.8	0.027388
1051.93	0.027388
1052.06	0.0274493
1052.2	0.0278782
1052.33	0.0285522
1052.47	0.0273268
1052.6	0.0271429
1052.73	0.0281233
1052.87	0.0270204
1053	0.0284296
1053.13	0.0272655
1053.27	0.0273268
1053.4	0.0278169
1053.54	0.0275718
1053.67	0.0275106
1053.8	0.0281233
1053.94	0.0272042
1054.07	0.0276944
1054.2	0.0278169
1054.34	0.0273268
1054.47	0.0272042
1054.61	0.0274493
1054.74	0.0276331
1054.87	0.0275106
1055.01	0.0270204
1055.14	0.0272655
1055.27	0.0272655
1055.41	0.0283071
1055.54	0.0268366
1055.68	0.0277557
1055.81	0.0275106
1055.94	0.0275106
1056.08	0.0272655
1056.21	0.0266528
1056.34	0.0280007
1056.48	0.0275106
1056.61	0.0283684
1056.75	0.0268366
1056.88	0.0279395
1057.01	0.0281233
1057.15	0.0275106
1057.28	0.0278169
1057.41	0.0270817
1057.55	0.0283684
1057.68	0.0275718
1057.82	0.0278782
1057.95	0.0278782
1058.08	0.0284909
1058.22	0.0275106
1058.35	0.0280007
1058.48	0.0283071
1058.62	0.0278169
1058.75	0.0272042
1058.89	0.0278169
1059.02	0.028062
1059.15	0.0276944
1059.29	0.0276944
1059.42	0.0278169
1059.55	0.0276331
1059.69	0.0272042
1059.82	0.0281845
1059.96	0.0276331
1060.09	0.0281233
1060.22	0.0273268
1060.36	0.0277557
1060.49	0.0279395
1060.62	0.0286134
1060.76	0.0275718
1060.89	0.0276331
1061.03	0.0275718
1061.16	0.0274493
1061.29	0.0278169
1061.43	0.0270204
1061.56	0.0275718
1061.69	0.0284909
1061.83	0.0277557
1061.96	0.028062
1062.1	0.0272042
1062.23	0.0277557
1062.36	0.0277557
1062.5	0.0281845
1062.63	0.0283684
1062.76	0.0279395
1062.9	0.0272655
1063.03	0.0268979
1063.17	0.0278169
1063.3	0.0278782
1063.43	0.0274493
1063.57	0.0281233
1063.7	0.0279395
1063.83	0.0281845
1063.97	0.0277557
1064.1	0.0272655
1064.23	0.0277557
1064.37	0.0275106
1064.5	0.0278782
1064.64	0.0283071
1064.77	0.027388
1064.9	0.028062
1065.04	0.0290423
1065.17	0.0278169
1065.3	0.0283071
1065.44	0.0278169
1065.57	0.0279395
1065.71	0.0278782
1065.84	0.0289198
1065.97	0.0270204
1066.11	0.0278782
1066.24	0.0271429
1066.37	0.0281845
1066.51	0.0283684
1066.64	0.0275718
1066.78	0.0284909
1066.91	0.0281845
1067.04	0.0283071
1067.18	0.0283071
1067.31	0.0277557
1067.44	0.0276944
1067.58	0.0279395
1067.71	0.0276944
1067.85	0.0278169
1067.98	0.0275718
1068.11	0.0275718
1068.25	0.0271429
1068.38	0.0268366
1068.51	0.028062
1068.65	0.0272042
1068.78	0.0283684
1068.92	0.0281233
1069.05	0.0275718
1069.18	0.0270204
1069.32	0.0283684
1069.45	0.0286134
1069.58	0.0276331
1069.72	0.0278782
1069.85	0.0269591
1069.98	0.027388
1070.12	0.028062
1070.25	0.0278782
1070.39	0.0274493
1070.52	0.0270204
1070.65	0.0274493
1070.79	0.0275106
1070.92	0.0271429
1071.05	0.0278169
1071.19	0.0279395
1071.32	0.0284296
1071.46	0.0272042
1071.59	0.0283684
1071.72	0.0272655
1071.86	0.0275106
1071.99	0.0272042
1072.12	0.0281233
1072.26	0.0270817
1072.39	0.0279395
1072.53	0.0268366
1072.66	0.027388
1072.79	0.0278169
1072.93	0.0275718
1073.06	0.0277557
1073.19	0.0273268
1073.33	0.0272042
1073.46	0.0275106
1073.59	0.0276944
1073.73	0.0280007
1073.86	0.0279395
1074	0.028062
1074.13	0.0276944
1074.26	0.0284909
1074.4	0.0278169
1074.53	0.0272042
1074.66	0.0278169
1074.8	0.0276331
1074.93	0.0267753
1075.07	0.0276331
1075.2	0.0283684
1075.33	0.0284296
1075.47	0.0283071
1075.6	0.0279395
1075.73	0.0270817
1075.87	0.0285522
1076	0.0283684
1076.14	0.0274493
1076.27	0.0280007
1076.4	0.0281233
1076.54	0.0275718
1076.67	0.0283684
1076.8	0.0272655
1076.94	0.0281233
1077.07	0.0281233
1077.2	0.0279395
1077.34	0.028062
1077.47	0.0278782
1077.61	0.0277557
1077.74	0.0286134
1077.87	0.0282458
1078.01	0.028736
1078.14	0.028062
1078.27	0.0275106
1078.41	0.0275718
1078.54	0.028062
1078.68	0.0277557
1078.81	0.0276331
1078.94	0.0272042
1079.08	0.0281233
1079.21	0.0283071
1079.34	0.0272655
1079.48	0.0280007
1079.61	0.0275718
1079.74	0.0275718
1079.88	0.0275718
1080.01	0.0278169
1080.15	0.0276331
1080.28	0.0271429
1080.41	0.027388
1080.55	0.0278169
1080.68	0.0281845
1080.81	0.0282458
1080.95	0.0272042
1081.08	0.0276331
1081.22	0.0278169
1081.35	0.0283071
1081.48	0.0276331
1081.62	0.0281845
1081.75	0.0276331
1081.88	0.0277557
1082.02	0.0278169
1082.15	0.0269591
1082.28	0.0277557
1082.42	0.0278169
1082.55	0.0285522
1082.69	0.028062
1082.82	0.0276944
1082.95	0.0280007
1083.09	0.027388
1083.22	0.0268366
1083.35	0.0281845
1083.49	0.0278169
1083.62	0.0278782
1083.75	0.0276944
1083.89	0.0280007
1084.02	0.0267753
1084.16	0.0278169
1084.29	0.0279395
1084.42	0.0277557
1084.56	0.0279395
1084.69	0.0278782
1084.82	0.0278169
1084.96	0.0275718
1085.09	0.0276944
1085.23	0.0276944
1085.36	0.0274493
1085.49	0.0278169
1085.63	0.0285522
1085.76	0.0278169
1085.89	0.027388
1086.03	0.0284296
1086.16	0.027388
1086.29	0.0281233
1086.43	0.0270817
1086.56	0.0278782
1086.7	0.0275106
1086.83	0.0281233
1086.96	0.0270204
1087.1	0.0276331
1087.23	0.0276331
1087.36	0.0269591
1087.5	0.0277557
1087.63	0.0273268
1087.76	0.0276944
1087.9	0.0270817
1088.03	0.0277557
1088.17	0.0272655
1088.3	0.0280007
1088.43	0.028062
1088.57	0.0283684
1088.7	0.0268366
1088.83	0.0274493
1088.97	0.0281233
1089.1	0.0281233
1089.24	0.0281233
1089.37	0.0277557
1089.5	0.0275718
1089.64	0.0273268
1089.77	0.0275718
1089.9	0.028062
1090.04	0.0274493
1090.17	0.0281233
1090.3	0.0272655
1090.44	0.0281845
1090.57	0.0277557
1090.71	0.0281233
1090.84	0.0275106
1090.97	0.027388
1091.11	0.0278169
1091.24	0.0276944
1091.37	0.0278782
1091.51	0.0282458
1091.64	0.0275718
1091.77	0.027388
1091.91	0.028062
1092.04	0.0278169
1092.18	0.0283684
1092.31	0.0274493
1092.44	0.0283684
1092.58	0.0278169
1092.71	0.0278782
1092.84	0.0279395
1092.98	0.0274493
1093.11	0.0278169
1093.24	0.027388
1093.38	0.0272042
1093.51	0.027388
1093.65	0.027388
1093.78	0.0276944
1093.91	0.0272655
1094.05	0.0273268
1094.18	0.0275106
1094.31	0.0286134
1094.45	0.0275106
1094.58	0.0287973
1094.71	0.0276331
1094.85	0.0278782
1094.98	0.0278169
1095.12	0.0276331
1095.25	0.0278169
1095.38	0.0278169
1095.52	0.0270204
1095.65	0.0281845
1095.78	0.0276944
1095.92	0.0276331
1096.05	0.0270204
1096.18	0.0272042
1096.32	0.0276331
1096.45	0.0276944
1096.59	0.028062
1096.72	0.0288585
1096.85	0.0282458
1096.99	0.0278782
1097.12	0.0270817
1097.25	0.0286134
1097.39	0.0278782
1097.52	0.027388
1097.65	0.0271429
1097.79	0.0276944
1097.92	0.028062
1098.06	0.0279395
1098.19	0.0277557
1098.32	0.0286747
1098.46	0.0273268
1098.59	0.0286747
1098.72	0.0278782
1098.86	0.028062
1098.99	0.0273268
1099.12	0.028062
1099.26	0.0272655
1099.39	0.0283684
1099.53	0.028062
1099.66	0.028062
1099.79	0.0274493
1099.93	0.0281233
1100.06	0.0280007
1100.19	0.0280007
1100.33	0.0280007
1100.46	0.0268366
1100.59	0.0278169
1100.73	0.0276944
1100.86	0.0269591
1100.99	0.0278782
1101.13	0.0267753
1101.26	0.028062
1101.4	0.0281845
1101.53	0.0284296
1101.66	0.0278782
1101.8	0.027388
1101.93	0.0281845
1102.06	0.0277557
1102.2	0.0273268
1102.33	0.0270204
1102.46	0.0282458
1102.6	0.0283071
1102.73	0.0278782
1102.87	0.0272655
1103	0.0272042
1103.13	0.0278169
1103.27	0.0277557
1103.4	0.0283071
1103.53	0.0272655
1103.67	0.0282458
1103.8	0.0281845
1103.93	0.0282458
1104.07	0.0276331
1104.2	0.0285522
1104.34	0.0283071
1104.47	0.0275106
1104.6	0.0282458
1104.74	0.0272655
1104.87	0.0283071
1105	0.0287973
1105.14	0.0279395
1105.27	0.028062
1105.4	0.0284909
1105.54	0.0283071
1105.67	0.0274493
1105.8	0.0284909
1105.94	0.0265915
1106.07	0.0282458
1106.21	0.0280007
1106.34	0.0278782
1106.47	0.0278782
1106.61	0.0275106
1106.74	0.0270204
1106.87	0.0281233
1107.01	0.028062
1107.14	0.0277557
1107.27	0.0272042
1107.41	0.0275718
1107.54	0.0266528

