Source: Spectrum Viewer

Chart: Pulse Spectrum

Series: 
Wavelength (nm)	S (a.u.)
617.638	0.0280779
617.773	0.0270402
617.908	0.0272233
618.043	0.0275896
618.178	0.0275285
618.313	0.0285052
618.448	0.0279558
618.583	0.0273454
618.718	0.0280168
618.853	0.0274065
618.988	0.0280168
619.123	0.0269792
619.258	0.0275896
619.394	0.0275285
619.529	0.0282
619.664	0.0278948
619.799	0.0278337
619.934	0.0274675
620.069	0.0270402
620.204	0.0278337
620.339	0.0275896
620.474	0.0285052
620.609	0.0275285
620.744	0.0273454
620.879	0.0282
621.014	0.0285052
621.149	0.0277727
621.284	0.0267961
621.419	0.0281389
621.554	0.0277727
621.689	0.0277727
621.825	0.0271013
621.96	0.0271623
622.095	0.0272233
622.23	0.0273454
622.365	0.0280779
622.5	0.0278337
622.635	0.0280168
622.77	0.0277117
622.905	0.0272844
623.04	0.0280168
623.175	0.0278337
623.31	0.0275285
623.445	0.0278337
623.58	0.0277117
623.715	0.0277117
623.85	0.0272844
623.985	0.0280779
624.12	0.0268571
624.255	0.028261
624.39	0.0280168
624.525	0.0275285
624.661	0.0279558
624.796	0.028322
624.931	0.028322
625.066	0.0278948
625.201	0.0281389
625.336	0.0271623
625.471	0.0275285
625.606	0.0277117
625.741	0.0278948
625.876	0.0278948
626.011	0.0274675
626.146	0.0280168
626.281	0.0274675
626.416	0.028322
626.551	0.0282
626.686	0.0275285
626.821	0.0280779
626.956	0.0272233
627.091	0.0271013
627.226	0.0282
627.361	0.0281389
627.496	0.0272233
627.631	0.0268571
627.766	0.0271623
627.901	0.0274675
628.036	0.0281389
628.171	0.028261
628.307	0.0272233
628.442	0.0275896
628.577	0.0269181
628.712	0.0280779
628.847	0.0274065
628.982	0.026613
629.117	0.0277727
629.252	0.0277117
629.387	0.0271013
629.522	0.0274065
629.657	0.0275285
629.792	0.0277727
629.927	0.0273454
630.062	0.0280168
630.197	0.0272233
630.332	0.0280779
630.467	0.0272844
630.602	0.0277117
630.737	0.0278337
630.872	0.0289324
631.007	0.0275285
631.142	0.0278337
631.277	0.0262467
631.412	0.0274675
631.547	0.0272233
631.682	0.0278337
631.817	0.0287493
631.952	0.028322
632.087	0.0272233
632.222	0.0280168
632.357	0.0274675
632.492	0.0279558
632.627	0.0267961
632.762	0.0271623
632.897	0.0268571
633.032	0.0272844
633.167	0.0280779
633.302	0.0282
633.437	0.0280168
633.572	0.0277727
633.707	0.028261
633.842	0.0281389
633.978	0.0267961
634.113	0.0278948
634.248	0.0275896
634.383	0.0277727
634.518	0.0271013
634.653	0.0285052
634.788	0.0268571
634.923	0.0284441
635.058	0.0274675
635.193	0.0272844
635.328	0.0267961
635.463	0.0277727
635.598	0.0286272
635.733	0.026674
635.868	0.0282
636.003	0.0272233
636.138	0.0275896
636.273	0.0269792
636.408	0.0278337
636.543	0.0271013
636.678	0.0267961
636.813	0.0282
636.948	0.0275285
637.083	0.0273454
637.218	0.0272844
637.353	0.0280779
637.488	0.0279558
637.623	0.0275285
637.758	0.0274065
637.893	0.0272233
638.028	0.0274065
638.163	0.0285052
638.298	0.0280168
638.433	0.028261
638.568	0.0271013
638.703	0.0273454
638.838	0.0272233
638.973	0.0284441
639.108	0.0275285
639.243	0.0283831
639.378	0.0275285
639.513	0.0275896
639.648	0.0275285
639.783	0.0277727
639.918	0.0280168
640.053	0.0275896
640.188	0.0268571
640.323	0.028322
640.458	0.0278337
640.593	0.0283831
640.728	0.0276506
640.863	0.0281389
640.998	0.028261
641.133	0.0281389
641.268	0.0279558
641.403	0.0277117
641.538	0.028322
641.673	0.0274065
641.808	0.026735
641.943	0.0270402
642.078	0.0275896
642.213	0.0281389
642.348	0.0271013
642.483	0.026674
642.618	0.0268571
642.753	0.0274675
642.888	0.0272844
643.023	0.0279558
643.158	0.0275285
643.293	0.0278948
643.428	0.0277117
643.563	0.0286883
643.698	0.0280779
643.833	0.0278337
643.968	0.0288104
644.103	0.0279558
644.237	0.0272233
644.372	0.0274675
644.507	0.0271623
644.642	0.0282
644.777	0.0276506
644.912	0.0273454
645.047	0.0277117
645.182	0.0275896
645.317	0.0279558
645.452	0.0268571
645.587	0.0283831
645.722	0.0278337
645.857	0.0271623
645.992	0.0276506
646.127	0.0281389
646.262	0.0275896
646.397	0.0279558
646.532	0.0269181
646.667	0.0272233
646.802	0.0274675
646.937	0.0267961
647.072	0.0268571
647.207	0.0272844
647.342	0.0275896
647.477	0.0277727
647.612	0.0277117
647.747	0.0282
647.882	0.0286272
648.017	0.0279558
648.152	0.028261
648.287	0.0271623
648.422	0.0285052
648.557	0.0277727
648.692	0.0273454
648.827	0.0278948
648.962	0.0281389
649.097	0.0277727
649.232	0.0272844
649.367	0.0269792
649.502	0.026674
649.637	0.0287493
649.772	0.028322
649.906	0.0277727
650.041	0.0278948
650.176	0.0275285
650.311	0.0271013
650.446	0.0282
650.581	0.0274675
650.716	0.0277117
650.851	0.0274065
650.986	0.0274065
651.121	0.0279558
651.256	0.0275285
651.391	0.0282
651.526	0.0269792
651.661	0.0280779
651.796	0.0277117
651.931	0.0278337
652.066	0.028322
652.201	0.028322
652.336	0.028261
652.471	0.0275285
652.606	0.0278337
652.741	0.0276506
652.876	0.028322
653.011	0.0282
653.146	0.0277727
653.281	0.0280779
653.415	0.0272233
653.55	0.026674
653.685	0.0273454
653.82	0.0276506
653.955	0.0267961
654.09	0.0269181
654.225	0.0274065
654.36	0.0276506
654.495	0.0274675
654.63	0.0274065
654.765	0.0274675
654.9	0.0271013
655.035	0.0276506
655.17	0.0275896
655.305	0.0277727
655.44	0.0274675
655.575	0.0280168
655.71	0.0280168
655.845	0.0279558
655.98	0.0283831
656.115	0.0272233
656.25	0.0278337
656.384	0.0282
656.519	0.0274065
656.654	0.0272844
656.789	0.0275285
656.924	0.0269792
657.059	0.028261
657.194	0.026735
657.329	0.0273454
657.464	0.0269181
657.599	0.0276506
657.734	0.0278337
657.869	0.0277727
658.004	0.0269792
658.139	0.0274675
658.274	0.0272233
658.409	0.0273454
658.544	0.0278337
658.679	0.0275285
658.813	0.0272844
658.948	0.0285052
659.083	0.0279558
659.218	0.0274675
659.353	0.0274065
659.488	0.0278337
659.623	0.0274065
659.758	0.0271013
659.893	0.0278337
660.028	0.0275285
660.163	0.0272233
660.298	0.028261
660.433	0.0279558
660.568	0.0281389
660.703	0.0278337
660.838	0.0275896
660.972	0.0272844
661.107	0.0278337
661.242	0.0276506
661.377	0.0281389
661.512	0.0271013
661.647	0.0269181
661.782	0.0280779
661.917	0.0281389
662.052	0.0272233
662.187	0.0282
662.322	0.0268571
662.457	0.0285662
662.592	0.0282
662.727	0.028261
662.862	0.0269792
662.996	0.0274065
663.131	0.0280779
663.266	0.0277117
663.401	0.0272233
663.536	0.028322
663.671	0.0272844
663.806	0.028261
663.941	0.0278948
664.076	0.0269181
664.211	0.0271013
664.346	0.0273454
664.481	0.0280168
664.616	0.0272233
664.75	0.0280168
664.885	0.0275285
665.02	0.0275285
665.155	0.0277727
665.29	0.0272844
665.425	0.0277117
665.56	0.0273454
665.695	0.0271623
665.83	0.0276506
665.965	0.0275896
666.1	0.0275896
666.235	0.0278948
666.37	0.0279558
666.504	0.0275285
666.639	0.0278337
666.774	0.0272233
666.909	0.0282
667.044	0.0285662
667.179	0.0274675
667.314	0.0282
667.449	0.0281389
667.584	0.0269181
667.719	0.0273454
667.854	0.0275896
667.989	0.0277117
668.123	0.0278337
668.258	0.0271623
668.393	0.0276506
668.528	0.0286272
668.663	0.0281389
668.798	0.0271623
668.933	0.0277727
669.068	0.0280168
669.203	0.0272844
669.338	0.0277117
669.473	0.0271623
669.607	0.0280779
669.742	0.0275896
669.877	0.0277727
670.012	0.0278337
670.147	0.0277727
670.282	0.0278948
670.417	0.0272233
670.552	0.0274675
670.687	0.0285052
670.822	0.0276506
670.957	0.0272233
671.091	0.0284441
671.226	0.0269181
671.361	0.0277117
671.496	0.0274675
671.631	0.0272844
671.766	0.0272844
671.901	0.0272233
672.036	0.0277727
672.171	0.0280779
672.306	0.0273454
672.44	0.0278337
672.575	0.028322
672.71	0.0277727
672.845	0.0272844
672.98	0.0275285
673.115	0.026735
673.25	0.0277727
673.385	0.0284441
673.52	0.0276506
673.655	0.0277727
673.789	0.0280779
673.924	0.0275285
674.059	0.0276506
674.194	0.0271623
674.329	0.0287493
674.464	0.0282
674.599	0.0282
674.734	0.0277727
674.869	0.0280779
675.003	0.0272844
675.138	0.0281389
675.273	0.028261
675.408	0.0269792
675.543	0.0272233
675.678	0.0283831
675.813	0.0275285
675.948	0.0270402
676.083	0.0279558
676.217	0.0274065
676.352	0.0271013
676.487	0.0272233
676.622	0.0277727
676.757	0.0274675
676.892	0.0275285
677.027	0.0277727
677.162	0.0285052
677.297	0.0273454
677.431	0.0275896
677.566	0.0272844
677.701	0.0275896
677.836	0.0278948
677.971	0.0271623
678.106	0.028261
678.241	0.0271623
678.376	0.0281389
678.511	0.0276506
678.645	0.0271623
678.78	0.0280779
678.915	0.0277727
679.05	0.0288714
679.185	0.0278948
679.32	0.0281389
679.455	0.028322
679.59	0.0269181
679.724	0.0275896
679.859	0.0277117
679.994	0.0272233
680.129	0.0272844
680.264	0.0272233
680.399	0.0282
680.534	0.0268571
680.669	0.0274065
680.803	0.0277117
680.938	0.0275896
681.073	0.0282
681.208	0.0272233
681.343	0.0277117
681.478	0.0275896
681.613	0.0282
681.748	0.0277727
681.882	0.0278948
682.017	0.0271623
682.152	0.0277117
682.287	0.0281389
682.422	0.0279558
682.557	0.0269181
682.692	0.0275896
682.827	0.028261
682.961	0.0273454
683.096	0.0270402
683.231	0.0264298
683.366	0.0269181
683.501	0.0278948
683.636	0.0270402
683.771	0.0280168
683.906	0.0281389
684.04	0.0280779
684.175	0.028322
684.31	0.0283831
684.445	0.0275285
684.58	0.0282
684.715	0.0283831
684.85	0.0272844
684.984	0.0274675
685.119	0.0281389
685.254	0.028261
685.389	0.0263078
685.524	0.0275285
685.659	0.0275285
685.794	0.0274065
685.928	0.0277117
686.063	0.0273454
686.198	0.0286272
686.333	0.0272233
686.468	0.0277727
686.603	0.0278337
686.738	0.0275896
686.872	0.0279558
687.007	0.0275896
687.142	0.0275896
687.277	0.0278948
687.412	0.0271623
687.547	0.0272233
687.682	0.0282
687.816	0.0277117
687.951	0.0274065
688.086	0.0280168
688.221	0.0274065
688.356	0.0276506
688.491	0.0272233
688.626	0.028261
688.76	0.0274675
688.895	0.0274675
689.03	0.028322
689.165	0.0283831
689.3	0.0271623
689.435	0.028261
689.57	0.0275285
689.704	0.028261
689.839	0.0281389
689.974	0.0278948
690.109	0.0274065
690.244	0.028261
690.379	0.0278948
690.513	0.0274675
690.648	0.0269181
690.783	0.0280168
690.918	0.0278337
691.053	0.0280168
691.188	0.0268571
691.323	0.028322
691.457	0.0276506
691.592	0.0277117
691.727	0.0275896
691.862	0.0274675
691.997	0.028261
692.132	0.0278948
692.266	0.0270402
692.401	0.0275896
692.536	0.0274065
692.671	0.0277117
692.806	0.0271623
692.941	0.0272233
693.075	0.0274065
693.21	0.0273454
693.345	0.0282
693.48	0.0275896
693.615	0.0286272
693.75	0.0278337
693.885	0.0277117
694.019	0.0278337
694.154	0.0271623
694.289	0.0278337
694.424	0.0276506
694.559	0.0278948
694.694	0.0278948
694.828	0.0274675
694.963	0.0273454
695.098	0.0273454
695.233	0.0272844
695.368	0.0272233
695.503	0.0272844
695.637	0.0275285
695.772	0.0280779
695.907	0.028261
696.042	0.0277727
696.177	0.0269181
696.312	0.0273454
696.446	0.0274675
696.581	0.0276506
696.716	0.0271013
696.851	0.0274065
696.986	0.0277117
697.12	0.0276506
697.255	0.0274065
697.39	0.0272844
697.525	0.0279558
697.66	0.0275896
697.795	0.0277117
697.929	0.0273454
698.064	0.0277117
698.199	0.0274065
698.334	0.0273454
698.469	0.0273454
698.604	0.0275896
698.738	0.0267961
698.873	0.0277117
699.008	0.0278337
699.143	0.0276506
699.278	0.0269792
699.412	0.0278948
699.547	0.0276506
699.682	0.0280168
699.817	0.0285662
699.952	0.0280779
700.087	0.0276506
700.221	0.0274065
700.356	0.0272233
700.491	0.0276506
700.626	0.0285662
700.761	0.0278337
700.895	0.0287493
701.03	0.0277117
701.165	0.026613
701.3	0.0270402
701.435	0.0275896
701.57	0.0281389
701.704	0.0280779
701.839	0.0276506
701.974	0.028322
702.109	0.0269792
702.244	0.0270402
702.378	0.0279558
702.513	0.0272233
702.648	0.0281389
702.783	0.0275896
702.918	0.0272844
703.052	0.0275896
703.187	0.0274675
703.322	0.0274675
703.457	0.0280168
703.592	0.0277117
703.727	0.0276506
703.861	0.0275896
703.996	0.0275285
704.131	0.0277727
704.266	0.0272844
704.401	0.0274675
704.535	0.0277727
704.67	0.0274065
704.805	0.0274675
704.94	0.0279558
705.075	0.0283831
705.209	0.0271013
705.344	0.0275896
705.479	0.0273454
705.614	0.0279558
705.749	0.0274675
705.883	0.0272844
706.018	0.0273454
706.153	0.0272844
706.288	0.0275896
706.423	0.0272233
706.557	0.0273454
706.692	0.0282
706.827	0.0272844
706.962	0.0271623
707.097	0.0265519
707.231	0.028261
707.366	0.0277727
707.501	0.0270402
707.636	0.0269792
707.771	0.0280779
707.905	0.0286883
708.04	0.0274675
708.175	0.0271013
708.31	0.028261
708.445	0.026613
708.579	0.0274065
708.714	0.0275896
708.849	0.0272233
708.984	0.0278337
709.118	0.0276506
709.253	0.0270402
709.388	0.0279558
709.523	0.0277727
709.658	0.0278948
709.792	0.0278948
709.927	0.0274675
710.062	0.0282
710.197	0.0276506
710.332	0.0275285
710.466	0.0279558
710.601	0.0283831
710.736	0.0275285
710.871	0.0269792
711.006	0.0281389
711.14	0.0283831
711.275	0.0289324
711.41	0.0282
711.545	0.0277117
711.679	0.0277117
711.814	0.0278948
711.949	0.0277727
712.084	0.0274675
712.219	0.0277727
712.353	0.0270402
712.488	0.0281389
712.623	0.0273454
712.758	0.0278948
712.892	0.0287493
713.027	0.0275285
713.162	0.0271013
713.297	0.0269181
713.432	0.0282
713.566	0.0280779
713.701	0.0277117
713.836	0.0278948
713.971	0.0280168
714.105	0.0276506
714.24	0.0275285
714.375	0.0272233
714.51	0.0272844
714.645	0.0277727
714.779	0.0278948
714.914	0.0273454
715.049	0.0282
715.184	0.0277727
715.318	0.0271623
715.453	0.0277727
715.588	0.0278948
715.723	0.0267961
715.858	0.0273454
715.992	0.0274065
716.127	0.0275285
716.262	0.0275896
716.397	0.0278337
716.531	0.0272233
716.666	0.0279558
716.801	0.0270402
716.936	0.0280168
717.07	0.0277727
717.205	0.0269181
717.34	0.0276506
717.475	0.0272844
717.61	0.0274675
717.744	0.0275896
717.879	0.0275285
718.014	0.0278948
718.149	0.0265519
718.283	0.0272233
718.418	0.0271623
718.553	0.0268571
718.688	0.0283831
718.822	0.0275896
718.957	0.0270402
719.092	0.0288104
719.227	0.0280779
719.361	0.0281389
719.496	0.0282
719.631	0.0275896
719.766	0.0279558
719.9	0.0280168
720.035	0.0272233
720.17	0.028261
720.305	0.0280779
720.44	0.028322
720.574	0.0278337
720.709	0.0267961
720.844	0.026613
720.979	0.0274675
721.113	0.0274675
721.248	0.0272233
721.383	0.0278337
721.518	0.0277117
721.652	0.0270402
721.787	0.0275896
721.922	0.0274065
722.057	0.0273454
722.191	0.0279558
722.326	0.0271623
722.461	0.0271013
722.596	0.0277727
722.73	0.026735
722.865	0.0276506
723	0.0277727
723.135	0.0284441
723.269	0.0280168
723.404	0.0277727
723.539	0.0273454
723.674	0.028322
723.808	0.0286883
723.943	0.0272233
724.078	0.0279558
724.213	0.0270402
724.347	0.0270402
724.482	0.0278337
724.617	0.0265519
724.752	0.0278337
724.886	0.0270402
725.021	0.0280779
725.156	0.0276506
725.291	0.026735
725.425	0.0274065
725.56	0.0284441
725.695	0.0282
725.829	0.0279558
725.964	0.0278337
726.099	0.0276506
726.234	0.0277727
726.368	0.0276506
726.503	0.0283831
726.638	0.0282
726.773	0.0277727
726.907	0.0278337
727.042	0.0280168
727.177	0.0271013
727.312	0.0277727
727.446	0.0284441
727.581	0.0280779
727.716	0.0272844
727.851	0.0280168
727.985	0.0277727
728.12	0.0280168
728.255	0.0276506
728.389	0.0279558
728.524	0.0276506
728.659	0.0274065
728.794	0.0286272
728.928	0.0272233
729.063	0.026674
729.198	0.0272844
729.333	0.0278337
729.467	0.0272233
729.602	0.0271013
729.737	0.0271013
729.872	0.0272844
730.006	0.0274065
730.141	0.0285052
730.276	0.0274065
730.41	0.0281389
730.545	0.0275896
730.68	0.0281389
730.815	0.0272233
730.949	0.0274065
731.084	0.0275896
731.219	0.0272233
731.354	0.0279558
731.488	0.0282
731.623	0.0282
731.758	0.0278948
731.892	0.0277727
732.027	0.0278337
732.162	0.0274675
732.297	0.0274065
732.431	0.0279558
732.566	0.0278948
732.701	0.0275285
732.835	0.0273454
732.97	0.0270402
733.105	0.0277727
733.24	0.0279558
733.374	0.0278337
733.509	0.0274675
733.644	0.0277117
733.779	0.0282
733.913	0.0274065
734.048	0.0269792
734.183	0.028322
734.317	0.026613
734.452	0.0284441
734.587	0.0278337
734.722	0.0276506
734.856	0.0274675
734.991	0.0269181
735.126	0.0278948
735.26	0.0272844
735.395	0.0275285
735.53	0.0270402
735.665	0.0280168
735.799	0.0270402
735.934	0.0280168
736.069	0.0281389
736.203	0.0261857
736.338	0.0271623
736.473	0.0283831
736.607	0.0275896
736.742	0.0275896
736.877	0.028261
737.012	0.0278948
737.146	0.0285662
737.281	0.0271623
737.416	0.0269181
737.55	0.0275896
737.685	0.0275896
737.82	0.0275896
737.955	0.0272844
738.089	0.0272844
738.224	0.028261
738.359	0.0269792
738.493	0.0277117
738.628	0.0281389
738.763	0.0275285
738.897	0.0282
739.032	0.0278948
739.167	0.0273454
739.302	0.0275896
739.436	0.0277117
739.571	0.0272844
739.706	0.0274675
739.84	0.0271623
739.975	0.0273454
740.11	0.0275896
740.244	0.028261
740.379	0.0277727
740.514	0.026735
740.649	0.0280168
740.783	0.0285052
740.918	0.0271013
741.053	0.0278337
741.187	0.0274675
741.322	0.0274675
741.457	0.0277727
741.591	0.0277727
741.726	0.0269181
741.861	0.0277117
741.996	0.0274065
742.13	0.0277727
742.265	0.0269792
742.4	0.0270402
742.534	0.0271013
742.669	0.0280168
742.804	0.026735
742.938	0.0277727
743.073	0.0275896
743.208	0.0274065
743.342	0.0278337
743.477	0.0277117
743.612	0.0275285
743.747	0.0272233
743.881	0.0277117
744.016	0.0277117
744.151	0.026674
744.285	0.0275285
744.42	0.0277117
744.555	0.0274065
744.689	0.0272233
744.824	0.0277117
744.959	0.0270402
745.093	0.0279558
745.228	0.0279558
745.363	0.0282
745.497	0.0277727
745.632	0.0285052
745.767	0.0277727
745.901	0.0278948
746.036	0.0272233
746.171	0.0279558
746.305	0.0278337
746.44	0.0277117
746.575	0.0282
746.71	0.0272844
746.844	0.0270402
746.979	0.0276506
747.114	0.0280779
747.248	0.0273454
747.383	0.0271013
747.518	0.0269792
747.652	0.0277117
747.787	0.0277117
747.922	0.0270402
748.056	0.0280168
748.191	0.0275896
748.326	0.0275285
748.46	0.0276506
748.595	0.0278337
748.73	0.0275896
748.864	0.0278948
748.999	0.0269792
749.134	0.028322
749.268	0.0272233
749.403	0.0274065
749.538	0.0278948
749.672	0.0274065
749.807	0.0273454
749.942	0.0263078
750.076	0.0277727
750.211	0.0276506
750.346	0.0286883
750.48	0.0284441
750.615	0.0282
750.75	0.0262467
750.884	0.0270402
751.019	0.0287493
751.154	0.0274065
751.288	0.0277727
751.423	0.0278948
751.558	0.0276506
751.692	0.0272844
751.827	0.0278948
751.962	0.028261
752.096	0.028261
752.231	0.0276506
752.366	0.0282
752.5	0.0282
752.635	0.0276506
752.77	0.0273454
752.904	0.0275896
753.039	0.028261
753.174	0.0269181
753.308	0.028261
753.443	0.0282
753.578	0.0281389
753.712	0.0276506
753.847	0.028322
753.982	0.0283831
754.116	0.0281389
754.251	0.0270402
754.386	0.0274675
754.52	0.0272233
754.655	0.028261
754.79	0.0278948
754.924	0.0286883
755.059	0.0277117
755.194	0.0272233
755.328	0.0270402
755.463	0.0275896
755.597	0.0271623
755.732	0.0281389
755.867	0.0288104
756.001	0.0273454
756.136	0.0278948
756.271	0.0275896
756.405	0.026735
756.54	0.028322
756.675	0.0269181
756.809	0.0267961
756.944	0.0277727
757.079	0.0273454
757.213	0.0278948
757.348	0.0275285
757.483	0.0276506
757.617	0.0275285
757.752	0.0277727
757.887	0.0281389
758.021	0.0275285
758.156	0.0282
758.29	0.0281389
758.425	0.0281389
758.56	0.0276506
758.694	0.0277117
758.829	0.0272844
758.964	0.0285662
759.098	0.0285662
759.233	0.0279558
759.368	0.0281389
759.502	0.0280168
759.637	0.0285662
759.772	0.0286883
759.906	0.0283831
760.041	0.0285052
760.175	0.0269792
760.31	0.0280168
760.445	0.0275896
760.579	0.0274065
760.714	0.0273454
760.849	0.0280168
760.983	0.0271013
761.118	0.0273454
761.253	0.0269181
761.387	0.0279558
761.522	0.0272844
761.656	0.0278948
761.791	0.0274675
761.926	0.0274675
762.06	0.0271013
762.195	0.0280779
762.33	0.0274675
762.464	0.0275896
762.599	0.0284441
762.733	0.0270402
762.868	0.0278337
763.003	0.0284441
763.137	0.0279558
763.272	0.0278948
763.407	0.026735
763.541	0.028261
763.676	0.0270402
763.811	0.0276506
763.945	0.0275896
764.08	0.0278337
764.214	0.0280779
764.349	0.0278337
764.484	0.0274675
764.618	0.0278337
764.753	0.0275896
764.888	0.0277727
765.022	0.0277727
765.157	0.0275896
765.291	0.0271623
765.426	0.0270402
765.561	0.0271013
765.695	0.0275285
765.83	0.0271013
765.965	0.028261
766.099	0.0274675
766.234	0.028261
766.368	0.0279558
766.503	0.0269181
766.638	0.0270402
766.772	0.0274065
766.907	0.0280168
767.041	0.0278337
767.176	0.0274675
767.311	0.0269181
767.445	0.0280779
767.58	0.0280168
767.715	0.0271013
767.849	0.026674
767.984	0.0277727
768.118	0.0283831
768.253	0.0278948
768.388	0.0280779
768.522	0.028261
768.657	0.0275896
768.791	0.0276506
768.926	0.0275285
769.061	0.0272844
769.195	0.0282
769.33	0.0275896
769.465	0.0288104
769.599	0.0280168
769.734	0.0276506
769.868	0.0274065
770.003	0.0271013
770.138	0.0275285
770.272	0.0276506
770.407	0.0270402
770.541	0.0271013
770.676	0.0282
770.811	0.0278948
770.945	0.0283831
771.08	0.0270402
771.214	0.0282
771.349	0.0275896
771.484	0.0281389
771.618	0.0285662
771.753	0.0267961
771.887	0.0276506
772.022	0.0280779
772.157	0.0275285
772.291	0.0269181
772.426	0.0279558
772.56	0.0277727
772.695	0.0277117
772.83	0.0277727
772.964	0.0269792
773.099	0.0280779
773.233	0.0275896
773.368	0.0278948
773.503	0.0278948
773.637	0.0278948
773.772	0.028322
773.906	0.0277117
774.041	0.0271013
774.176	0.0285662
774.31	0.0276506
774.445	0.0282
774.579	0.0280168
774.714	0.0278948
774.849	0.0277117
774.983	0.0277117
775.118	0.0280779
775.252	0.0274675
775.387	0.0273454
775.522	0.0282
775.656	0.028261
775.791	0.0272233
775.925	0.0272844
776.06	0.0273454
776.195	0.0270402
776.329	0.0284441
776.464	0.0275896
776.598	0.0288104
776.733	0.0277117
776.868	0.0275896
777.002	0.0273454
777.137	0.0270402
777.271	0.0272844
777.406	0.0279558
777.54	0.0271623
777.675	0.0278337
777.81	0.0283831
777.944	0.0276506
778.079	0.0274065
778.213	0.0276506
778.348	0.0284441
778.483	0.0277117
778.617	0.0274065
778.752	0.0275285
778.886	0.0278337
779.021	0.0274675
779.155	0.0277727
779.29	0.0269792
779.425	0.0275896
779.559	0.0276506
779.694	0.0273454
779.828	0.0277117
779.963	0.0283831
780.098	0.0281389
780.232	0.0278948
780.367	0.0270402
780.501	0.0280168
780.636	0.0275896
780.77	0.0279558
780.905	0.0281389
781.04	0.0276506
781.174	0.0267961
781.309	0.0278337
781.443	0.028261
781.578	0.028261
781.712	0.0271623
781.847	0.0275285
781.982	0.028322
782.116	0.0273454
782.251	0.0269181
782.385	0.0272233
782.52	0.0279558
782.654	0.0271013
782.789	0.0278948
782.924	0.0277117
783.058	0.0283831
783.193	0.0273454
783.327	0.0285662
783.462	0.0275285
783.596	0.0277117
783.731	0.0271623
783.866	0.0280779
784	0.0278948
784.135	0.0270402
784.269	0.0278948
784.404	0.0278337
784.538	0.0276506
784.673	0.0275896
784.808	0.0275285
784.942	0.0279558
785.077	0.0278948
785.211	0.0277727
785.346	0.0283831
785.48	0.0271013
785.615	0.0280779
785.75	0.0277117
785.884	0.0275285
786.019	0.0268571
786.153	0.0292376
786.288	0.0268571
786.422	0.0274675
786.557	0.0281389
786.691	0.0277727
786.826	0.0279558
786.961	0.028261
787.095	0.0279558
787.23	0.0285052
787.364	0.0277727
787.499	0.0271013
787.633	0.0271623
787.768	0.0272233
787.902	0.0278337
788.037	0.0275896
788.172	0.0275285
788.306	0.0289935
788.441	0.0277117
788.575	0.0275285
788.71	0.0277117
788.844	0.0276506
788.979	0.0275285
789.113	0.0286883
789.248	0.0273454
789.383	0.0282
789.517	0.0279558
789.652	0.0278948
789.786	0.0277117
789.921	0.0275896
790.055	0.0281389
790.19	0.0277727
790.324	0.0274675
790.459	0.0274675
790.594	0.0278948
790.728	0.0274675
790.863	0.0272844
790.997	0.0278337
791.132	0.0275285
791.266	0.0278337
791.401	0.0277117
791.535	0.026613
791.67	0.028261
791.804	0.0279558
791.939	0.0285662
792.074	0.0275285
792.208	0.0286883
792.343	0.028322
792.477	0.0275896
792.612	0.0272844
792.746	0.0280779
792.881	0.0283831
793.015	0.0278948
793.15	0.0271623
793.284	0.0281389
793.419	0.0282
793.553	0.0280168
793.688	0.0280779
793.823	0.0274675
793.957	0.0277117
794.092	0.0281389
794.226	0.0272233
794.361	0.0278948
794.495	0.0277727
794.63	0.0277117
794.764	0.0280168
794.899	0.0277117
795.033	0.0274675
795.168	0.0280779
795.302	0.0280168
795.437	0.0281389
795.572	0.0272844
795.706	0.0274675
795.841	0.0280779
795.975	0.0279558
796.11	0.0275285
796.244	0.0278948
796.379	0.0279558
796.513	0.0272844
796.648	0.028322
796.782	0.0276506
796.917	0.026613
797.051	0.0277727
797.186	0.0284441
797.32	0.0277117
797.455	0.0275285
797.589	0.0273454
797.724	0.0274675
797.859	0.0278337
797.993	0.0278337
798.128	0.0271013
798.262	0.0280779
798.397	0.0272844
798.531	0.0269792
798.666	0.0275896
798.8	0.0275285
798.935	0.0282
799.069	0.0274065
799.204	0.0280779
799.338	0.0278337
799.473	0.028322
799.607	0.0288104
799.742	0.0274065
799.876	0.0282
800.011	0.0275896
800.145	0.0273454
800.28	0.0277117
800.414	0.0285052
800.549	0.0288714
800.683	0.0286272
800.818	0.0279558
800.953	0.0279558
801.087	0.0285662
801.222	0.0281389
801.356	0.0278948
801.491	0.0275285
801.625	0.0291766
801.76	0.0278337
801.894	0.0282
802.029	0.028261
802.163	0.0289324
802.298	0.0275896
802.432	0.0286272
802.567	0.0276506
802.701	0.0285052
802.836	0.0285662
802.97	0.028322
803.105	0.0286883
803.239	0.0286272
803.374	0.0281389
803.508	0.0288104
803.643	0.0280779
803.777	0.0279558
803.912	0.0293597
804.046	0.0287493
804.181	0.0281389
804.315	0.0288714
804.45	0.0288104
804.584	0.0287493
804.719	0.0289324
804.853	0.0275896
804.988	0.0288714
805.122	0.029787
805.257	0.0286272
805.391	0.0297259
805.526	0.0296649
805.66	0.0289324
805.795	0.0296649
805.929	0.0292987
806.064	0.0302753
806.198	0.0299701
806.333	0.0291766
806.467	0.0300311
806.602	0.0307636
806.736	0.0297259
806.871	0.0295428
807.005	0.0294818
807.14	0.0309467
807.274	0.0305194
807.409	0.0307026
807.543	0.031435
807.678	0.0309467
807.812	0.031374
807.947	0.0325337
808.081	0.0321065
808.216	0.0318623
808.35	0.0330831
808.485	0.0344259
808.619	0.0342428
808.754	0.0357688
808.888	0.0352805
809.023	0.0371116
809.157	0.0366844
809.292	0.0374779
809.426	0.0388818
809.561	0.0393701
809.695	0.0424831
809.83	0.0422389
809.964	0.0453519
810.099	0.0482207
810.233	0.0510285
810.368	0.0575597
810.502	0.0875298
810.637	0.933468
810.771	0.995056
810.906	1
811.04	1
811.175	1
811.309	1
811.444	0.997253
811.578	0.997803
811.713	0.992981
811.847	0.992126
811.982	0.986449
812.116	0.981871
812.251	0.976073
812.385	0.965208
812.519	0.9577
812.654	0.863334
812.788	0.54703
812.923	0.502777
813.057	0.319844
813.192	0.183239
813.326	0.121895
813.461	0.0761155
813.595	0.0495636
813.73	0.0401025
813.864	0.0379051
813.999	0.0365013
814.133	0.0349753
814.268	0.034548
814.402	0.0336324
814.537	0.0333883
814.671	0.0332052
814.806	0.0331441
814.94	0.0332052
815.075	0.0314961
815.209	0.0319844
815.344	0.0304584
815.478	0.0303974
815.612	0.0307636
815.747	0.0306415
815.881	0.0305194
816.016	0.0288104
816.15	0.0300922
816.285	0.0289324
816.419	0.0303363
816.554	0.0284441
816.688	0.0294207
816.823	0.0300922
816.957	0.0296039
817.092	0.0300311
817.226	0.029848
817.361	0.0296039
817.495	0.0291155
817.63	0.0291155
817.764	0.0280779
817.898	0.0294207
818.033	0.0292376
818.167	0.028322
818.302	0.0287493
818.436	0.0287493
818.571	0.0294207
818.705	0.0288714
818.84	0.0277727
818.974	0.028322
819.109	0.0284441
819.243	0.0272844
819.378	0.0277117
819.512	0.0292987
819.646	0.0290545
819.781	0.0288104
819.915	0.0275896
820.05	0.0274675
820.184	0.0287493
820.319	0.0278948
820.453	0.0281389
820.588	0.0285052
820.722	0.028322
820.857	0.0281389
820.991	0.0278337
821.126	0.0276506
821.26	0.0275285
821.394	0.0280779
821.529	0.0287493
821.663	0.0281389
821.798	0.0285052
821.932	0.0285052
822.067	0.0281389
822.201	0.0286883
822.336	0.0280168
822.47	0.0278337
822.605	0.0284441
822.739	0.0278337
822.873	0.0274065
823.008	0.0280168
823.142	0.0288104
823.277	0.0271013
823.411	0.0277727
823.546	0.0280779
823.68	0.0275896
823.815	0.0277727
823.949	0.0280168
824.083	0.0273454
824.218	0.0271623
824.352	0.0277727
824.487	0.0275896
824.621	0.0271623
824.756	0.0270402
824.89	0.0277117
825.025	0.0265519
825.159	0.0279558
825.293	0.0280779
825.428	0.0271013
825.562	0.0278948
825.697	0.0278948
825.831	0.0279558
825.966	0.0271623
826.1	0.0270402
826.235	0.0272844
826.369	0.0271013
826.503	0.0278337
826.638	0.0275896
826.772	0.0278337
826.907	0.0275896
827.041	0.0280779
827.176	0.0274675
827.31	0.0273454
827.445	0.0273454
827.579	0.0272844
827.713	0.0278948
827.848	0.0280168
827.982	0.0277727
828.117	0.028322
828.251	0.0280779
828.386	0.0275896
828.52	0.0277727
828.654	0.0278948
828.789	0.0280779
828.923	0.0285662
829.058	0.0268571
829.192	0.0282
829.327	0.0276506
829.461	0.0272233
829.596	0.0286883
829.73	0.028322
829.864	0.0275285
829.999	0.0280779
830.133	0.0279558
830.268	0.0285662
830.402	0.0274065
830.537	0.0284441
830.671	0.0277727
830.805	0.0269792
830.94	0.0272844
831.074	0.0274065
831.209	0.0279558
831.343	0.0271013
831.478	0.0273454
831.612	0.0275896
831.746	0.0280168
831.881	0.0279558
832.015	0.0284441
832.15	0.0278337
832.284	0.0278337
832.418	0.0275896
832.553	0.0270402
832.687	0.0280168
832.822	0.0275896
832.956	0.0272844
833.091	0.0271623
833.225	0.0280168
833.359	0.0277727
833.494	0.0282
833.628	0.0274675
833.763	0.0276506
833.897	0.0279558
834.032	0.0280168
834.166	0.0275285
834.3	0.0278337
834.435	0.0277117
834.569	0.0280168
834.704	0.0276506
834.838	0.028261
834.972	0.0278337
835.107	0.0282
835.241	0.028322
835.376	0.0275285
835.51	0.0285052
835.645	0.0275285
835.779	0.028261
835.913	0.0274065
836.048	0.0272233
836.182	0.0278337
836.317	0.0279558
836.451	0.0274065
836.585	0.026613
836.72	0.0275285
836.854	0.0272844
836.989	0.0277727
837.123	0.0274065
837.257	0.0280168
837.392	0.0286272
837.526	0.0275896
837.661	0.0271623
837.795	0.0274065
837.929	0.0275285
838.064	0.0278337
838.198	0.026613
838.333	0.0276506
838.467	0.0279558
838.602	0.0272844
838.736	0.0275896
838.87	0.0280168
839.005	0.0281389
839.139	0.0273454
839.274	0.026674
839.408	0.0272233
839.542	0.0272844
839.677	0.028322
839.811	0.0275896
839.946	0.0280168
840.08	0.026735
840.214	0.0271623
840.349	0.028261
840.483	0.0272233
840.618	0.0272233
840.752	0.0269792
840.886	0.0287493
841.021	0.0281389
841.155	0.0271013
841.29	0.0278948
841.424	0.0278948
841.558	0.0269792
841.693	0.0286272
841.827	0.0274675
841.961	0.0273454
842.096	0.0275285
842.23	0.0280168
842.365	0.0274675
842.499	0.0280779
842.633	0.0277117
842.768	0.0277117
842.902	0.0275896
843.037	0.0278337
843.171	0.0270402
843.305	0.0271013
843.44	0.0272233
843.574	0.0276506
843.709	0.0274675
843.843	0.0273454
843.977	0.0278948
844.112	0.0270402
844.246	0.0278337
844.381	0.0272844
844.515	0.0276506
844.649	0.0277727
844.784	0.0275285
844.918	0.0275285
845.052	0.0277727
845.187	0.0272844
845.321	0.0272233
845.456	0.0277117
845.59	0.0282
845.724	0.0283831
845.859	0.0271623
845.993	0.0273454
846.128	0.0275896
846.262	0.0270402
846.396	0.0278337
846.531	0.0273454
846.665	0.0279558
846.799	0.0274675
846.934	0.0277727
847.068	0.0271013
847.203	0.0278948
847.337	0.0280168
847.471	0.0275285
847.606	0.0272844
847.74	0.0280168
847.874	0.0272233
848.009	0.0277727
848.143	0.0271013
848.278	0.0270402
848.412	0.0272844
848.546	0.0277117
848.681	0.0278948
848.815	0.0280168
848.949	0.0277117
849.084	0.0280168
849.218	0.0271013
849.353	0.0284441
849.487	0.0284441
849.621	0.028261
849.756	0.026613
849.89	0.0280168
850.024	0.0281389
850.159	0.0267961
850.293	0.0277117
850.428	0.0279558
850.562	0.0271623
850.696	0.0274065
850.831	0.0273454
850.965	0.0276506
851.099	0.0275896
851.234	0.0279558
851.368	0.0269181
851.502	0.0279558
851.637	0.0273454
851.771	0.0277727
851.906	0.0277117
852.04	0.0276506
852.174	0.0273454
852.309	0.0276506
852.443	0.0278948
852.577	0.0280168
852.712	0.0274675
852.846	0.0270402
852.98	0.0273454
853.115	0.0276506
853.249	0.0278337
853.384	0.0280168
853.518	0.0274065
853.652	0.0271623
853.787	0.0269792
853.921	0.0282
854.055	0.0272233
854.19	0.0275896
854.324	0.0279558
854.458	0.0274675
854.593	0.0270402
854.727	0.0273454
854.861	0.0289324
854.996	0.028322
855.13	0.0278337
855.265	0.0271013
855.399	0.0275896
855.533	0.0276506
855.668	0.0272233
855.802	0.0278948
855.936	0.0274675
856.071	0.0270402
856.205	0.0268571
856.339	0.0281389
856.474	0.0274675
856.608	0.0269181
856.742	0.0275896
856.877	0.0277117
857.011	0.0275896
857.145	0.0272844
857.28	0.0277117
857.414	0.0277727
857.549	0.0278948
857.683	0.0275285
857.817	0.0272844
857.952	0.0283831
858.086	0.0278948
858.22	0.0284441
858.355	0.0276506
858.489	0.026735
858.623	0.028261
858.758	0.0270402
858.892	0.0279558
859.026	0.0273454
859.161	0.0273454
859.295	0.026735
859.429	0.0282
859.564	0.0272844
859.698	0.0283831
859.832	0.0280168
859.967	0.0275285
860.101	0.0278337
860.235	0.0282
860.37	0.0278337
860.504	0.0276506
860.638	0.0276506
860.773	0.0278948
860.907	0.0283831
861.041	0.0283831
861.176	0.0273454
861.31	0.0283831
861.444	0.0277727
861.579	0.0278337
861.713	0.0275896
861.847	0.0275896
861.982	0.0278948
862.116	0.0275285
862.25	0.0283831
862.385	0.0276506
862.519	0.0279558
862.653	0.0274065
862.788	0.0271623
862.922	0.0271013
863.056	0.028261
863.191	0.0276506
863.325	0.028261
863.459	0.0274675
863.594	0.0273454
863.728	0.0270402
863.862	0.0270402
863.997	0.0264909
864.131	0.0270402
864.265	0.0281389
864.4	0.0271013
864.534	0.0269181
864.668	0.0271013
864.803	0.0272233
864.937	0.0277117
865.071	0.0280168
865.206	0.0272844
865.34	0.0279558
865.474	0.0274675
865.609	0.026674
865.743	0.0288104
865.877	0.0267961
866.012	0.0273454
866.146	0.0280168
866.28	0.0269181
866.415	0.0270402
866.549	0.0278337
866.683	0.0272233
866.818	0.0280779
866.952	0.0269792
867.086	0.0284441
867.221	0.0277117
867.355	0.0277727
867.489	0.028322
867.623	0.0282
867.758	0.0271013
867.892	0.0281389
868.026	0.0281389
868.161	0.0280168
868.295	0.0280779
868.429	0.0277117
868.564	0.0269181
868.698	0.0269792
868.832	0.0280168
868.967	0.0278337
869.101	0.0277727
869.235	0.0281389
869.37	0.0275285
869.504	0.0274065
869.638	0.0275285
869.773	0.0272233
869.907	0.0275285
870.041	0.0267961
870.175	0.0284441
870.31	0.0274065
870.444	0.0277727
870.578	0.0270402
870.713	0.0275285
870.847	0.0280779
870.981	0.0276506
871.116	0.0278337
871.25	0.0276506
871.384	0.0275896
871.519	0.0271623
871.653	0.0274675
871.787	0.0273454
871.921	0.0280168
872.056	0.0283831
872.19	0.0272233
872.324	0.0278337
872.459	0.0286883
872.593	0.026674
872.727	0.0274675
872.862	0.0269181
872.996	0.0273454
873.13	0.0282
873.264	0.0272844
873.399	0.0276506
873.533	0.0275896
873.667	0.0272233
873.802	0.0282
873.936	0.0288714
874.07	0.0278948
874.205	0.0277117
874.339	0.028261
874.473	0.0278337
874.607	0.0272844
874.742	0.0267961
874.876	0.0274065
875.01	0.0278337
875.145	0.028261
875.279	0.0286272
875.413	0.0272844
875.548	0.0279558
875.682	0.0275896
875.816	0.0270402
875.95	0.0274065
876.085	0.0271623
876.219	0.0278948
876.353	0.0278948
876.488	0.0271013
876.622	0.0278948
876.756	0.0275896
876.89	0.0274065
877.025	0.028261
877.159	0.0277117
877.293	0.0276506
877.428	0.0278948
877.562	0.0276506
877.696	0.0273454
877.83	0.0278337
877.965	0.0274675
878.099	0.0273454
878.233	0.0275896
878.368	0.026735
878.502	0.0270402
878.636	0.0272844
878.77	0.0275285
878.905	0.0276506
879.039	0.0276506
879.173	0.0280779
879.308	0.0277727
879.442	0.0281389
879.576	0.0277727
879.71	0.0271623
879.845	0.0277117
879.979	0.0281389
880.113	0.0280168
880.248	0.0275285
880.382	0.0277117
880.516	0.0278948
880.65	0.028322
880.785	0.0271623
880.919	0.0275285
881.053	0.0271013
881.188	0.0267961
881.322	0.0272844
881.456	0.0272844
881.59	0.0271013
881.725	0.0282
881.859	0.0269792
881.993	0.0272233
882.127	0.0279558
882.262	0.0271013
882.396	0.0273454
882.53	0.0267961
882.665	0.0276506
882.799	0.0280779
882.933	0.0274675
883.067	0.0280168
883.202	0.0285052
883.336	0.0273454
883.47	0.0285052
883.604	0.0277727
883.739	0.0285052
883.873	0.0278948
884.007	0.0278948
884.142	0.0271013
884.276	0.0282
884.41	0.028322
884.544	0.0270402
884.679	0.0270402
884.813	0.0272233
884.947	0.0283831
885.081	0.0281389
885.216	0.0282
885.35	0.0274065
885.484	0.0269181
885.618	0.0279558
885.753	0.0280168
885.887	0.0274675
886.021	0.0276506
886.155	0.0281389
886.29	0.0273454
886.424	0.0276506
886.558	0.0273454
886.693	0.0285662
886.827	0.0278337
886.961	0.0280779
887.095	0.0280168
887.23	0.0269792
887.364	0.0275285
887.498	0.0271013
887.632	0.0289324
887.767	0.0276506
887.901	0.0268571
888.035	0.0275896
888.169	0.0273454
888.304	0.0280168
888.438	0.0286272
888.572	0.0273454
888.706	0.0272233
888.841	0.028322
888.975	0.0269792
889.109	0.0272233
889.243	0.0277117
889.378	0.028261
889.512	0.0275285
889.646	0.0276506
889.78	0.0277117
889.915	0.0280168
890.049	0.0277727
890.183	0.0286883
890.317	0.0279558
890.452	0.0274675
890.586	0.0278948
890.72	0.0270402
890.854	0.0276506
890.989	0.0270402
891.123	0.0267961
891.257	0.028261
891.391	0.0275896
891.526	0.0274675
891.66	0.0274675
891.794	0.0278948
891.928	0.0276506
892.063	0.0271013
892.197	0.0276506
892.331	0.0271013
892.465	0.0272233
892.6	0.0280779
892.734	0.0274675
892.868	0.0273454
893.002	0.0285662
893.137	0.0271623
893.271	0.0274065
893.405	0.028261
893.539	0.0272233
893.674	0.0272844
893.808	0.0289935
893.942	0.0275285
894.076	0.0271013
894.21	0.0274675
894.345	0.028261
894.479	0.0278337
894.613	0.0275285
894.747	0.028322
894.882	0.0272844
895.016	0.0280168
895.15	0.0280779
895.284	0.0270402
895.419	0.0275896
895.553	0.0272233
895.687	0.0275896
895.821	0.0271623
895.956	0.0282
896.09	0.0278337
896.224	0.0274675
896.358	0.0270402
896.492	0.0278337
896.627	0.0269792
896.761	0.0262467
896.895	0.0282
897.029	0.0278337
897.164	0.0278337
897.298	0.026735
897.432	0.0280779
897.566	0.0277117
897.701	0.0278337
897.835	0.0288714
897.969	0.0271623
898.103	0.0269181
898.237	0.0261246
898.372	0.0279558
898.506	0.0273454
898.64	0.0280168
898.774	0.0278948
898.909	0.0280168
899.043	0.0272844
899.177	0.0267961
899.311	0.0276506
899.445	0.0280779
899.58	0.0274675
899.714	0.0275896
899.848	0.0283831
899.982	0.0277117
900.117	0.0279558
900.251	0.0285662
900.385	0.0275896
900.519	0.0275285
900.653	0.0277727
900.788	0.0278948
900.922	0.0279558
901.056	0.0278948
901.19	0.028261
901.325	0.0269181
901.459	0.0277727
901.593	0.0273454
901.727	0.0271013
901.861	0.0284441
901.996	0.0270402
902.13	0.0268571
902.264	0.0278948
902.398	0.0275896
902.532	0.0278337
902.667	0.0269792
902.801	0.0278337
902.935	0.028322
903.069	0.028261
903.204	0.0276506
903.338	0.0275896
903.472	0.0271013
903.606	0.0289324
903.74	0.0272233
903.875	0.028261
904.009	0.0279558
904.143	0.0269792
904.277	0.0265519
904.411	0.0273454
904.546	0.0269792
904.68	0.0269792
904.814	0.0276506
904.948	0.0275896
905.082	0.028261
905.217	0.0277727
905.351	0.026613
905.485	0.028322
905.619	0.0277117
905.753	0.0277117
905.888	0.0277727
906.022	0.0281389
906.156	0.0280779
906.29	0.0282
906.424	0.0279558
906.559	0.0274675
906.693	0.0270402
906.827	0.0274675
906.961	0.0271623
907.095	0.0277117
907.23	0.0273454
907.364	0.0275285
907.498	0.0268571
907.632	0.0275285
907.766	0.0286883
907.901	0.0278337
908.035	0.0282
908.169	0.0280168
908.303	0.0274065
908.437	0.028261
908.572	0.0278337
908.706	0.0284441
908.84	0.0265519
908.974	0.0273454
909.108	0.0278337
909.243	0.0274065
909.377	0.0269181
909.511	0.0283831
909.645	0.0274675
909.779	0.028322
909.914	0.0277117
910.048	0.0272233
910.182	0.0280168
910.316	0.028322
910.45	0.0269181
910.585	0.0280779
910.719	0.0277117
910.853	0.0282
910.987	0.0278337
911.121	0.0278948
911.255	0.0271013
911.39	0.0271013
911.524	0.0271623
911.658	0.0280779
911.792	0.0272844
911.926	0.0271623
912.061	0.0271623
912.195	0.0282
912.329	0.028261
912.463	0.0274675
912.597	0.028261
912.732	0.0276506
912.866	0.0273454
913	0.0275285
913.134	0.0278948
913.268	0.0271623
913.402	0.0274675
913.537	0.0271013
913.671	0.0277117
913.805	0.026674
913.939	0.0277117
914.073	0.0272233
914.208	0.0274675
914.342	0.0273454
914.476	0.0282
914.61	0.0275896
914.744	0.0275285
914.878	0.0274675
915.013	0.0272233
915.147	0.0271013
915.281	0.0277727
915.415	0.0275285
915.549	0.0274065
915.683	0.0273454
915.818	0.0288104
915.952	0.0280779
916.086	0.0277117
916.22	0.0280779
916.354	0.0277117
916.488	0.0285052
916.623	0.0277727
916.757	0.0272844
916.891	0.0280168
917.025	0.026613
917.159	0.0277117
917.293	0.0278948
917.428	0.0272844
917.562	0.028261
917.696	0.0272233
917.83	0.0271013
917.964	0.0284441
918.098	0.0274675
918.233	0.0268571
918.367	0.0280168
918.501	0.0274675
918.635	0.0274065
918.769	0.0274675
918.903	0.0278948
919.038	0.0269792
919.172	0.0272233
919.306	0.0272233
919.44	0.0282
919.574	0.0272844
919.708	0.0283831
919.843	0.0285052
919.977	0.0267961
920.111	0.0269792
920.245	0.0277727
920.379	0.0280779
920.513	0.0286883
920.648	0.0274675
920.782	0.0277117
920.916	0.0280779
921.05	0.0277117
921.184	0.0283831
921.318	0.0275896
921.453	0.0275285
921.587	0.0273454
921.721	0.026674
921.855	0.0275285
921.989	0.0272233
922.123	0.0277117
922.257	0.0270402
922.392	0.0283831
922.526	0.0277117
922.66	0.0281389
922.794	0.0275896
922.928	0.0286272
923.062	0.028261
923.197	0.0277727
923.331	0.0280779
923.465	0.0273454
923.599	0.0280779
923.733	0.0274065
923.867	0.0287493
924.001	0.0278948
924.136	0.0287493
924.27	0.0273454
924.404	0.0274675
924.538	0.0277117
924.672	0.0272233
924.806	0.0275896
924.94	0.026735
925.075	0.0277117
925.209	0.0276506
925.343	0.0281389
925.477	0.0278337
925.611	0.0274675
925.745	0.0276506
925.879	0.0275285
926.014	0.0271013
926.148	0.0275285
926.282	0.0275285
926.416	0.028322
926.55	0.026674
926.684	0.0284441
926.818	0.0274065
926.953	0.0271623
927.087	0.0274065
927.221	0.0277727
927.355	0.0272844
927.489	0.0282
927.623	0.0269181
927.757	0.0276506
927.892	0.0270402
928.026	0.0277117
928.16	0.028322
928.294	0.0277117
928.428	0.0277117
928.562	0.0277117
928.696	0.0272233
928.831	0.0278948
928.965	0.0275896
929.099	0.0272233
929.233	0.0281389
929.367	0.0274065
929.501	0.0273454
929.635	0.0269181
929.769	0.0269792
929.904	0.0268571
930.038	0.0283831
930.172	0.0273454
930.306	0.0271013
930.44	0.0279558
930.574	0.0282
930.708	0.028261
930.843	0.0272233
930.977	0.0281389
931.111	0.0273454
931.245	0.0278337
931.379	0.0275896
931.513	0.0280168
931.647	0.0275896
931.781	0.0272844
931.916	0.0273454
932.05	0.0280168
932.184	0.0277727
932.318	0.0277727
932.452	0.0272233
932.586	0.0268571
932.72	0.0274675
932.854	0.0278337
932.989	0.0277727
933.123	0.0285052
933.257	0.0278337
933.391	0.0274675
933.525	0.0272233
933.659	0.0276506
933.793	0.0274675
933.927	0.028261
934.061	0.0286272
934.196	0.0268571
934.33	0.0273454
934.464	0.0271013
934.598	0.0280779
934.732	0.0271013
934.866	0.0267961
935	0.0269181
935.134	0.0274065
935.269	0.0277727
935.403	0.0282
935.537	0.0274675
935.671	0.0274675
935.805	0.0274675
935.939	0.0260026
936.073	0.0274065
936.207	0.0274065
936.341	0.0282
936.476	0.0278337
936.61	0.0274065
936.744	0.0285052
936.878	0.028261
937.012	0.0271623
937.146	0.0280779
937.28	0.0280779
937.414	0.0286883
937.548	0.0274065
937.683	0.0281389
937.817	0.0280168
937.951	0.0277727
938.085	0.0281389
938.219	0.0278337
938.353	0.0275896
938.487	0.0280168
938.621	0.0286272
938.755	0.028322
938.889	0.0273454
939.024	0.0285662
939.158	0.0282
939.292	0.0277117
939.426	0.028322
939.56	0.0271623
939.694	0.0272844
939.828	0.0277727
939.962	0.0283831
940.096	0.0269181
940.231	0.0272233
940.365	0.0277727
940.499	0.0274675
940.633	0.0272844
940.767	0.0269792
940.901	0.0286272
941.035	0.0280779
941.169	0.0272233
941.303	0.0280168
941.437	0.0277117
941.571	0.0269792
941.706	0.0274065
941.84	0.028261
941.974	0.028322
942.108	0.0273454
942.242	0.0280779
942.376	0.0274675
942.51	0.0283831
942.644	0.0276506
942.778	0.0281389
942.912	0.0278948
943.047	0.0265519
943.181	0.0272844
943.315	0.0284441
943.449	0.0280779
943.583	0.0278948
943.717	0.0284441
943.851	0.0285662
943.985	0.0272844
944.119	0.0278948
944.253	0.0271623
944.387	0.0279558
944.522	0.0277727
944.656	0.0275896
944.79	0.0277117
944.924	0.0282
945.058	0.0278948
945.192	0.0275285
945.326	0.0271013
945.46	0.0275896
945.594	0.0274065
945.728	0.0272844
945.862	0.0285662
945.996	0.0274065
946.131	0.0277117
946.265	0.0278948
946.399	0.0277117
946.533	0.0275285
946.667	0.0275896
946.801	0.0281389
946.935	0.0275285
947.069	0.0280168
947.203	0.0275285
947.337	0.0279558
947.471	0.0273454
947.605	0.0288714
947.739	0.0276506
947.874	0.0276506
948.008	0.0279558
948.142	0.0271623
948.276	0.0272233
948.41	0.0280168
948.544	0.0272844
948.678	0.0280168
948.812	0.0280779
948.946	0.0273454
949.08	0.0278337
949.214	0.0277117
949.348	0.0274065
949.482	0.0279558
949.617	0.0269792
949.751	0.0286883
949.885	0.0277117
950.019	0.0271013
950.153	0.0271623
950.287	0.0283831
950.421	0.0280779
950.555	0.0274675
950.689	0.0277727
950.823	0.0278948
950.957	0.0273454
951.091	0.0272844
951.225	0.0281389
951.359	0.0282
951.493	0.0271623
951.628	0.0272844
951.762	0.0271013
951.896	0.0273454
952.03	0.0280168
952.164	0.0278337
952.298	0.026735
952.432	0.0279558
952.566	0.0280779
952.7	0.0274065
952.834	0.0274065
952.968	0.026735
953.102	0.0273454
953.236	0.0279558
953.37	0.0278337
953.504	0.0278948
953.639	0.0285052
953.773	0.0275285
953.907	0.0271623
954.041	0.0280168
954.175	0.0277727
954.309	0.0268571
954.443	0.0273454
954.577	0.0280168
954.711	0.0288104
954.845	0.0277117
954.979	0.0280168
955.113	0.0277117
955.247	0.0273454
955.381	0.0272844
955.515	0.0277117
955.649	0.0275285
955.783	0.0269181
955.917	0.0264909
956.052	0.0274675
956.186	0.0285662
956.32	0.0263688
956.454	0.0274065
956.588	0.0274675
956.722	0.0278948
956.856	0.028261
956.99	0.0278948
957.124	0.0272844
957.258	0.0277727
957.392	0.0277117
957.526	0.0274065
957.66	0.0278948
957.794	0.0280779
957.928	0.0275285
958.062	0.0277727
958.196	0.028261
958.33	0.0280779
958.464	0.0274675
958.598	0.0270402
958.733	0.0277727
958.867	0.0280168
959.001	0.0274065
959.135	0.028261
959.269	0.0277117
959.403	0.0268571
959.537	0.0276506
959.671	0.0274065
959.805	0.0277117
959.939	0.0273454
960.073	0.0275896
960.207	0.0277727
960.341	0.0288104
960.475	0.0273454
960.609	0.0285052
960.743	0.0281389
960.877	0.0275896
961.011	0.0274675
961.145	0.028322
961.279	0.0272233
961.413	0.0286272
961.547	0.0275285
961.681	0.028322
961.815	0.0280779
961.949	0.0283831
962.083	0.0278337
962.218	0.0277727
962.352	0.0278337
962.486	0.0269181
962.62	0.0271623
962.754	0.0270402
962.888	0.0275896
963.022	0.0281389
963.156	0.0279558
963.29	0.0275896
963.424	0.0271013
963.558	0.0278948
963.692	0.0277727
963.826	0.0278337
963.96	0.0281389
964.094	0.0270402
964.228	0.0280779
964.362	0.0272844
964.496	0.0277117
964.63	0.0276506
964.764	0.0275896
964.898	0.0274675
965.032	0.0279558
965.166	0.0277117
965.3	0.0279558
965.434	0.0287493
965.568	0.0277117
965.702	0.0280168
965.836	0.0280168
965.97	0.0277117
966.104	0.0273454
966.238	0.0278337
966.372	0.0281389
966.506	0.0279558
966.64	0.0275285
966.774	0.0273454
966.908	0.0277727
967.043	0.0278948
967.177	0.0275896
967.311	0.0277727
967.445	0.028322
967.579	0.0276506
967.713	0.0278337
967.847	0.0278337
967.981	0.0268571
968.115	0.028261
968.249	0.0280779
968.383	0.0275285
968.517	0.0278948
968.651	0.0275896
968.785	0.0274065
968.919	0.0273454
969.053	0.0278337
969.187	0.0279558
969.321	0.0278337
969.455	0.0280779
969.589	0.0278337
969.723	0.0287493
969.857	0.0277727
969.991	0.0285052
970.125	0.0279558
970.259	0.0274065
970.393	0.0281389
970.527	0.0280168
970.661	0.0275896
970.795	0.0279558
970.929	0.0281389
971.063	0.0278948
971.197	0.0278337
971.331	0.0277727
971.465	0.0274675
971.599	0.0278337
971.733	0.0287493
971.867	0.0276506
972.001	0.0280779
972.135	0.0274065
972.269	0.0278337
972.403	0.0279558
972.537	0.0286272
972.671	0.0271623
972.805	0.0280779
972.939	0.0274675
973.073	0.0275285
973.207	0.0275896
973.341	0.0277727
973.475	0.0280168
973.609	0.0277117
973.743	0.0277727
973.877	0.0272233
974.011	0.0273454
974.145	0.0286272
974.279	0.0277117
974.413	0.0274675
974.547	0.0274675
974.681	0.026735
974.815	0.0278337
974.949	0.0275896
975.083	0.0263688
975.217	0.0276506
975.351	0.0264298
975.485	0.0277727
975.619	0.0286272
975.753	0.0277727
975.887	0.0274675
976.021	0.0277727
976.155	0.0275285
976.289	0.0261857
976.423	0.028322
976.557	0.0281389
976.691	0.0272233
976.825	0.0276506
976.959	0.0270402
977.093	0.0277727
977.227	0.0277727
977.361	0.0278337
977.495	0.0282
977.629	0.0274675
977.763	0.0272844
977.897	0.0280779
978.031	0.026613
978.165	0.0272233
978.299	0.0271013
978.433	0.0278337
978.567	0.0282
978.701	0.0280779
978.835	0.0271013
978.969	0.0285052
979.103	0.0281389
979.237	0.0273454
979.371	0.0271623
979.505	0.0283831
979.639	0.0268571
979.773	0.0283831
979.907	0.0272233
980.041	0.0283831
980.175	0.0278337
980.308	0.0276506
980.442	0.0272844
980.576	0.0279558
980.71	0.0274675
980.844	0.0279558
980.978	0.0271623
981.112	0.028322
981.246	0.0276506
981.38	0.0277727
981.514	0.0271013
981.648	0.028322
981.782	0.0274675
981.916	0.0286883
982.05	0.0275285
982.184	0.0275896
982.318	0.0272844
982.452	0.028261
982.586	0.0275896
982.72	0.0277727
982.854	0.0271013
982.988	0.0277117
983.122	0.028322
983.256	0.0285662
983.39	0.0280168
983.524	0.0278948
983.658	0.028261
983.792	0.0270402
983.926	0.028322
984.06	0.0284441
984.194	0.0280168
984.328	0.0275285
984.462	0.0277117
984.596	0.0278337
984.73	0.0271623
984.864	0.0279558
984.998	0.028322
985.132	0.0272844
985.265	0.0275285
985.399	0.0277117
985.533	0.0277117
985.667	0.0278337
985.801	0.0277727
985.935	0.028322
986.069	0.0271623
986.203	0.0272233
986.337	0.0279558
986.471	0.0274675
986.605	0.0272844
986.739	0.0277727
986.873	0.0274065
987.007	0.0286272
987.141	0.0276506
987.275	0.0277727
987.409	0.0274675
987.543	0.0284441
987.677	0.0274065
987.811	0.0278948
987.945	0.0277117
988.079	0.0271013
988.213	0.0277117
988.347	0.0278337
988.481	0.0278948
988.614	0.0272844
988.748	0.0271623
988.882	0.0275896
989.016	0.0274065
989.15	0.0275285
989.284	0.0282
989.418	0.0272233
989.552	0.0280168
989.686	0.0278337
989.82	0.0275896
989.954	0.0274675
990.088	0.0281389
990.222	0.026674
990.356	0.0278337
990.49	0.0273454
990.624	0.0274065
990.758	0.0270402
990.892	0.0278948
991.026	0.0278337
991.16	0.0278948
991.294	0.0280779
991.427	0.026613
991.561	0.0279558
991.695	0.0275285
991.829	0.0280168
991.963	0.0275896
992.097	0.0273454
992.231	0.028322
992.365	0.0277727
992.499	0.028322
992.633	0.028322
992.767	0.0278948
992.901	0.0273454
993.035	0.0276506
993.169	0.0278948
993.303	0.0272844
993.437	0.0277117
993.571	0.0273454
993.704	0.0274065
993.838	0.0278337
993.972	0.0276506
994.106	0.0274675
994.24	0.0279558
994.374	0.0275285
994.508	0.0277117
994.642	0.0271013
994.776	0.0281389
994.91	0.0273454
995.044	0.0273454
995.178	0.0280168
995.312	0.0277727
995.446	0.0279558
995.58	0.0278948
995.714	0.0274065
995.847	0.0276506
995.981	0.0277117
996.115	0.0275285
996.249	0.028261
996.383	0.026735
996.517	0.0279558
996.651	0.0276506
996.785	0.0274675
996.919	0.0272233
997.053	0.028261
997.187	0.0275285
997.321	0.0277727
997.455	0.0281389
997.589	0.0282
997.722	0.0286272
997.856	0.0272844
997.99	0.0272844
998.124	0.0278948
998.258	0.0271013
998.392	0.0278948
998.526	0.0275285
998.66	0.0276506
998.794	0.0272233
998.928	0.0278948
999.062	0.0272233
999.196	0.0272233
999.33	0.026735
999.464	0.0280779
999.597	0.0264298
999.731	0.0273454
999.865	0.0277727
999.999	0.0275896
1000.13	0.0276506
1000.27	0.0271013
1000.4	0.0278948
1000.53	0.0277117
1000.67	0.0272844
1000.8	0.0274065
1000.94	0.0274675
1001.07	0.0271013
1001.2	0.0273454
1001.34	0.0269792
1001.47	0.0277727
1001.61	0.0282
1001.74	0.028261
1001.87	0.0274675
1002.01	0.0279558
1002.14	0.0277727
1002.28	0.0278337
1002.41	0.026735
1002.54	0.0284441
1002.68	0.0270402
1002.81	0.0276506
1002.95	0.0275285
1003.08	0.0273454
1003.21	0.0275896
1003.35	0.0270402
1003.48	0.0264909
1003.61	0.0286883
1003.75	0.0281389
1003.88	0.0277727
1004.02	0.0278948
1004.15	0.0280779
1004.28	0.0270402
1004.42	0.0275285
1004.55	0.0282
1004.69	0.0278948
1004.82	0.0280168
1004.95	0.0271623
1005.09	0.0268571
1005.22	0.0275896
1005.36	0.0272233
1005.49	0.0269792
1005.62	0.0280168
1005.76	0.0272844
1005.89	0.0270402
1006.03	0.0280168
1006.16	0.0277727
1006.29	0.0279558
1006.43	0.0277727
1006.56	0.0274675
1006.69	0.0278948
1006.83	0.0275285
1006.96	0.0274065
1007.1	0.0285052
1007.23	0.0274675
1007.36	0.0269792
1007.5	0.0277117
1007.63	0.0282
1007.77	0.0273454
1007.9	0.028261
1008.03	0.0278948
1008.17	0.0274065
1008.3	0.0281389
1008.44	0.0274675
1008.57	0.0275285
1008.7	0.0282
1008.84	0.0275285
1008.97	0.0276506
1009.1	0.028261
1009.24	0.0281389
1009.37	0.0274675
1009.51	0.0277727
1009.64	0.0276506
1009.77	0.0275285
1009.91	0.0272844
1010.04	0.0280168
1010.18	0.026674
1010.31	0.0274065
1010.44	0.0278337
1010.58	0.0273454
1010.71	0.0277117
1010.85	0.0278337
1010.98	0.0272233
1011.11	0.0275285
1011.25	0.0278337
1011.38	0.0278948
1011.51	0.0281389
1011.65	0.0290545
1011.78	0.0279558
1011.92	0.0282
1012.05	0.0275285
1012.18	0.0276506
1012.32	0.0278337
1012.45	0.0272233
1012.59	0.0277727
1012.72	0.0271623
1012.85	0.0275896
1012.99	0.0282
1013.12	0.0284441
1013.26	0.0274675
1013.39	0.0274065
1013.52	0.0271623
1013.66	0.0278337
1013.79	0.0277727
1013.92	0.0274675
1014.06	0.0271013
1014.19	0.0285052
1014.33	0.0276506
1014.46	0.0272844
1014.59	0.0277117
1014.73	0.0288104
1014.86	0.0277117
1015	0.0277117
1015.13	0.028261
1015.26	0.0268571
1015.4	0.0280779
1015.53	0.0277727
1015.67	0.0281389
1015.8	0.0275896
1015.93	0.0278337
1016.07	0.0269792
1016.2	0.0283831
1016.33	0.0275285
1016.47	0.0278948
1016.6	0.0275285
1016.74	0.0273454
1016.87	0.0280779
1017	0.0274675
1017.14	0.0273454
1017.27	0.0280168
1017.41	0.0271623
1017.54	0.0280779
1017.67	0.0277727
1017.81	0.0269181
1017.94	0.0282
1018.07	0.0273454
1018.21	0.0280779
1018.34	0.0278948
1018.48	0.0281389
1018.61	0.0281389
1018.74	0.0282
1018.88	0.0276506
1019.01	0.0275285
1019.15	0.0281389
1019.28	0.0270402
1019.41	0.0279558
1019.55	0.0270402
1019.68	0.0280779
1019.82	0.0287493
1019.95	0.0277727
1020.08	0.0288104
1020.22	0.0280779
1020.35	0.0281389
1020.48	0.0284441
1020.62	0.0274675
1020.75	0.0280168
1020.89	0.028322
1021.02	0.0276506
1021.15	0.0264909
1021.29	0.0280779
1021.42	0.0267961
1021.56	0.0278948
1021.69	0.0277727
1021.82	0.0282
1021.96	0.0274675
1022.09	0.0279558
1022.22	0.0281389
1022.36	0.0275896
1022.49	0.0277727
1022.63	0.0277117
1022.76	0.0272233
1022.89	0.0272233
1023.03	0.0272233
1023.16	0.0280779
1023.3	0.0276506
1023.43	0.0286272
1023.56	0.0274065
1023.7	0.0277117
1023.83	0.0272844
1023.96	0.0271623
1024.1	0.0274065
1024.23	0.0280168
1024.37	0.0277117
1024.5	0.0278337
1024.63	0.0270402
1024.77	0.0270402
1024.9	0.0287493
1025.04	0.0279558
1025.17	0.0275896
1025.3	0.0277727
1025.44	0.0276506
1025.57	0.0268571
1025.7	0.0277727
1025.84	0.0275285
1025.97	0.0278337
1026.11	0.0279558
1026.24	0.0272233
1026.37	0.0279558
1026.51	0.0271623
1026.64	0.0272844
1026.78	0.0270402
1026.91	0.0282
1027.04	0.0274065
1027.18	0.0274675
1027.31	0.0268571
1027.44	0.0283831
1027.58	0.0273454
1027.71	0.0275285
1027.85	0.0279558
1027.98	0.0272844
1028.11	0.0281389
1028.25	0.0282
1028.38	0.0272233
1028.52	0.0281389
1028.65	0.0278337
1028.78	0.0280779
1028.92	0.0269181
1029.05	0.0275285
1029.18	0.0271623
1029.32	0.0280779
1029.45	0.0273454
1029.59	0.0268571
1029.72	0.0276506
1029.85	0.0276506
1029.99	0.0280168
1030.12	0.0292987
1030.26	0.0269792
1030.39	0.0286272
1030.52	0.0275285
1030.66	0.0282
1030.79	0.0269181
1030.92	0.0269181
1031.06	0.0272233
1031.19	0.0277727
1031.33	0.0277117
1031.46	0.0282
1031.59	0.0269181
1031.73	0.0271623
1031.86	0.0282
1031.99	0.0278337
1032.13	0.028322
1032.26	0.0275896
1032.4	0.0274675
1032.53	0.0275285
1032.66	0.0272844
1032.8	0.0278948
1032.93	0.028322
1033.07	0.0276506
1033.2	0.0274065
1033.33	0.0277727
1033.47	0.0275896
1033.6	0.0283831
1033.73	0.0271623
1033.87	0.0277117
1034	0.0282
1034.14	0.0278337
1034.27	0.0267961
1034.4	0.0275285
1034.54	0.0272233
1034.67	0.0273454
1034.81	0.0280779
1034.94	0.0276506
1035.07	0.0274065
1035.21	0.0275896
1035.34	0.0274675
1035.47	0.0270402
1035.61	0.0274065
1035.74	0.0279558
1035.88	0.0267961
1036.01	0.0280779
1036.14	0.0277117
1036.28	0.0282
1036.41	0.0277727
1036.54	0.0280168
1036.68	0.0275896
1036.81	0.0284441
1036.95	0.0274675
1037.08	0.0269792
1037.21	0.0271013
1037.35	0.0272844
1037.48	0.0280779
1037.62	0.0272844
1037.75	0.0269792
1037.88	0.0282
1038.02	0.0278948
1038.15	0.0286272
1038.28	0.0278948
1038.42	0.0281389
1038.55	0.0268571
1038.69	0.0272233
1038.82	0.0276506
1038.95	0.0272233
1039.09	0.0272844
1039.22	0.0281389
1039.35	0.0274675
1039.49	0.0273454
1039.62	0.028322
1039.76	0.0277117
1039.89	0.0280168
1040.02	0.0282
1040.16	0.0272844
1040.29	0.0275285
1040.43	0.0280779
1040.56	0.0269181
1040.69	0.0265519
1040.83	0.0272844
1040.96	0.0274065
1041.09	0.0277727
1041.23	0.0278337
1041.36	0.0270402
1041.5	0.026735
1041.63	0.0270402
1041.76	0.0278337
1041.9	0.0287493
1042.03	0.026735
1042.16	0.0278948
1042.3	0.0277117
1042.43	0.0274065
1042.57	0.0279558
1042.7	0.0274065
1042.83	0.0280779
1042.97	0.0272233
1043.1	0.0278337
1043.23	0.0269792
1043.37	0.0274065
1043.5	0.0272844
1043.64	0.0264909
1043.77	0.0270402
1043.9	0.0275285
1044.04	0.0274065
1044.17	0.0281389
1044.31	0.0275285
1044.44	0.0277727
1044.57	0.0279558
1044.71	0.0278337
1044.84	0.0269181
1044.97	0.0275285
1045.11	0.0275896
1045.24	0.0274675
1045.38	0.0276506
1045.51	0.0272233
1045.64	0.0275285
1045.78	0.0274065
1045.91	0.0285662
1046.04	0.0275285
1046.18	0.0275896
1046.31	0.0278948
1046.45	0.0290545
1046.58	0.0279558
1046.71	0.0286272
1046.85	0.0279558
1046.98	0.0272844
1047.11	0.026613
1047.25	0.028261
1047.38	0.0268571
1047.52	0.0275285
1047.65	0.0269181
1047.78	0.028261
1047.92	0.0275285
1048.05	0.0277117
1048.18	0.0280168
1048.32	0.0276506
1048.45	0.0270402
1048.59	0.0283831
1048.72	0.0276506
1048.85	0.0274065
1048.99	0.028261
1049.12	0.0271013
1049.25	0.0277727
1049.39	0.028261
1049.52	0.0275285
1049.66	0.0283831
1049.79	0.0283831
1049.92	0.0280168
1050.06	0.028261
1050.19	0.0285662
1050.33	0.0277727
1050.46	0.0274675
1050.59	0.0272844
1050.73	0.0274065
1050.86	0.0273454
1050.99	0.0282
1051.13	0.0273454
1051.26	0.028261
1051.4	0.0280168
1051.53	0.0275285
1051.66	0.0274065
1051.8	0.0274675
1051.93	0.0277117
1052.06	0.0263078
1052.2	0.0275896
1052.33	0.0281389
1052.47	0.0272844
1052.6	0.0272233
1052.73	0.0277727
1052.87	0.0283831
1053	0.0275896
1053.13	0.0277727
1053.27	0.0280168
1053.4	0.0271623
1053.54	0.0274675
1053.67	0.0272233
1053.8	0.0271623
1053.94	0.0269792
1054.07	0.0275285
1054.2	0.0280168
1054.34	0.0268571
1054.47	0.0275285
1054.61	0.0283831
1054.74	0.0270402
1054.87	0.0278337
1055.01	0.0273454
1055.14	0.0274675
1055.27	0.0281389
1055.41	0.0282
1055.54	0.0272844
1055.68	0.0272844
1055.81	0.0287493
1055.94	0.0271623
1056.08	0.0278337
1056.21	0.028261
1056.34	0.0276506
1056.48	0.0281389
1056.61	0.0269181
1056.75	0.0268571
1056.88	0.0265519
1057.01	0.0272844
1057.15	0.0278337
1057.28	0.0277117
1057.41	0.0275896
1057.55	0.0277727
1057.68	0.0276506
1057.82	0.0275285
1057.95	0.0278337
1058.08	0.0278948
1058.22	0.0268571
1058.35	0.0279558
1058.48	0.0277727
1058.62	0.0273454
1058.75	0.026674
1058.89	0.0275896
1059.02	0.0281389
1059.15	0.028261
1059.29	0.0274675
1059.42	0.0269792
1059.55	0.0276506
1059.69	0.0273454
1059.82	0.0277727
1059.96	0.0275285
1060.09	0.0287493
1060.22	0.0277727
1060.36	0.0273454
1060.49	0.0275285
1060.62	0.0281389
1060.76	0.0271623
1060.89	0.0277727
1061.03	0.0269181
1061.16	0.0275896
1061.29	0.0286272
1061.43	0.0276506
1061.56	0.0278948
1061.69	0.0278337
1061.83	0.0274065
1061.96	0.0278337
1062.1	0.0274675
1062.23	0.028322
1062.36	0.0278948
1062.5	0.0278948
1062.63	0.0279558
1062.76	0.0277727
1062.9	0.0279558
1063.03	0.0278948
1063.17	0.0275896
1063.3	0.0278337
1063.43	0.0273454
1063.57	0.0282
1063.7	0.0272844
1063.83	0.0274675
1063.97	0.0276506
1064.1	0.028322
1064.23	0.0282
1064.37	0.0275285
1064.5	0.0285052
1064.64	0.0287493
1064.77	0.028322
1064.9	0.028322
1065.04	0.0277117
1065.17	0.0279558
1065.3	0.0281389
1065.44	0.0269181
1065.57	0.0278948
1065.71	0.0272844
1065.84	0.0285662
1065.97	0.0275896
1066.11	0.0276506
1066.24	0.0278337
1066.37	0.0272844
1066.51	0.0275285
1066.64	0.0272844
1066.78	0.0278337
1066.91	0.028261
1067.04	0.0265519
1067.18	0.0283831
1067.31	0.0275285
1067.44	0.0282
1067.58	0.0272233
1067.71	0.0271623
1067.85	0.0278948
1067.98	0.0275896
1068.11	0.0276506
1068.25	0.0274065
1068.38	0.0282
1068.51	0.0275285
1068.65	0.0268571
1068.78	0.0274675
1068.92	0.0284441
1069.05	0.0277727
1069.18	0.0286272
1069.32	0.0278948
1069.45	0.0274065
1069.58	0.0277117
1069.72	0.0271623
1069.85	0.0275896
1069.98	0.0272233
1070.12	0.0278948
1070.25	0.0271623
1070.39	0.0280168
1070.52	0.0277727
1070.65	0.0277117
1070.79	0.0278948
1070.92	0.0280168
1071.05	0.0271623
1071.19	0.0289324
1071.32	0.0280779
1071.46	0.0274065
1071.59	0.028261
1071.72	0.0277727
1071.86	0.028261
1071.99	0.0280168
1072.12	0.0276506
1072.26	0.0273454
1072.39	0.0279558
1072.53	0.0279558
1072.66	0.028322
1072.79	0.0275896
1072.93	0.0278948
1073.06	0.0275896
1073.19	0.0274675
1073.33	0.0271013
1073.46	0.0274065
1073.59	0.0282
1073.73	0.0285662
1073.86	0.0269792
1074	0.0274675
1074.13	0.0279558
1074.26	0.0273454
1074.4	0.0278337
1074.53	0.0279558
1074.66	0.0275285
1074.8	0.0273454
1074.93	0.0271013
1075.07	0.026735
1075.2	0.0272233
1075.33	0.0280168
1075.47	0.0276506
1075.6	0.0280168
1075.73	0.0263078
1075.87	0.0280779
1076	0.026735
1076.14	0.0282
1076.27	0.0276506
1076.4	0.0277727
1076.54	0.0274675
1076.67	0.0285052
1076.8	0.0274675
1076.94	0.0279558
1077.07	0.026674
1077.2	0.0272844
1077.34	0.028261
1077.47	0.0272233
1077.61	0.0276506
1077.74	0.0274065
1077.87	0.0281389
1078.01	0.0274675
1078.14	0.0274065
1078.27	0.0275285
1078.41	0.0280168
1078.54	0.0267961
1078.68	0.0277117
1078.81	0.0276506
1078.94	0.0274675
1079.08	0.0281389
1079.21	0.0283831
1079.34	0.026674
1079.48	0.0282
1079.61	0.0275896
1079.74	0.0273454
1079.88	0.0271623
1080.01	0.0281389
1080.15	0.0275285
1080.28	0.0289935
1080.41	0.0280779
1080.55	0.0274065
1080.68	0.0280168
1080.81	0.0269792
1080.95	0.0276506
1081.08	0.0278337
1081.22	0.0278337
1081.35	0.0271623
1081.48	0.0277727
1081.62	0.028261
1081.75	0.0277727
1081.88	0.0272844
1082.02	0.0279558
1082.15	0.0272844
1082.28	0.0283831
1082.42	0.028261
1082.55	0.0276506
1082.69	0.0270402
1082.82	0.0274065
1082.95	0.0281389
1083.09	0.0277117
1083.22	0.0268571
1083.35	0.0279558
1083.49	0.0282
1083.62	0.0270402
1083.75	0.0272233
1083.89	0.028322
1084.02	0.0275285
1084.16	0.0277117
1084.29	0.0277727
1084.42	0.0271013
1084.56	0.0277727
1084.69	0.0272844
1084.82	0.028322
1084.96	0.0286272
1085.09	0.0280168
1085.23	0.026735
1085.36	0.0280779
1085.49	0.0277117
1085.63	0.0285052
1085.76	0.0279558
1085.89	0.0272844
1086.03	0.0271623
1086.16	0.0277117
1086.29	0.0281389
1086.43	0.0280779
1086.56	0.0278337
1086.7	0.026735
1086.83	0.0274065
1086.96	0.0275285
1087.1	0.0272233
1087.23	0.0271013
1087.36	0.026674
1087.5	0.0272233
1087.63	0.0276506
1087.76	0.0277727
1087.9	0.0264909
1088.03	0.0272233
1088.17	0.0275896
1088.3	0.0273454
1088.43	0.0269792
1088.57	0.0281389
1088.7	0.0277727
1088.83	0.0280779
1088.97	0.0285662
1089.1	0.0271623
1089.24	0.028322
1089.37	0.0274675
1089.5	0.0279558
1089.64	0.0267961
1089.77	0.0276506
1089.9	0.0272844
1090.04	0.0282
1090.17	0.0281389
1090.3	0.026674
1090.44	0.0278948
1090.57	0.0278948
1090.71	0.0282
1090.84	0.0269792
1090.97	0.0280168
1091.11	0.0286272
1091.24	0.0271013
1091.37	0.0270402
1091.51	0.0276506
1091.64	0.0274065
1091.77	0.0275896
1091.91	0.0277117
1092.04	0.0280168
1092.18	0.0273454
1092.31	0.0275896
1092.44	0.0276506
1092.58	0.0273454
1092.71	0.0275896
1092.84	0.0277727
1092.98	0.0282
1093.11	0.0279558
1093.24	0.026735
1093.38	0.0268571
1093.51	0.0275285
1093.65	0.0280779
1093.78	0.0283831
1093.91	0.0288104
1094.05	0.0283831
1094.18	0.0272233
1094.31	0.0278948
1094.45	0.0279558
1094.58	0.0274675
1094.71	0.0281389
1094.85	0.0275896
1094.98	0.0281389
1095.12	0.0274675
1095.25	0.0276506
1095.38	0.0269181
1095.52	0.0273454
1095.65	0.0278948
1095.78	0.0267961
1095.92	0.0270402
1096.05	0.0271013
1096.18	0.028322
1096.32	0.0278337
1096.45	0.0272844
1096.59	0.0273454
1096.72	0.0276506
1096.85	0.0272844
1096.99	0.0278948
1097.12	0.0282
1097.25	0.0281389
1097.39	0.0274065
1097.52	0.026735
1097.65	0.0279558
1097.79	0.0274065
1097.92	0.0283831
1098.06	0.0280168
1098.19	0.0277117
1098.32	0.0271013
1098.46	0.0272844
1098.59	0.0277727
1098.72	0.0275896
1098.86	0.0275285
1098.99	0.0274065
1099.12	0.0279558
1099.26	0.0274065
1099.39	0.0275285
1099.53	0.026674
1099.66	0.0277727
1099.79	0.0275896
1099.93	0.0277727
1100.06	0.0272233
1100.19	0.0282
1100.33	0.0275285
1100.46	0.0280168
1100.59	0.0267961
1100.73	0.0278337
1100.86	0.0272233
1100.99	0.0286883
1101.13	0.0277117
1101.26	0.0275285
1101.4	0.0277727
1101.53	0.0277727
1101.66	0.0272844
1101.8	0.0278337
1101.93	0.0275285
1102.06	0.028261
1102.2	0.0272233
1102.33	0.0281389
1102.46	0.0271623
1102.6	0.028322
1102.73	0.0268571
1102.87	0.0275896
1103	0.0280779
1103.13	0.0278337
1103.27	0.0282
1103.4	0.0280168
1103.53	0.0278337
1103.67	0.0280168
1103.8	0.0279558
1103.93	0.0278337
1104.07	0.0282
1104.2	0.0271623
1104.34	0.0284441
1104.47	0.0272844
1104.6	0.0281389
1104.74	0.0284441
1104.87	0.0276506
1105	0.0278948
1105.14	0.0280779
1105.27	0.028322
1105.4	0.0278337
1105.54	0.0278337
1105.67	0.0272233
1105.8	0.0274675
1105.94	0.0275285
1106.07	0.0277117
1106.21	0.0271013
1106.34	0.0277727
1106.47	0.0277117
1106.61	0.0278948
1106.74	0.0273454
1106.87	0.0280168
1107.01	0.0276506
1107.14	0.0283831
1107.27	0.0289324
1107.41	0.0279558
1107.54	0.0278948

