Source: Spectrum Viewer

Chart: Pulse Spectrum

Series: 
Wavelength (nm)	S (a.u.)
617.638	0.0280779
617.773	0.0274675
617.908	0.0271623
618.043	0.0272233
618.178	0.0271623
618.313	0.0271013
618.448	0.0264909
618.583	0.0285662
618.718	0.0271013
618.853	0.0280779
618.988	0.0275285
619.123	0.0280168
619.258	0.0277117
619.394	0.0271623
619.529	0.0277727
619.664	0.0270402
619.799	0.0273454
619.934	0.0269792
620.069	0.028261
620.204	0.0271013
620.339	0.0282
620.474	0.0269792
620.609	0.0284441
620.744	0.0282
620.879	0.0277727
621.014	0.0277117
621.149	0.0278948
621.284	0.0272233
621.419	0.028322
621.554	0.0272844
621.689	0.0272233
621.825	0.0267961
621.96	0.0281389
622.095	0.0286883
622.23	0.0270402
622.365	0.0274675
622.5	0.0280168
622.635	0.0279558
622.77	0.0273454
622.905	0.0277117
623.04	0.0278948
623.175	0.0277727
623.31	0.0278948
623.445	0.0291766
623.58	0.0272233
623.715	0.0275896
623.85	0.0276506
623.985	0.0278337
624.12	0.0277117
624.255	0.0265519
624.39	0.0272233
624.525	0.0275896
624.661	0.0271623
624.796	0.0276506
624.931	0.0273454
625.066	0.0285052
625.201	0.0273454
625.336	0.0283831
625.471	0.0269181
625.606	0.0275896
625.741	0.0273454
625.876	0.0275896
626.011	0.0276506
626.146	0.0269792
626.281	0.0277117
626.416	0.0273454
626.551	0.0277727
626.686	0.0278948
626.821	0.0285052
626.956	0.0288104
627.091	0.0271623
627.226	0.0279558
627.361	0.0284441
627.496	0.0277117
627.631	0.0274065
627.766	0.0275285
627.901	0.028261
628.036	0.0271013
628.171	0.0274065
628.307	0.0274065
628.442	0.0274675
628.577	0.0275285
628.712	0.026674
628.847	0.0272844
628.982	0.0264298
629.117	0.0280168
629.252	0.0280779
629.387	0.0275896
629.522	0.0270402
629.657	0.0276506
629.792	0.0281389
629.927	0.0275285
630.062	0.0268571
630.197	0.0275896
630.332	0.0274065
630.467	0.0271013
630.602	0.0275896
630.737	0.0277117
630.872	0.0279558
631.007	0.0282
631.142	0.0269792
631.277	0.0276506
631.412	0.0277727
631.547	0.0278948
631.682	0.0275896
631.817	0.0271013
631.952	0.0280779
632.087	0.0278948
632.222	0.0277117
632.357	0.0275896
632.492	0.0276506
632.627	0.0274675
632.762	0.0279558
632.897	0.0276506
633.032	0.0279558
633.167	0.0272233
633.302	0.0272233
633.437	0.028322
633.572	0.0275896
633.707	0.0259415
633.842	0.0283831
633.978	0.0277727
634.113	0.0278337
634.248	0.0285052
634.383	0.0278948
634.518	0.0280168
634.653	0.0280779
634.788	0.0274675
634.923	0.0272233
635.058	0.0274065
635.193	0.0281389
635.328	0.0276506
635.463	0.0274675
635.598	0.0279558
635.733	0.0286272
635.868	0.0282
636.003	0.0272233
636.138	0.0279558
636.273	0.0278337
636.408	0.0283831
636.543	0.0271623
636.678	0.0273454
636.813	0.0276506
636.948	0.0272844
637.083	0.0281389
637.218	0.0277727
637.353	0.0271623
637.488	0.0276506
637.623	0.0286272
637.758	0.0275285
637.893	0.0275285
638.028	0.0277727
638.163	0.0277727
638.298	0.0275285
638.433	0.0278337
638.568	0.0286272
638.703	0.0280168
638.838	0.0282
638.973	0.0271623
639.108	0.0277727
639.243	0.0278337
639.378	0.0278337
639.513	0.0283831
639.648	0.0275896
639.783	0.0269792
639.918	0.028261
640.053	0.0275896
640.188	0.0278948
640.323	0.0276506
640.458	0.0274675
640.593	0.028322
640.728	0.0280779
640.863	0.0277727
640.998	0.0276506
641.133	0.0271013
641.268	0.028322
641.403	0.0282
641.538	0.0269792
641.673	0.026613
641.808	0.0272844
641.943	0.0269792
642.078	0.0283831
642.213	0.0275285
642.348	0.0283831
642.483	0.0278337
642.618	0.0274065
642.753	0.0269792
642.888	0.0281389
643.023	0.0280168
643.158	0.0272233
643.293	0.0277117
643.428	0.0269181
643.563	0.0274675
643.698	0.0269792
643.833	0.0277727
643.968	0.0279558
644.103	0.0281389
644.237	0.0278337
644.372	0.0275896
644.507	0.0275285
644.642	0.0269792
644.777	0.028322
644.912	0.0277727
645.047	0.0280168
645.182	0.0279558
645.317	0.0278948
645.452	0.0275285
645.587	0.0277727
645.722	0.0277117
645.857	0.0271013
645.992	0.0281389
646.127	0.0283831
646.262	0.028322
646.397	0.0274675
646.532	0.0277117
646.667	0.0270402
646.802	0.0276506
646.937	0.0280168
647.072	0.0271623
647.207	0.0278948
647.342	0.0280168
647.477	0.0273454
647.612	0.0276506
647.747	0.0281389
647.882	0.026613
648.017	0.0277727
648.152	0.0272233
648.287	0.0274675
648.422	0.0277117
648.557	0.0272233
648.692	0.0278948
648.827	0.0280779
648.962	0.0272844
649.097	0.0281389
649.232	0.028261
649.367	0.0271623
649.502	0.0277727
649.637	0.0272844
649.772	0.0273454
649.906	0.0277117
650.041	0.0271623
650.176	0.0276506
650.311	0.028261
650.446	0.0271623
650.581	0.0284441
650.716	0.0274675
650.851	0.0272844
650.986	0.0285662
651.121	0.0282
651.256	0.0285052
651.391	0.0283831
651.526	0.0274065
651.661	0.0269792
651.796	0.0275285
651.931	0.028322
652.066	0.026735
652.201	0.0277117
652.336	0.0276506
652.471	0.0265519
652.606	0.0278337
652.741	0.0279558
652.876	0.0277117
653.011	0.0278337
653.146	0.0275285
653.281	0.0285662
653.415	0.0274675
653.55	0.0277727
653.685	0.0271623
653.82	0.0279558
653.955	0.0269792
654.09	0.0273454
654.225	0.0282
654.36	0.0275285
654.495	0.0269181
654.63	0.0278948
654.765	0.0274065
654.9	0.0283831
655.035	0.0275285
655.17	0.0271623
655.305	0.0270402
655.44	0.0274675
655.575	0.0278948
655.71	0.0274065
655.845	0.0271013
655.98	0.0278948
656.115	0.0274675
656.25	0.0281389
656.384	0.0270402
656.519	0.0270402
656.654	0.0283831
656.789	0.028261
656.924	0.0280168
657.059	0.0272233
657.194	0.0283831
657.329	0.026735
657.464	0.0271623
657.599	0.0276506
657.734	0.0285052
657.869	0.0276506
658.004	0.0278337
658.139	0.0272233
658.274	0.0277117
658.409	0.0281389
658.544	0.0271623
658.679	0.028261
658.813	0.0277117
658.948	0.0280779
659.083	0.0279558
659.218	0.0275285
659.353	0.0277117
659.488	0.0268571
659.623	0.0272233
659.758	0.0279558
659.893	0.0271623
660.028	0.0277727
660.163	0.0283831
660.298	0.0275896
660.433	0.0289324
660.568	0.0280779
660.703	0.0273454
660.838	0.0272233
660.972	0.0280168
661.107	0.0281389
661.242	0.0273454
661.377	0.0274065
661.512	0.0270402
661.647	0.0275896
661.782	0.0278337
661.917	0.0269792
662.052	0.028261
662.187	0.0272233
662.322	0.0275285
662.457	0.0277117
662.592	0.0272233
662.727	0.028261
662.862	0.0273454
662.996	0.0275896
663.131	0.0278337
663.266	0.0276506
663.401	0.0274675
663.536	0.0279558
663.671	0.0280168
663.806	0.0274065
663.941	0.0263078
664.076	0.0274675
664.211	0.0268571
664.346	0.0276506
664.481	0.0272844
664.616	0.0267961
664.75	0.0274675
664.885	0.0283831
665.02	0.0274675
665.155	0.0277727
665.29	0.0274065
665.425	0.0289935
665.56	0.0277117
665.695	0.0281389
665.83	0.0279558
665.965	0.0280168
666.1	0.0274065
666.235	0.0280779
666.37	0.028261
666.504	0.0282
666.639	0.0277117
666.774	0.0281389
666.909	0.0276506
667.044	0.0274675
667.179	0.0279558
667.314	0.0272844
667.449	0.0274675
667.584	0.0286272
667.719	0.0277117
667.854	0.0269792
667.989	0.0279558
668.123	0.0280779
668.258	0.028261
668.393	0.0277117
668.528	0.0273454
668.663	0.0273454
668.798	0.0275285
668.933	0.0277117
669.068	0.0277727
669.203	0.0275285
669.338	0.0280168
669.473	0.0285662
669.607	0.0281389
669.742	0.0285052
669.877	0.0278337
670.012	0.0272844
670.147	0.028322
670.282	0.0275896
670.417	0.0278337
670.552	0.0279558
670.687	0.0280779
670.822	0.0272233
670.957	0.028261
671.091	0.0273454
671.226	0.0275896
671.361	0.0280779
671.496	0.0283831
671.631	0.0270402
671.766	0.0276506
671.901	0.0274065
672.036	0.0286883
672.171	0.0286272
672.306	0.0269792
672.44	0.0278337
672.575	0.0278948
672.71	0.0280168
672.845	0.0271623
672.98	0.0275896
673.115	0.028261
673.25	0.0279558
673.385	0.0277727
673.52	0.0272233
673.655	0.0281389
673.789	0.0276506
673.924	0.0280779
674.059	0.0275896
674.194	0.0278337
674.329	0.0271623
674.464	0.0275285
674.599	0.0274065
674.734	0.0274065
674.869	0.0265519
675.003	0.0267961
675.138	0.026735
675.273	0.0277727
675.408	0.0269181
675.543	0.0276506
675.678	0.0272233
675.813	0.0278337
675.948	0.0275896
676.083	0.0272844
676.217	0.0277117
676.352	0.0268571
676.487	0.0277117
676.622	0.0274065
676.757	0.0274675
676.892	0.0275285
677.027	0.0275285
677.162	0.0271013
677.297	0.0278337
677.431	0.0269792
677.566	0.0273454
677.701	0.0278337
677.836	0.0274675
677.971	0.0274065
678.106	0.0274675
678.241	0.0279558
678.376	0.026613
678.511	0.0270402
678.645	0.0277727
678.78	0.0285052
678.915	0.0274675
679.05	0.0285052
679.185	0.0281389
679.32	0.0283831
679.455	0.0274675
679.59	0.0280779
679.724	0.0285662
679.859	0.0279558
679.994	0.0281389
680.129	0.0280168
680.264	0.0278337
680.399	0.0275896
680.534	0.0277727
680.669	0.0272233
680.803	0.0278337
680.938	0.0277117
681.073	0.0271013
681.208	0.026674
681.343	0.0275285
681.478	0.0277117
681.613	0.0270402
681.748	0.0274675
681.882	0.0278337
682.017	0.0271623
682.152	0.0278948
682.287	0.0269792
682.422	0.0286883
682.557	0.0280779
682.692	0.026613
682.827	0.0279558
682.961	0.0278337
683.096	0.0267961
683.231	0.0269181
683.366	0.0281389
683.501	0.028322
683.636	0.0274675
683.771	0.0279558
683.906	0.0272844
684.04	0.0271623
684.175	0.0271013
684.31	0.0278337
684.445	0.0277727
684.58	0.0272844
684.715	0.0268571
684.85	0.0276506
684.984	0.0272233
685.119	0.0273454
685.254	0.0271623
685.389	0.0273454
685.524	0.0270402
685.659	0.0271013
685.794	0.0274675
685.928	0.0278948
686.063	0.0271013
686.198	0.0285052
686.333	0.0274675
686.468	0.0278337
686.603	0.0270402
686.738	0.0280168
686.872	0.0276506
687.007	0.028322
687.142	0.028322
687.277	0.0278337
687.412	0.028261
687.547	0.0272233
687.682	0.0272844
687.816	0.0272233
687.951	0.0272233
688.086	0.0280168
688.221	0.0280168
688.356	0.0285052
688.491	0.0284441
688.626	0.0274675
688.76	0.0275285
688.895	0.0274065
689.03	0.0275896
689.165	0.0275285
689.3	0.0279558
689.435	0.0278948
689.57	0.0279558
689.704	0.0277117
689.839	0.0276506
689.974	0.0286272
690.109	0.0272844
690.244	0.0278337
690.379	0.0288714
690.513	0.0275896
690.648	0.0286272
690.783	0.0270402
690.918	0.0285052
691.053	0.0277117
691.188	0.028261
691.323	0.0274675
691.457	0.0278948
691.592	0.0273454
691.727	0.0274065
691.862	0.0272233
691.997	0.0270402
692.132	0.0273454
692.266	0.0274065
692.401	0.0277117
692.536	0.0272844
692.671	0.0269181
692.806	0.0282
692.941	0.0265519
693.075	0.0271623
693.21	0.0278337
693.345	0.0278337
693.48	0.0277727
693.615	0.0274675
693.75	0.028261
693.885	0.0270402
694.019	0.0283831
694.154	0.0273454
694.289	0.026735
694.424	0.0278948
694.559	0.0278337
694.694	0.0274065
694.828	0.0277117
694.963	0.0280779
695.098	0.0274065
695.233	0.028261
695.368	0.0277117
695.503	0.0277117
695.637	0.0285662
695.772	0.0271013
695.907	0.0289324
696.042	0.0275285
696.177	0.0275285
696.312	0.0277117
696.446	0.0271013
696.581	0.0275285
696.716	0.0275285
696.851	0.0277727
696.986	0.026735
697.12	0.0276506
697.255	0.0272844
697.39	0.0279558
697.525	0.0278948
697.66	0.028261
697.795	0.028322
697.929	0.0279558
698.064	0.0280779
698.199	0.0275896
698.334	0.0280779
698.469	0.0275896
698.604	0.026613
698.738	0.0271013
698.873	0.0285662
699.008	0.0269792
699.143	0.0272844
699.278	0.0273454
699.412	0.0269181
699.547	0.0278948
699.682	0.0271013
699.817	0.0278337
699.952	0.0274065
700.087	0.0267961
700.221	0.0278337
700.356	0.0268571
700.491	0.0280779
700.626	0.0277727
700.761	0.0280168
700.895	0.0270402
701.03	0.0269792
701.165	0.0281389
701.3	0.0277117
701.435	0.028261
701.57	0.0281389
701.704	0.0275896
701.839	0.0280779
701.974	0.0272233
702.109	0.0284441
702.244	0.0282
702.378	0.0288714
702.513	0.0276506
702.648	0.0274675
702.783	0.0277727
702.918	0.0269181
703.052	0.0277727
703.187	0.0280779
703.322	0.0276506
703.457	0.0274065
703.592	0.026735
703.727	0.0280168
703.861	0.0277727
703.996	0.0277727
704.131	0.0267961
704.266	0.0272233
704.401	0.0272844
704.535	0.0274065
704.67	0.0277117
704.805	0.0284441
704.94	0.028322
705.075	0.0280168
705.209	0.026735
705.344	0.0280168
705.479	0.0275896
705.614	0.0285052
705.749	0.0282
705.883	0.0277727
706.018	0.0274065
706.153	0.0280168
706.288	0.026735
706.423	0.0271623
706.557	0.0272844
706.692	0.0280168
706.827	0.0278337
706.962	0.0271013
707.097	0.0275896
707.231	0.0278337
707.366	0.0272844
707.501	0.0273454
707.636	0.0277117
707.771	0.0281389
707.905	0.0277727
708.04	0.0291766
708.175	0.0271013
708.31	0.0284441
708.445	0.0275285
708.579	0.0278948
708.714	0.0278948
708.849	0.0270402
708.984	0.0269792
709.118	0.0280168
709.253	0.0271013
709.388	0.0274675
709.523	0.0277727
709.658	0.0277727
709.792	0.0275285
709.927	0.0274065
710.062	0.0277727
710.197	0.0280168
710.332	0.0273454
710.466	0.0270402
710.601	0.0269792
710.736	0.0277727
710.871	0.0281389
711.006	0.0282
711.14	0.0289935
711.275	0.0275285
711.41	0.0274065
711.545	0.0272844
711.679	0.0275285
711.814	0.0285052
711.949	0.0278948
712.084	0.0284441
712.219	0.0275285
712.353	0.0272844
712.488	0.028322
712.623	0.0278337
712.758	0.0278948
712.892	0.0280168
713.027	0.0272844
713.162	0.0272844
713.297	0.026735
713.432	0.0278337
713.566	0.0286272
713.701	0.0277117
713.836	0.0277727
713.971	0.0277727
714.105	0.0275896
714.24	0.0276506
714.375	0.0277727
714.51	0.0279558
714.645	0.0275896
714.779	0.0271013
714.914	0.0276506
715.049	0.0278337
715.184	0.0286272
715.318	0.0271013
715.453	0.0278948
715.588	0.0273454
715.723	0.0277117
715.858	0.0274065
715.992	0.0276506
716.127	0.0280779
716.262	0.0268571
716.397	0.0268571
716.531	0.0278948
716.666	0.0278948
716.801	0.0281389
716.936	0.0280168
717.07	0.0280779
717.205	0.028322
717.34	0.0274675
717.475	0.0278948
717.61	0.0278948
717.744	0.0283831
717.879	0.0280168
718.014	0.0279558
718.149	0.0271623
718.283	0.026613
718.418	0.0275896
718.553	0.0271013
718.688	0.0275896
718.822	0.0276506
718.957	0.0277117
719.092	0.0286883
719.227	0.0269181
719.361	0.0285052
719.496	0.0275896
719.631	0.0275896
719.766	0.0277117
719.9	0.0280168
720.035	0.0277727
720.17	0.0277727
720.305	0.0278337
720.44	0.0277727
720.574	0.0276506
720.709	0.0270402
720.844	0.0277727
720.979	0.0278337
721.113	0.0276506
721.248	0.0275896
721.383	0.0277117
721.518	0.0277117
721.652	0.0278337
721.787	0.0273454
721.922	0.0271013
722.057	0.028261
722.191	0.0274675
722.326	0.0271623
722.461	0.0275896
722.596	0.0277117
722.73	0.028261
722.865	0.0274675
723	0.0275285
723.135	0.0278948
723.269	0.0275896
723.404	0.028261
723.539	0.0274065
723.674	0.0274675
723.808	0.0283831
723.943	0.0278337
724.078	0.028261
724.213	0.0277117
724.347	0.0273454
724.482	0.028261
724.617	0.0276506
724.752	0.0275896
724.886	0.0278948
725.021	0.026735
725.156	0.026735
725.291	0.0272844
725.425	0.0274065
725.56	0.0274675
725.695	0.0282
725.829	0.0285052
725.964	0.0277117
726.099	0.0275896
726.234	0.0269181
726.368	0.0265519
726.503	0.0279558
726.638	0.0278948
726.773	0.0269181
726.907	0.0275285
727.042	0.0274675
727.177	0.0272844
727.312	0.0269792
727.446	0.0272844
727.581	0.0267961
727.716	0.0275896
727.851	0.0284441
727.985	0.0271013
728.12	0.0277727
728.255	0.0268571
728.389	0.0283831
728.524	0.0283831
728.659	0.0275285
728.794	0.0280779
728.928	0.0286883
729.063	0.028261
729.198	0.0267961
729.333	0.0275896
729.467	0.0277727
729.602	0.0277117
729.737	0.0283831
729.872	0.0274065
730.006	0.0269181
730.141	0.0280779
730.276	0.0277727
730.41	0.0279558
730.545	0.0268571
730.68	0.0277727
730.815	0.026674
730.949	0.0277727
731.084	0.0272233
731.219	0.0274065
731.354	0.0274675
731.488	0.0274065
731.623	0.0277117
731.758	0.0274675
731.892	0.0280779
732.027	0.0271623
732.162	0.0280168
732.297	0.0274065
732.431	0.0277727
732.566	0.0279558
732.701	0.0275896
732.835	0.0281389
732.97	0.0277727
733.105	0.0275896
733.24	0.0271623
733.374	0.0275285
733.509	0.0275285
733.644	0.0274675
733.779	0.028261
733.913	0.0280779
734.048	0.0278948
734.183	0.0280779
734.317	0.0278948
734.452	0.0275896
734.587	0.0272233
734.722	0.0285052
734.856	0.0276506
734.991	0.0273454
735.126	0.0282
735.26	0.0275285
735.395	0.0267961
735.53	0.0274065
735.665	0.0269181
735.799	0.0273454
735.934	0.0271013
736.069	0.0279558
736.203	0.0272233
736.338	0.028261
736.473	0.026613
736.607	0.0287493
736.742	0.0280168
736.877	0.0273454
737.012	0.0274065
737.146	0.0280779
737.281	0.0279558
737.416	0.028322
737.55	0.0265519
737.685	0.0274675
737.82	0.0277117
737.955	0.0271013
738.089	0.0269181
738.224	0.0278337
738.359	0.0279558
738.493	0.0274675
738.628	0.0275285
738.763	0.0274675
738.897	0.0270402
739.032	0.0272844
739.167	0.0279558
739.302	0.0272844
739.436	0.0274065
739.571	0.0280168
739.706	0.0278948
739.84	0.0274675
739.975	0.0280779
740.11	0.0273454
740.244	0.0279558
740.379	0.028261
740.514	0.0275285
740.649	0.0274065
740.783	0.0271013
740.918	0.0268571
741.053	0.0283831
741.187	0.0271623
741.322	0.0274675
741.457	0.0270402
741.591	0.0288714
741.726	0.0275285
741.861	0.0281389
741.996	0.0272233
742.13	0.0268571
742.265	0.0275896
742.4	0.0274675
742.534	0.0281389
742.669	0.0278948
742.804	0.0276506
742.938	0.0281389
743.073	0.0277117
743.208	0.0281389
743.342	0.0277117
743.477	0.0276506
743.612	0.0283831
743.747	0.0278337
743.881	0.0282
744.016	0.0274065
744.151	0.0277727
744.285	0.0274065
744.42	0.0270402
744.555	0.0279558
744.689	0.0274065
744.824	0.0274675
744.959	0.0281389
745.093	0.0272844
745.228	0.0272233
745.363	0.0275896
745.497	0.0272233
745.632	0.0275896
745.767	0.0283831
745.901	0.0274065
746.036	0.0278337
746.171	0.0281389
746.305	0.0276506
746.44	0.0278337
746.575	0.0275896
746.71	0.0275896
746.844	0.0276506
746.979	0.0277117
747.114	0.0274675
747.248	0.0280168
747.383	0.0280168
747.518	0.0274675
747.652	0.0279558
747.787	0.0278948
747.922	0.028261
748.056	0.0276506
748.191	0.0277117
748.326	0.0275896
748.46	0.0269181
748.595	0.0274065
748.73	0.0276506
748.864	0.026735
748.999	0.0279558
749.134	0.0272233
749.268	0.0274065
749.403	0.0280168
749.538	0.0285662
749.672	0.0282
749.807	0.0280779
749.942	0.0285052
750.076	0.0287493
750.211	0.0276506
750.346	0.0269181
750.48	0.0272233
750.615	0.0278337
750.75	0.0279558
750.884	0.0275896
751.019	0.0275285
751.154	0.0285662
751.288	0.0276506
751.423	0.0273454
751.558	0.0283831
751.692	0.0277727
751.827	0.0278337
751.962	0.0267961
752.096	0.028322
752.231	0.0274065
752.366	0.026613
752.5	0.0279558
752.635	0.0279558
752.77	0.0273454
752.904	0.0279558
753.039	0.0275896
753.174	0.0280168
753.308	0.0283831
753.443	0.0272233
753.578	0.0274675
753.712	0.028261
753.847	0.0278948
753.982	0.0271623
754.116	0.0277117
754.251	0.0277727
754.386	0.0273454
754.52	0.0271623
754.655	0.0275896
754.79	0.0275896
754.924	0.0275285
755.059	0.0277117
755.194	0.0279558
755.328	0.0275285
755.463	0.0277117
755.597	0.0281389
755.732	0.0280779
755.867	0.0278337
756.001	0.0286272
756.136	0.0278337
756.271	0.0275285
756.405	0.0274065
756.54	0.0277117
756.675	0.0280779
756.809	0.0271623
756.944	0.0281389
757.079	0.0281389
757.213	0.0286272
757.348	0.0267961
757.483	0.0280779
757.617	0.0283831
757.752	0.0279558
757.887	0.0279558
758.021	0.0275285
758.156	0.0276506
758.29	0.0274675
758.425	0.0276506
758.56	0.0277117
758.694	0.028261
758.829	0.0272233
758.964	0.0278337
759.098	0.0275896
759.233	0.0281389
759.368	0.0274065
759.502	0.0289935
759.637	0.0270402
759.772	0.0278948
759.906	0.0281389
760.041	0.0267961
760.175	0.0272233
760.31	0.0272844
760.445	0.0269792
760.579	0.0273454
760.714	0.0275896
760.849	0.0274065
760.983	0.0278337
761.118	0.0278337
761.253	0.0272844
761.387	0.0275896
761.522	0.0274065
761.656	0.0272233
761.791	0.0274675
761.926	0.0275285
762.06	0.0268571
762.195	0.0291155
762.33	0.0275285
762.464	0.0279558
762.599	0.0281389
762.733	0.0283831
762.868	0.0277727
763.003	0.0279558
763.137	0.0277727
763.272	0.0275285
763.407	0.0274675
763.541	0.0285052
763.676	0.0274065
763.811	0.0272233
763.945	0.0273454
764.08	0.0279558
764.214	0.0277117
764.349	0.0276506
764.484	0.0286883
764.618	0.0280779
764.753	0.0277727
764.888	0.0279558
765.022	0.0275896
765.157	0.0276506
765.291	0.0271623
765.426	0.0269181
765.561	0.0274675
765.695	0.0273454
765.83	0.0271623
765.965	0.0275285
766.099	0.028322
766.234	0.0275285
766.368	0.0270402
766.503	0.0282
766.638	0.0282
766.772	0.0275285
766.907	0.0275285
767.041	0.028322
767.176	0.0274675
767.311	0.0281389
767.445	0.0271013
767.58	0.0273454
767.715	0.0271013
767.849	0.0279558
767.984	0.0282
768.118	0.026735
768.253	0.0285052
768.388	0.0276506
768.522	0.0280779
768.657	0.0280779
768.791	0.0281389
768.926	0.0277117
769.061	0.0280168
769.195	0.0263688
769.33	0.0274675
769.465	0.0271623
769.599	0.0277117
769.734	0.0277117
769.868	0.028261
770.003	0.0272233
770.138	0.0275285
770.272	0.0282
770.407	0.0277117
770.541	0.0280779
770.676	0.0274675
770.811	0.0279558
770.945	0.0271623
771.08	0.0278948
771.214	0.0280168
771.349	0.0274675
771.484	0.0283831
771.618	0.0281389
771.753	0.0275896
771.887	0.0282
772.022	0.0281389
772.157	0.0274675
772.291	0.0277117
772.426	0.0269792
772.56	0.0277117
772.695	0.0284441
772.83	0.0275285
772.964	0.0277727
773.099	0.0279558
773.233	0.0272233
773.368	0.0277117
773.503	0.0276506
773.637	0.0272233
773.772	0.0278948
773.906	0.0285052
774.041	0.0274065
774.176	0.0280168
774.31	0.0275285
774.445	0.0274675
774.579	0.0272844
774.714	0.0265519
774.849	0.0277727
774.983	0.0277727
775.118	0.0281389
775.252	0.0277727
775.387	0.0285052
775.522	0.0277727
775.656	0.0269792
775.791	0.0275896
775.925	0.0276506
776.06	0.026613
776.195	0.0277117
776.329	0.0278948
776.464	0.0276506
776.598	0.028261
776.733	0.0282
776.868	0.0282
777.002	0.0276506
777.137	0.026735
777.271	0.0271623
777.406	0.0274675
777.54	0.0280779
777.675	0.028261
777.81	0.0271013
777.944	0.0271623
778.079	0.0282
778.213	0.028322
778.348	0.0278948
778.483	0.0285052
778.617	0.0286883
778.752	0.0272844
778.886	0.0275896
779.021	0.028261
779.155	0.0272233
779.29	0.0277117
779.425	0.0273454
779.559	0.0276506
779.694	0.0283831
779.828	0.0276506
779.963	0.028261
780.098	0.0276506
780.232	0.0274675
780.367	0.026674
780.501	0.0280779
780.636	0.0278337
780.77	0.0272844
780.905	0.0277117
781.04	0.0286883
781.174	0.0272844
781.309	0.028322
781.443	0.0278948
781.578	0.0285052
781.712	0.0276506
781.847	0.026735
781.982	0.0272844
782.116	0.0284441
782.251	0.0274675
782.385	0.0277727
782.52	0.0277117
782.654	0.0278948
782.789	0.0285052
782.924	0.0271013
783.058	0.0286883
783.193	0.0280168
783.327	0.0285662
783.462	0.028322
783.596	0.0274675
783.731	0.0275896
783.866	0.0278948
784	0.0280779
784.135	0.0274065
784.269	0.0277117
784.404	0.0271623
784.538	0.0269181
784.673	0.026735
784.808	0.0278948
784.942	0.0277117
785.077	0.0277117
785.211	0.0282
785.346	0.0285662
785.48	0.0274065
785.615	0.0267961
785.75	0.0271623
785.884	0.0286883
786.019	0.0282
786.153	0.0272233
786.288	0.0272844
786.422	0.0276506
786.557	0.0295428
786.691	0.0271013
786.826	0.0283831
786.961	0.0269792
787.095	0.0280168
787.23	0.0277117
787.364	0.028261
787.499	0.0279558
787.633	0.0275896
787.768	0.0277727
787.902	0.0278337
788.037	0.0274675
788.172	0.0272233
788.306	0.0280168
788.441	0.0269181
788.575	0.0275896
788.71	0.0280168
788.844	0.0278948
788.979	0.0274675
789.113	0.0280779
789.248	0.0285052
789.383	0.0282
789.517	0.0284441
789.652	0.0268571
789.786	0.0275285
789.921	0.0280779
790.055	0.0275285
790.19	0.0269792
790.324	0.0285052
790.459	0.0276506
790.594	0.0279558
790.728	0.0278948
790.863	0.0274675
790.997	0.0274675
791.132	0.0283831
791.266	0.0276506
791.401	0.0284441
791.535	0.0282
791.67	0.0278337
791.804	0.0271623
791.939	0.0270402
792.074	0.028322
792.208	0.0273454
792.343	0.0273454
792.477	0.0282
792.612	0.0271623
792.746	0.0282
792.881	0.0277727
793.015	0.0275285
793.15	0.0274675
793.284	0.0280779
793.419	0.0278337
793.553	0.0280168
793.688	0.0275896
793.823	0.0270402
793.957	0.0282
794.092	0.026613
794.226	0.0278337
794.361	0.0275285
794.495	0.0280779
794.63	0.0269792
794.764	0.0278948
794.899	0.0274675
795.033	0.0274675
795.168	0.0277727
795.302	0.0274675
795.437	0.0280168
795.572	0.0281389
795.706	0.0280168
795.841	0.0277117
795.975	0.0277117
796.11	0.0274675
796.244	0.0275285
796.379	0.0275896
796.513	0.0275285
796.648	0.0282
796.782	0.0280779
796.917	0.0277117
797.051	0.0274675
797.186	0.0274675
797.32	0.0282
797.455	0.0284441
797.589	0.0278337
797.724	0.0275285
797.859	0.0280779
797.993	0.0275285
798.128	0.0284441
798.262	0.0277727
798.397	0.0279558
798.531	0.0285052
798.666	0.0278337
798.8	0.0275285
798.935	0.0276506
799.069	0.0280779
799.204	0.0275285
799.338	0.0285662
799.473	0.0271623
799.607	0.0290545
799.742	0.0285662
799.876	0.028322
800.011	0.0276506
800.145	0.0281389
800.28	0.0277117
800.414	0.028322
800.549	0.0275896
800.683	0.0280779
800.818	0.0282
800.953	0.0277727
801.087	0.0284441
801.222	0.0283831
801.356	0.0275896
801.491	0.0282
801.625	0.0283831
801.76	0.0274065
801.894	0.0289324
802.029	0.0277117
802.163	0.0286883
802.298	0.0292987
802.432	0.0285052
802.567	0.0280779
802.701	0.028322
802.836	0.0278337
802.97	0.0285052
803.105	0.028322
803.239	0.0296649
803.374	0.0288714
803.508	0.0288714
803.643	0.0287493
803.777	0.0290545
803.912	0.0289324
804.046	0.0296649
804.181	0.0289935
804.315	0.0290545
804.45	0.0294818
804.584	0.0287493
804.719	0.0289935
804.853	0.0296039
804.988	0.0296039
805.122	0.0293597
805.257	0.0292376
805.391	0.0292376
805.526	0.0299701
805.66	0.0293597
805.795	0.0299701
805.929	0.0286883
806.064	0.0302142
806.198	0.0300311
806.333	0.0299091
806.467	0.0303363
806.602	0.0303974
806.736	0.0308857
806.871	0.0311909
807.005	0.031435
807.14	0.0310688
807.274	0.031435
807.409	0.0322285
807.543	0.0319844
807.678	0.0336324
807.812	0.0332052
807.947	0.0334493
808.081	0.0338766
808.216	0.0353415
808.35	0.0354636
808.485	0.0354636
808.619	0.0365623
808.754	0.0370506
808.888	0.0385766
809.023	0.0399805
809.157	0.0398584
809.292	0.0418116
809.426	0.0447415
809.561	0.0480986
809.695	0.048709
809.83	0.0531649
809.964	0.0594519
810.099	0.0788012
810.233	0.173595
810.368	0.704145
810.502	0.856925
810.637	1
810.771	1
810.906	1
811.04	1
811.175	1
811.309	1
811.444	1
811.578	1
811.713	1
811.847	1
811.982	0.997009
812.116	0.998047
812.251	0.992675
812.385	0.992187
812.519	0.985412
812.654	0.981444
812.788	0.975584
812.923	0.962949
813.057	0.956723
813.192	0.447781
813.326	0.0967466
813.461	0.0573765
813.595	0.0480376
813.73	0.0444363
813.864	0.0421168
813.999	0.0390038
814.133	0.0387597
814.268	0.0370506
814.402	0.0360129
814.537	0.0358298
814.671	0.0349753
814.806	0.0347922
814.94	0.0334493
815.075	0.0333883
815.209	0.0319844
815.344	0.0324727
815.478	0.0326558
815.612	0.032961
815.747	0.031435
815.881	0.0314961
816.016	0.0305194
816.15	0.0300311
816.285	0.0304584
816.419	0.0303974
816.554	0.0308857
816.688	0.0307026
816.823	0.0297259
816.957	0.029848
817.092	0.029848
817.226	0.0291155
817.361	0.0290545
817.495	0.0294207
817.63	0.0300922
817.764	0.0288714
817.898	0.0299091
818.033	0.0284441
818.167	0.0288714
818.302	0.0287493
818.436	0.0286272
818.571	0.0294207
818.705	0.0288714
818.84	0.0285662
818.974	0.0292987
819.109	0.0280168
819.243	0.0285052
819.378	0.0287493
819.512	0.0279558
819.646	0.0284441
819.781	0.0289935
819.915	0.0286272
820.05	0.028261
820.184	0.0278337
820.319	0.0287493
820.453	0.0284441
820.588	0.0288104
820.722	0.0278337
820.857	0.0283831
820.991	0.0285052
821.126	0.0294207
821.26	0.0277727
821.394	0.028261
821.529	0.0282
821.663	0.0285662
821.798	0.0282
821.932	0.0278337
822.067	0.0286272
822.201	0.0285662
822.336	0.0281389
822.47	0.0284441
822.605	0.0280168
822.739	0.028322
822.873	0.0284441
823.008	0.0277727
823.142	0.0280779
823.277	0.028322
823.411	0.0267961
823.546	0.0286883
823.68	0.0274675
823.815	0.0282
823.949	0.028322
824.083	0.0276506
824.218	0.0271013
824.352	0.028322
824.487	0.0278948
824.621	0.0269792
824.756	0.0279558
824.89	0.0280168
825.025	0.0282
825.159	0.0277727
825.293	0.0282
825.428	0.0289324
825.562	0.0280779
825.697	0.0279558
825.831	0.0276506
825.966	0.0279558
826.1	0.0282
826.235	0.0277117
826.369	0.0278337
826.503	0.0279558
826.638	0.0280168
826.772	0.0279558
826.907	0.0276506
827.041	0.0280779
827.176	0.0281389
827.31	0.0280168
827.445	0.0268571
827.579	0.0273454
827.713	0.0268571
827.848	0.0285052
827.982	0.0284441
828.117	0.0280779
828.251	0.0272844
828.386	0.0284441
828.52	0.0285662
828.654	0.0275285
828.789	0.0276506
828.923	0.0278337
829.058	0.0277117
829.192	0.028322
829.327	0.0277727
829.461	0.0278948
829.596	0.0278337
829.73	0.028322
829.864	0.0278337
829.999	0.0269792
830.133	0.0273454
830.268	0.0276506
830.402	0.0271013
830.537	0.0275896
830.671	0.0273454
830.805	0.0279558
830.94	0.0277727
831.074	0.028261
831.209	0.0274675
831.343	0.0287493
831.478	0.0275896
831.612	0.0276506
831.746	0.0282
831.881	0.026613
832.015	0.0285052
832.15	0.0289324
832.284	0.0281389
832.418	0.0272844
832.553	0.0282
832.687	0.0275896
832.822	0.0277727
832.956	0.0285662
833.091	0.0275285
833.225	0.0274675
833.359	0.0279558
833.494	0.0275896
833.628	0.028261
833.763	0.0272233
833.897	0.0276506
834.032	0.0277727
834.166	0.026613
834.3	0.0278337
834.435	0.0272233
834.569	0.0272233
834.704	0.0274065
834.838	0.0286272
834.972	0.0275896
835.107	0.0269792
835.241	0.0289324
835.376	0.028322
835.51	0.0275896
835.645	0.0288104
835.779	0.0272233
835.913	0.0275896
836.048	0.0278948
836.182	0.0265519
836.317	0.0272844
836.451	0.0276506
836.585	0.0276506
836.72	0.0277117
836.854	0.0269792
836.989	0.0272233
837.123	0.0275285
837.257	0.0273454
837.392	0.0278337
837.526	0.0272844
837.661	0.0284441
837.795	0.0273454
837.929	0.0272233
838.064	0.0275896
838.198	0.0277117
838.333	0.0273454
838.467	0.0285052
838.602	0.0275285
838.736	0.0280779
838.87	0.0264909
839.005	0.0274065
839.139	0.0278337
839.274	0.0274065
839.408	0.0272844
839.542	0.0272844
839.677	0.0276506
839.811	0.0274675
839.946	0.0274065
840.08	0.0283831
840.214	0.0275896
840.349	0.0277727
840.483	0.0274675
840.618	0.0278948
840.752	0.0278948
840.886	0.0284441
841.021	0.0276506
841.155	0.0270402
841.29	0.0275896
841.424	0.0269792
841.558	0.026674
841.693	0.028261
841.827	0.0280779
841.961	0.0274065
842.096	0.0275285
842.23	0.0265519
842.365	0.0279558
842.499	0.0280779
842.633	0.0279558
842.768	0.0274065
842.902	0.0280779
843.037	0.0269792
843.171	0.0272844
843.305	0.0283831
843.44	0.0282
843.574	0.0269792
843.709	0.0272844
843.843	0.0283831
843.977	0.0270402
844.112	0.0264298
844.246	0.0275896
844.381	0.0290545
844.515	0.0280168
844.649	0.0278337
844.784	0.0277117
844.918	0.0280168
845.052	0.026735
845.187	0.0281389
845.321	0.0272233
845.456	0.0273454
845.59	0.0274065
845.724	0.0272233
845.859	0.0277727
845.993	0.0276506
846.128	0.0281389
846.262	0.0275285
846.396	0.0278948
846.531	0.0268571
846.665	0.0272233
846.799	0.0285052
846.934	0.0269181
847.068	0.0274065
847.203	0.0278948
847.337	0.0271623
847.471	0.0280168
847.606	0.0272233
847.74	0.0271623
847.874	0.0272844
848.009	0.0269181
848.143	0.0274065
848.278	0.0275285
848.412	0.0277727
848.546	0.0271623
848.681	0.0275285
848.815	0.0276506
848.949	0.0270402
849.084	0.0270402
849.218	0.0286272
849.353	0.0278948
849.487	0.0275285
849.621	0.0278337
849.756	0.0285052
849.89	0.0272233
850.024	0.0286883
850.159	0.0283831
850.293	0.0278337
850.428	0.0271013
850.562	0.0273454
850.696	0.0267961
850.831	0.0285052
850.965	0.0270402
851.099	0.0280168
851.234	0.0283831
851.368	0.0268571
851.502	0.0284441
851.637	0.0283831
851.771	0.0279558
851.906	0.0275896
852.04	0.0278337
852.174	0.0278948
852.309	0.028261
852.443	0.0278948
852.577	0.0275896
852.712	0.0276506
852.846	0.0280779
852.98	0.0275896
853.115	0.0274675
853.249	0.0277117
853.384	0.0286883
853.518	0.0277117
853.652	0.0280779
853.787	0.0280168
853.921	0.0277727
854.055	0.0280779
854.19	0.0270402
854.324	0.0283831
854.458	0.0279558
854.593	0.0273454
854.727	0.0275896
854.861	0.0269181
854.996	0.0282
855.13	0.0280779
855.265	0.0280779
855.399	0.0282
855.533	0.028261
855.668	0.0278337
855.802	0.0278337
855.936	0.0279558
856.071	0.0278948
856.205	0.0272233
856.339	0.0280168
856.474	0.0280779
856.608	0.0275896
856.742	0.0277727
856.877	0.0272233
857.011	0.0280168
857.145	0.0275896
857.28	0.0277117
857.414	0.0280779
857.549	0.0284441
857.683	0.0278948
857.817	0.0282
857.952	0.0271623
858.086	0.0277727
858.22	0.0277117
858.355	0.0276506
858.489	0.028322
858.623	0.0272844
858.758	0.026674
858.892	0.0280779
859.026	0.0283831
859.161	0.0274065
859.295	0.0276506
859.429	0.0272233
859.564	0.0275285
859.698	0.026735
859.832	0.0278948
859.967	0.0275285
860.101	0.0281389
860.235	0.0283831
860.37	0.0278337
860.504	0.0280168
860.638	0.0276506
860.773	0.0276506
860.907	0.0281389
861.041	0.0289324
861.176	0.0284441
861.31	0.0275896
861.444	0.0277117
861.579	0.0271623
861.713	0.0272844
861.847	0.0284441
861.982	0.0283831
862.116	0.0276506
862.25	0.0269792
862.385	0.0277117
862.519	0.0272233
862.653	0.0274065
862.788	0.0276506
862.922	0.0280779
863.056	0.0268571
863.191	0.0279558
863.325	0.0274065
863.459	0.0274065
863.594	0.026735
863.728	0.0278337
863.862	0.026674
863.997	0.0281389
864.131	0.0274675
864.265	0.0274675
864.4	0.0274065
864.534	0.0276506
864.668	0.0274675
864.803	0.0272233
864.937	0.0275285
865.071	0.0272844
865.206	0.0277117
865.34	0.0282
865.474	0.0285052
865.609	0.0278948
865.743	0.028261
865.877	0.026735
866.012	0.028322
866.146	0.0277727
866.28	0.0274065
866.415	0.0279558
866.549	0.0275285
866.683	0.0276506
866.818	0.0280779
866.952	0.0280779
867.086	0.0285052
867.221	0.0271623
867.355	0.0269792
867.489	0.0269792
867.623	0.0278337
867.758	0.0274675
867.892	0.026674
868.026	0.0276506
868.161	0.0280168
868.295	0.0271013
868.429	0.0273454
868.564	0.0277727
868.698	0.0272233
868.832	0.0277117
868.967	0.0272233
869.101	0.0273454
869.235	0.0273454
869.37	0.0284441
869.504	0.0277727
869.638	0.0278337
869.773	0.0268571
869.907	0.0277727
870.041	0.0272844
870.175	0.0277727
870.31	0.0280779
870.444	0.0274065
870.578	0.0275285
870.713	0.0270402
870.847	0.0278948
870.981	0.0283831
871.116	0.0272844
871.25	0.0269792
871.384	0.0274065
871.519	0.0276506
871.653	0.0285052
871.787	0.0277117
871.921	0.0273454
872.056	0.0274065
872.19	0.0280168
872.324	0.0274065
872.459	0.0271623
872.593	0.0275896
872.727	0.0276506
872.862	0.0280168
872.996	0.0282
873.13	0.0272233
873.264	0.0281389
873.399	0.0275896
873.533	0.0279558
873.667	0.0284441
873.802	0.0277117
873.936	0.0274675
874.07	0.0276506
874.205	0.0273454
874.339	0.0284441
874.473	0.0278948
874.607	0.0284441
874.742	0.0267961
874.876	0.0269792
875.01	0.0267961
875.145	0.028261
875.279	0.0278337
875.413	0.026735
875.548	0.0276506
875.682	0.0279558
875.816	0.0280779
875.95	0.0274065
876.085	0.0279558
876.219	0.026674
876.353	0.0275896
876.488	0.0271623
876.622	0.0284441
876.756	0.0272233
876.89	0.0275285
877.025	0.0275285
877.159	0.0278337
877.293	0.0272844
877.428	0.0267961
877.562	0.0273454
877.696	0.0273454
877.83	0.0273454
877.965	0.0278948
878.099	0.0279558
878.233	0.0274675
878.368	0.0274065
878.502	0.0269792
878.636	0.0275285
878.77	0.0274065
878.905	0.0269181
879.039	0.0276506
879.173	0.0269792
879.308	0.026735
879.442	0.0278337
879.576	0.0280779
879.71	0.0267961
879.845	0.0285052
879.979	0.0279558
880.113	0.0271013
880.248	0.0268571
880.382	0.0275896
880.516	0.0280168
880.65	0.0275285
880.785	0.0275285
880.919	0.0274065
881.053	0.0269792
881.188	0.0279558
881.322	0.0285052
881.456	0.028322
881.59	0.0271013
881.725	0.0276506
881.859	0.028322
881.993	0.0276506
882.127	0.0278337
882.262	0.028261
882.396	0.0273454
882.53	0.028261
882.665	0.0272844
882.799	0.0277117
882.933	0.028261
883.067	0.0279558
883.202	0.028261
883.336	0.0279558
883.47	0.0273454
883.604	0.0272233
883.739	0.0288104
883.873	0.0274065
884.007	0.0278948
884.142	0.0274675
884.276	0.0276506
884.41	0.0274065
884.544	0.0280168
884.679	0.0269792
884.813	0.0275896
884.947	0.0281389
885.081	0.0274065
885.216	0.0269181
885.35	0.0281389
885.484	0.028322
885.618	0.0276506
885.753	0.0279558
885.887	0.026735
886.021	0.0271623
886.155	0.0285052
886.29	0.0272844
886.424	0.0279558
886.558	0.0276506
886.693	0.0271623
886.827	0.0274065
886.961	0.028261
887.095	0.0281389
887.23	0.0273454
887.364	0.0265519
887.498	0.0275285
887.632	0.0273454
887.767	0.0278337
887.901	0.0278337
888.035	0.0274675
888.169	0.0282
888.304	0.0285052
888.438	0.0272844
888.572	0.0274065
888.706	0.026735
888.841	0.0286272
888.975	0.0277727
889.109	0.0278337
889.243	0.0271623
889.378	0.0282
889.512	0.0273454
889.646	0.0275285
889.78	0.0277727
889.915	0.0278337
890.049	0.0275896
890.183	0.0274675
890.317	0.0269181
890.452	0.0271013
890.586	0.0269792
890.72	0.0274675
890.854	0.0279558
890.989	0.0275896
891.123	0.0272844
891.257	0.0278948
891.391	0.0274675
891.526	0.0283831
891.66	0.0271013
891.794	0.0271013
891.928	0.0274065
892.063	0.0277727
892.197	0.0277117
892.331	0.0278337
892.465	0.026674
892.6	0.0276506
892.734	0.0275285
892.868	0.0273454
893.002	0.0272844
893.137	0.0280779
893.271	0.0277117
893.405	0.0276506
893.539	0.026735
893.674	0.0274065
893.808	0.0274065
893.942	0.0271623
894.076	0.0277727
894.21	0.0278948
894.345	0.0272844
894.479	0.0278337
894.613	0.0282
894.747	0.0284441
894.882	0.0278337
895.016	0.0277727
895.15	0.0271623
895.284	0.0271623
895.419	0.0272844
895.553	0.0277117
895.687	0.0273454
895.821	0.0277727
895.956	0.0274675
896.09	0.0288104
896.224	0.0271013
896.358	0.0280168
896.492	0.0274065
896.627	0.0279558
896.761	0.0273454
896.895	0.0276506
897.029	0.0264909
897.164	0.0279558
897.298	0.0287493
897.432	0.0273454
897.566	0.0271013
897.701	0.0282
897.835	0.0269181
897.969	0.0275896
898.103	0.0269181
898.237	0.0280168
898.372	0.026735
898.506	0.0272844
898.64	0.0282
898.774	0.0278948
898.909	0.0272844
899.043	0.0273454
899.177	0.0278948
899.311	0.0272233
899.445	0.028261
899.58	0.026674
899.714	0.0280168
899.848	0.0280779
899.982	0.0281389
900.117	0.0271013
900.251	0.026735
900.385	0.0278337
900.519	0.0272233
900.653	0.026735
900.788	0.0275896
900.922	0.0276506
901.056	0.0271623
901.19	0.0271013
901.325	0.0280779
901.459	0.028261
901.593	0.0274675
901.727	0.0278337
901.861	0.0276506
901.996	0.0278337
902.13	0.0269792
902.264	0.0273454
902.398	0.0271623
902.532	0.0277117
902.667	0.0277117
902.801	0.0275285
902.935	0.0282
903.069	0.0275285
903.204	0.028261
903.338	0.0273454
903.472	0.0274675
903.606	0.0275896
903.74	0.0272233
903.875	0.0271623
904.009	0.0285052
904.143	0.0269792
904.277	0.0277727
904.411	0.028261
904.546	0.0275896
904.68	0.028261
904.814	0.0275896
904.948	0.0271623
905.082	0.0268571
905.217	0.0280168
905.351	0.0277727
905.485	0.0282
905.619	0.0286272
905.753	0.0274675
905.888	0.0275285
906.022	0.0274675
906.156	0.026735
906.29	0.028261
906.424	0.0278948
906.559	0.0274065
906.693	0.0275896
906.827	0.0269181
906.961	0.0288104
907.095	0.0274675
907.23	0.0275285
907.364	0.0285052
907.498	0.0275896
907.632	0.0279558
907.766	0.0275285
907.901	0.0272844
908.035	0.0274675
908.169	0.0271013
908.303	0.0279558
908.437	0.0276506
908.572	0.0278948
908.706	0.0277117
908.84	0.0274675
908.974	0.0274065
909.108	0.0274675
909.243	0.0270402
909.377	0.0274065
909.511	0.0278337
909.645	0.0277117
909.779	0.0278337
909.914	0.0276506
910.048	0.0277727
910.182	0.0275285
910.316	0.0275896
910.45	0.0280779
910.585	0.0289935
910.719	0.0282
910.853	0.0274065
910.987	0.0274065
911.121	0.0272233
911.255	0.0277117
911.39	0.0281389
911.524	0.0279558
911.658	0.028261
911.792	0.0277727
911.926	0.0274675
912.061	0.0269792
912.195	0.0280168
912.329	0.0285052
912.463	0.0276506
912.597	0.0280168
912.732	0.0278948
912.866	0.0270402
913	0.0277727
913.134	0.0273454
913.268	0.0272233
913.402	0.0274675
913.537	0.0272233
913.671	0.0278948
913.805	0.0280779
913.939	0.0280168
914.073	0.026735
914.208	0.0277117
914.342	0.0277727
914.476	0.028322
914.61	0.0282
914.744	0.0275896
914.878	0.0277117
915.013	0.0282
915.147	0.0280168
915.281	0.0270402
915.415	0.0280779
915.549	0.0274675
915.683	0.0280779
915.818	0.0274675
915.952	0.0275285
916.086	0.0261857
916.22	0.0282
916.354	0.0280168
916.488	0.0273454
916.623	0.0281389
916.757	0.0277117
916.891	0.0278337
917.025	0.0276506
917.159	0.0286272
917.293	0.0274065
917.428	0.0281389
917.562	0.0275896
917.696	0.0283831
917.83	0.0274675
917.964	0.0265519
918.098	0.0280168
918.233	0.0273454
918.367	0.0281389
918.501	0.0276506
918.635	0.0276506
918.769	0.0274065
918.903	0.0280779
919.038	0.0278337
919.172	0.0272844
919.306	0.0271623
919.44	0.0274065
919.574	0.0278337
919.708	0.0285662
919.843	0.0280168
919.977	0.028322
920.111	0.0276506
920.245	0.0274675
920.379	0.0277727
920.513	0.0280779
920.648	0.0281389
920.782	0.0272844
920.916	0.0278337
921.05	0.0276506
921.184	0.0276506
921.318	0.0280168
921.453	0.0281389
921.587	0.0280779
921.721	0.0270402
921.855	0.0285052
921.989	0.0281389
922.123	0.0274065
922.257	0.0289935
922.392	0.0280779
922.526	0.0275285
922.66	0.0274065
922.794	0.0277727
922.928	0.028261
923.062	0.0278948
923.197	0.0277117
923.331	0.0278948
923.465	0.0279558
923.599	0.0268571
923.733	0.0274675
923.867	0.0275896
924.001	0.0277117
924.136	0.0280168
924.27	0.0277117
924.404	0.0279558
924.538	0.028261
924.672	0.0275896
924.806	0.0270402
924.94	0.0274065
925.075	0.0278948
925.209	0.0277117
925.343	0.0277727
925.477	0.0271623
925.611	0.0276506
925.745	0.0282
925.879	0.0273454
926.014	0.0277117
926.148	0.0285052
926.282	0.0279558
926.416	0.0271623
926.55	0.0280168
926.684	0.0273454
926.818	0.0269792
926.953	0.0273454
927.087	0.0271013
927.221	0.0274065
927.355	0.0273454
927.489	0.0278948
927.623	0.0281389
927.757	0.0277117
927.892	0.0275896
928.026	0.0273454
928.16	0.0272233
928.294	0.0279558
928.428	0.0279558
928.562	0.0271623
928.696	0.0274675
928.831	0.0281389
928.965	0.0274675
929.099	0.0286272
929.233	0.0276506
929.367	0.028261
929.501	0.0276506
929.635	0.0277727
929.769	0.0269792
929.904	0.0286272
930.038	0.0278948
930.172	0.0275285
930.306	0.0276506
930.44	0.0274675
930.574	0.0288714
930.708	0.028322
930.843	0.0278337
930.977	0.0275285
931.111	0.0273454
931.245	0.0280168
931.379	0.0274065
931.513	0.0274675
931.647	0.0269181
931.781	0.0271013
931.916	0.0273454
932.05	0.0280168
932.184	0.0285052
932.318	0.0273454
932.452	0.0274065
932.586	0.0271013
932.72	0.0280168
932.854	0.0279558
932.989	0.0286272
933.123	0.0272233
933.257	0.0271013
933.391	0.0276506
933.525	0.0272844
933.659	0.0275896
933.793	0.0273454
933.927	0.0280168
934.061	0.0272844
934.196	0.0274065
934.33	0.0280779
934.464	0.0280168
934.598	0.0277117
934.732	0.0279558
934.866	0.0275285
935	0.0274065
935.134	0.0280779
935.269	0.0267961
935.403	0.0275285
935.537	0.0271623
935.671	0.028322
935.805	0.0271623
935.939	0.0274675
936.073	0.0278948
936.207	0.0278948
936.341	0.0272233
936.476	0.0278337
936.61	0.0275285
936.744	0.0277117
936.878	0.0269792
937.012	0.0280168
937.146	0.0280168
937.28	0.0277117
937.414	0.028261
937.548	0.0277117
937.683	0.0276506
937.817	0.028261
937.951	0.0274675
938.085	0.0280779
938.219	0.0280779
938.353	0.0267961
938.487	0.0277117
938.621	0.0283831
938.755	0.0277117
938.889	0.0272233
939.024	0.028261
939.158	0.0281389
939.292	0.0271623
939.426	0.0276506
939.56	0.0278948
939.694	0.0268571
939.828	0.0282
939.962	0.0265519
940.096	0.0277727
940.231	0.0280779
940.365	0.0274675
940.499	0.0277727
940.633	0.0278337
940.767	0.0273454
940.901	0.0274675
941.035	0.0274675
941.169	0.0272233
941.303	0.0269792
941.437	0.0271623
941.571	0.0278948
941.706	0.0280779
941.84	0.0275285
941.974	0.0274065
942.108	0.0280168
942.242	0.0281389
942.376	0.0285052
942.51	0.0273454
942.644	0.0279558
942.778	0.0275285
942.912	0.0277117
943.047	0.0279558
943.181	0.0274675
943.315	0.0282
943.449	0.0273454
943.583	0.0278948
943.717	0.0267961
943.851	0.0267961
943.985	0.0285662
944.119	0.0279558
944.253	0.0285662
944.387	0.0278948
944.522	0.0282
944.656	0.0280779
944.79	0.0275285
944.924	0.0272233
945.058	0.0279558
945.192	0.0271623
945.326	0.0278948
945.46	0.0281389
945.594	0.0271013
945.728	0.0283831
945.862	0.0275285
945.996	0.028261
946.131	0.0272844
946.265	0.0274675
946.399	0.0272844
946.533	0.028322
946.667	0.0277727
946.801	0.0275896
946.935	0.0278948
947.069	0.0278337
947.203	0.0277727
947.337	0.0272233
947.471	0.0277117
947.605	0.028322
947.739	0.0275285
947.874	0.0282
948.008	0.0274675
948.142	0.0283831
948.276	0.0279558
948.41	0.0274675
948.544	0.0277117
948.678	0.028261
948.812	0.0280779
948.946	0.0275896
949.08	0.028261
949.214	0.0272233
949.348	0.0274065
949.482	0.0280168
949.617	0.0277727
949.751	0.0270402
949.885	0.0274675
950.019	0.0274065
950.153	0.0286272
950.287	0.0274065
950.421	0.0279558
950.555	0.0275896
950.689	0.0285662
950.823	0.0272844
950.957	0.0280779
951.091	0.0272233
951.225	0.0280779
951.359	0.0272233
951.493	0.0282
951.628	0.0271623
951.762	0.0275896
951.896	0.0283831
952.03	0.0277727
952.164	0.0280168
952.298	0.0264298
952.432	0.0275896
952.566	0.0275285
952.7	0.0280779
952.834	0.0271623
952.968	0.0277727
953.102	0.0268571
953.236	0.0288104
953.37	0.028261
953.504	0.0282
953.639	0.0274675
953.773	0.0278337
953.907	0.0277117
954.041	0.0276506
954.175	0.0275285
954.309	0.0267961
954.443	0.0274065
954.577	0.028322
954.711	0.0273454
954.845	0.0277727
954.979	0.0268571
955.113	0.0283831
955.247	0.0277117
955.381	0.0271623
955.515	0.0283831
955.649	0.0274675
955.783	0.0275285
955.917	0.0285052
956.052	0.028322
956.186	0.0273454
956.32	0.0278948
956.454	0.026613
956.588	0.0267961
956.722	0.0275285
956.856	0.0277117
956.99	0.0272844
957.124	0.0271013
957.258	0.0279558
957.392	0.0276506
957.526	0.0277727
957.66	0.0275285
957.794	0.0283831
957.928	0.0272844
958.062	0.0275285
958.196	0.0271623
958.33	0.0279558
958.464	0.0275896
958.598	0.0282
958.733	0.0274065
958.867	0.0279558
959.001	0.0269181
959.135	0.0278948
959.269	0.0269792
959.403	0.0271623
959.537	0.0282
959.671	0.0274675
959.805	0.0284441
959.939	0.0280779
960.073	0.0274065
960.207	0.0277727
960.341	0.0277727
960.475	0.0277117
960.609	0.0273454
960.743	0.0285052
960.877	0.0272233
961.011	0.0285662
961.145	0.0280168
961.279	0.0272233
961.413	0.0273454
961.547	0.0277117
961.681	0.0280168
961.815	0.0279558
961.949	0.0275896
962.083	0.0285052
962.218	0.0271013
962.352	0.0281389
962.486	0.0270402
962.62	0.0278337
962.754	0.0275896
962.888	0.0269181
963.022	0.0270402
963.156	0.0274065
963.29	0.0289935
963.424	0.0271013
963.558	0.0274065
963.692	0.0277727
963.826	0.0269792
963.96	0.0277117
964.094	0.0286272
964.228	0.0285052
964.362	0.0275896
964.496	0.0280779
964.63	0.0274065
964.764	0.0267961
964.898	0.0277117
965.032	0.0282
965.166	0.0274065
965.3	0.0274065
965.434	0.0277727
965.568	0.0280168
965.702	0.0272844
965.836	0.028261
965.97	0.0277117
966.104	0.0278337
966.238	0.0277117
966.372	0.0278948
966.506	0.0274675
966.64	0.0281389
966.774	0.0279558
966.908	0.0274675
967.043	0.0271623
967.177	0.0268571
967.311	0.0280168
967.445	0.0281389
967.579	0.0274065
967.713	0.0281389
967.847	0.0275285
967.981	0.0277117
968.115	0.0271013
968.249	0.0270402
968.383	0.0274675
968.517	0.0278948
968.651	0.0272233
968.785	0.0274675
968.919	0.0269792
969.053	0.0274065
969.187	0.0269792
969.321	0.0276506
969.455	0.0275285
969.589	0.0272844
969.723	0.0274065
969.857	0.0277727
969.991	0.0277727
970.125	0.0277117
970.259	0.0277117
970.393	0.0274675
970.527	0.0277117
970.661	0.0277117
970.795	0.0275896
970.929	0.0285052
971.063	0.0277117
971.197	0.0274675
971.331	0.0277727
971.465	0.0276506
971.599	0.0272233
971.733	0.0278948
971.867	0.0276506
972.001	0.026735
972.135	0.0270402
972.269	0.0281389
972.403	0.0272844
972.537	0.0272233
972.671	0.0278948
972.805	0.0276506
972.939	0.0277117
973.073	0.0279558
973.207	0.0271013
973.341	0.0278948
973.475	0.0280779
973.609	0.0277117
973.743	0.0271623
973.877	0.0272233
974.011	0.0279558
974.145	0.0275285
974.279	0.0281389
974.413	0.0277727
974.547	0.028261
974.681	0.0274675
974.815	0.0275896
974.949	0.0282
975.083	0.0263688
975.217	0.0277727
975.351	0.0275896
975.485	0.0272233
975.619	0.0276506
975.753	0.0277727
975.887	0.0262467
976.021	0.0273454
976.155	0.0280168
976.289	0.0275285
976.423	0.0280168
976.557	0.0277727
976.691	0.0271013
976.825	0.0280168
976.959	0.0273454
977.093	0.0274065
977.227	0.0275285
977.361	0.0277727
977.495	0.0268571
977.629	0.0279558
977.763	0.0277727
977.897	0.0279558
978.031	0.0277117
978.165	0.0277727
978.299	0.0270402
978.433	0.0272233
978.567	0.0276506
978.701	0.0272233
978.835	0.0280779
978.969	0.0278948
979.103	0.0278337
979.237	0.0277117
979.371	0.0277117
979.505	0.0276506
979.639	0.0274065
979.773	0.0272233
979.907	0.0279558
980.041	0.0284441
980.175	0.0271623
980.308	0.0285052
980.442	0.0275285
980.576	0.028261
980.71	0.0274065
980.844	0.0286883
980.978	0.028261
981.112	0.0281389
981.246	0.0276506
981.38	0.0271013
981.514	0.0275896
981.648	0.0264909
981.782	0.0269792
981.916	0.0275285
982.05	0.0268571
982.184	0.0274065
982.318	0.0278948
982.452	0.0277727
982.586	0.0274675
982.72	0.0272844
982.854	0.0275285
982.988	0.0277117
983.122	0.0274675
983.256	0.0277727
983.39	0.0282
983.524	0.0285052
983.658	0.0275896
983.792	0.0271623
983.926	0.0277117
984.06	0.0272844
984.194	0.0277117
984.328	0.028261
984.462	0.0272233
984.596	0.0277117
984.73	0.0272233
984.864	0.0275896
984.998	0.0280168
985.132	0.0276506
985.265	0.0277117
985.399	0.0274065
985.533	0.0271013
985.667	0.0273454
985.801	0.0280168
985.935	0.0274675
986.069	0.0289935
986.203	0.028261
986.337	0.0272233
986.471	0.0273454
986.605	0.0278948
986.739	0.0274675
986.873	0.0278337
987.007	0.028261
987.141	0.0276506
987.275	0.0276506
987.409	0.0271623
987.543	0.0277117
987.677	0.0275896
987.811	0.0276506
987.945	0.0265519
988.079	0.0272844
988.213	0.0277117
988.347	0.0275285
988.481	0.0280779
988.614	0.0278948
988.748	0.0274065
988.882	0.0278948
989.016	0.0274065
989.15	0.0280168
989.284	0.0279558
989.418	0.0277727
989.552	0.0280168
989.686	0.0270402
989.82	0.0278948
989.954	0.0275896
990.088	0.0280779
990.222	0.0274065
990.356	0.0275896
990.49	0.0274675
990.624	0.0280779
990.758	0.0278337
990.892	0.0275896
991.026	0.0269792
991.16	0.0272844
991.294	0.0275285
991.427	0.0278948
991.561	0.0279558
991.695	0.0280168
991.829	0.0274065
991.963	0.0282
992.097	0.0272844
992.231	0.0278337
992.365	0.0278948
992.499	0.0272233
992.633	0.0272233
992.767	0.0276506
992.901	0.0283831
993.035	0.0275896
993.169	0.0271013
993.303	0.0275896
993.437	0.0277727
993.571	0.0278337
993.704	0.028261
993.838	0.0280168
993.972	0.0280168
994.106	0.0280779
994.24	0.0271623
994.374	0.0274065
994.508	0.0279558
994.642	0.0272233
994.776	0.0281389
994.91	0.028322
995.044	0.0281389
995.178	0.0277117
995.312	0.0274065
995.446	0.0277117
995.58	0.0271623
995.714	0.0273454
995.847	0.0277117
995.981	0.0280168
996.115	0.0277117
996.249	0.0277117
996.383	0.0279558
996.517	0.0272233
996.651	0.0276506
996.785	0.0272233
996.919	0.0284441
997.053	0.0283831
997.187	0.0269792
997.321	0.0273454
997.455	0.0276506
997.589	0.0278337
997.722	0.0278337
997.856	0.0281389
997.99	0.0274675
998.124	0.0261857
998.258	0.0288104
998.392	0.0272233
998.526	0.0277117
998.66	0.0271013
998.794	0.0282
998.928	0.0272844
999.062	0.0275285
999.196	0.0269792
999.33	0.028322
999.464	0.0278337
999.597	0.0274065
999.731	0.0270402
999.865	0.0276506
999.999	0.0274675
1000.13	0.028261
1000.27	0.0276506
1000.4	0.0275285
1000.53	0.0276506
1000.67	0.0278337
1000.8	0.0274675
1000.94	0.028261
1001.07	0.0273454
1001.2	0.0276506
1001.34	0.0271013
1001.47	0.0271623
1001.61	0.0278948
1001.74	0.028261
1001.87	0.0276506
1002.01	0.0277727
1002.14	0.0275896
1002.28	0.0280168
1002.41	0.0275896
1002.54	0.0272233
1002.68	0.0274065
1002.81	0.0272844
1002.95	0.0281389
1003.08	0.028322
1003.21	0.0274675
1003.35	0.0272233
1003.48	0.0275896
1003.61	0.0277727
1003.75	0.0274675
1003.88	0.0277117
1004.02	0.028322
1004.15	0.0273454
1004.28	0.0275896
1004.42	0.0269792
1004.55	0.0276506
1004.69	0.0277117
1004.82	0.0274065
1004.95	0.0274065
1005.09	0.0273454
1005.22	0.0263078
1005.36	0.0282
1005.49	0.0270402
1005.62	0.0270402
1005.76	0.0270402
1005.89	0.0274675
1006.03	0.0275285
1006.16	0.0274675
1006.29	0.0278948
1006.43	0.0273454
1006.56	0.0286272
1006.69	0.0280779
1006.83	0.0271013
1006.96	0.0278337
1007.1	0.0279558
1007.23	0.0280168
1007.36	0.0270402
1007.5	0.0273454
1007.63	0.0277727
1007.77	0.0278337
1007.9	0.0273454
1008.03	0.0277727
1008.17	0.0268571
1008.3	0.0275285
1008.44	0.0283831
1008.57	0.0278337
1008.7	0.0271013
1008.84	0.0273454
1008.97	0.0278948
1009.1	0.0282
1009.24	0.0278337
1009.37	0.0275285
1009.51	0.0274675
1009.64	0.0274065
1009.77	0.0274675
1009.91	0.0278948
1010.04	0.0270402
1010.18	0.0278337
1010.31	0.0273454
1010.44	0.028322
1010.58	0.0272233
1010.71	0.0275285
1010.85	0.0275896
1010.98	0.0277727
1011.11	0.0272233
1011.25	0.0279558
1011.38	0.0280168
1011.51	0.0278337
1011.65	0.026674
1011.78	0.0276506
1011.92	0.0275285
1012.05	0.0274065
1012.18	0.0280168
1012.32	0.0282
1012.45	0.0280779
1012.59	0.0274065
1012.72	0.0274675
1012.85	0.0277117
1012.99	0.0281389
1013.12	0.0277117
1013.26	0.0278948
1013.39	0.0279558
1013.52	0.0278337
1013.66	0.0275285
1013.79	0.0272233
1013.92	0.0277117
1014.06	0.0272233
1014.19	0.0281389
1014.33	0.0280168
1014.46	0.0275285
1014.59	0.0283831
1014.73	0.0272844
1014.86	0.0282
1015	0.0275285
1015.13	0.0285662
1015.26	0.026735
1015.4	0.0279558
1015.53	0.0277727
1015.67	0.0269792
1015.8	0.0272233
1015.93	0.0279558
1016.07	0.0274675
1016.2	0.0275896
1016.33	0.0285662
1016.47	0.0279558
1016.6	0.0265519
1016.74	0.0275896
1016.87	0.0272233
1017	0.0273454
1017.14	0.0280168
1017.27	0.0278337
1017.41	0.0275896
1017.54	0.0279558
1017.67	0.0265519
1017.81	0.0277727
1017.94	0.0272844
1018.07	0.0284441
1018.21	0.028261
1018.34	0.0280168
1018.48	0.0277117
1018.61	0.028261
1018.74	0.0271623
1018.88	0.0269792
1019.01	0.028261
1019.15	0.0273454
1019.28	0.0271013
1019.41	0.0274675
1019.55	0.0282
1019.68	0.0277117
1019.82	0.0269181
1019.95	0.028322
1020.08	0.0279558
1020.22	0.0274065
1020.35	0.0279558
1020.48	0.0271013
1020.62	0.0276506
1020.75	0.0278948
1020.89	0.0272844
1021.02	0.0274675
1021.15	0.0277727
1021.29	0.0277117
1021.42	0.0275285
1021.56	0.028322
1021.69	0.0280168
1021.82	0.0278337
1021.96	0.028261
1022.09	0.026674
1022.22	0.0275285
1022.36	0.0283831
1022.49	0.0282
1022.63	0.0275896
1022.76	0.0273454
1022.89	0.0273454
1023.03	0.0277117
1023.16	0.0276506
1023.3	0.0275896
1023.43	0.0284441
1023.56	0.0277117
1023.7	0.0275285
1023.83	0.0281389
1023.96	0.0278337
1024.1	0.0280779
1024.23	0.0276506
1024.37	0.0275285
1024.5	0.0272844
1024.63	0.0281389
1024.77	0.0276506
1024.9	0.0272233
1025.04	0.0278948
1025.17	0.0275285
1025.3	0.0276506
1025.44	0.0280168
1025.57	0.0283831
1025.7	0.0278948
1025.84	0.0280779
1025.97	0.0272233
1026.11	0.0279558
1026.24	0.026674
1026.37	0.0271623
1026.51	0.0263078
1026.64	0.0287493
1026.78	0.028322
1026.91	0.0276506
1027.04	0.0275896
1027.18	0.0269792
1027.31	0.0264909
1027.44	0.026735
1027.58	0.0271623
1027.71	0.0277117
1027.85	0.0282
1027.98	0.0272233
1028.11	0.0279558
1028.25	0.026674
1028.38	0.0269181
1028.52	0.0272233
1028.65	0.0280779
1028.78	0.0272844
1028.92	0.0272233
1029.05	0.0282
1029.18	0.0276506
1029.32	0.0283831
1029.45	0.0272844
1029.59	0.0276506
1029.72	0.0270402
1029.85	0.0278337
1029.99	0.0275285
1030.12	0.0272844
1030.26	0.0280168
1030.39	0.028261
1030.52	0.0276506
1030.66	0.028322
1030.79	0.0273454
1030.92	0.0267961
1031.06	0.0274675
1031.19	0.0272844
1031.33	0.0272844
1031.46	0.0274065
1031.59	0.0279558
1031.73	0.0274675
1031.86	0.0271623
1031.99	0.026674
1032.13	0.0278337
1032.26	0.028322
1032.4	0.0271623
1032.53	0.0278337
1032.66	0.0274675
1032.8	0.0276506
1032.93	0.0276506
1033.07	0.0270402
1033.2	0.0277727
1033.33	0.0273454
1033.47	0.0283831
1033.6	0.0284441
1033.73	0.0277727
1033.87	0.0272844
1034	0.0272233
1034.14	0.0280779
1034.27	0.0278948
1034.4	0.0271623
1034.54	0.0277727
1034.67	0.0275896
1034.81	0.0271623
1034.94	0.0276506
1035.07	0.0278948
1035.21	0.0274065
1035.34	0.028261
1035.47	0.0278948
1035.61	0.0274675
1035.74	0.0282
1035.88	0.0280168
1036.01	0.0279558
1036.14	0.0272233
1036.28	0.0274675
1036.41	0.0272233
1036.54	0.0277727
1036.68	0.0272844
1036.81	0.0268571
1036.95	0.0270402
1037.08	0.0273454
1037.21	0.0271623
1037.35	0.0282
1037.48	0.0270402
1037.62	0.0277727
1037.75	0.0273454
1037.88	0.028261
1038.02	0.0272844
1038.15	0.0277727
1038.28	0.0271623
1038.42	0.0274675
1038.55	0.0275896
1038.69	0.0277727
1038.82	0.0275285
1038.95	0.0281389
1039.09	0.028261
1039.22	0.0280168
1039.35	0.0279558
1039.49	0.0270402
1039.62	0.0275896
1039.76	0.0274065
1039.89	0.0271013
1040.02	0.0272233
1040.16	0.0274675
1040.29	0.0283831
1040.43	0.0284441
1040.56	0.0282
1040.69	0.0275285
1040.83	0.0280779
1040.96	0.0275896
1041.09	0.0278337
1041.23	0.0268571
1041.36	0.0286883
1041.5	0.0278337
1041.63	0.0281389
1041.76	0.0269792
1041.9	0.0274675
1042.03	0.0273454
1042.16	0.0272233
1042.3	0.0273454
1042.43	0.028322
1042.57	0.0271623
1042.7	0.0277727
1042.83	0.0281389
1042.97	0.0279558
1043.1	0.0275285
1043.23	0.0277727
1043.37	0.0280779
1043.5	0.0279558
1043.64	0.0269792
1043.77	0.0280168
1043.9	0.0267961
1044.04	0.0275896
1044.17	0.0278948
1044.31	0.0277727
1044.44	0.0269181
1044.57	0.0270402
1044.71	0.0269181
1044.84	0.0269181
1044.97	0.0280779
1045.11	0.0271623
1045.24	0.0277727
1045.38	0.0273454
1045.51	0.0277727
1045.64	0.028261
1045.78	0.0273454
1045.91	0.0272844
1046.04	0.0275285
1046.18	0.0273454
1046.31	0.0277727
1046.45	0.0274675
1046.58	0.0278948
1046.71	0.0282
1046.85	0.0276506
1046.98	0.0271623
1047.11	0.0273454
1047.25	0.0280168
1047.38	0.0274675
1047.52	0.0274675
1047.65	0.0272233
1047.78	0.0280168
1047.92	0.0275896
1048.05	0.028261
1048.18	0.0279558
1048.32	0.0279558
1048.45	0.0278337
1048.59	0.028261
1048.72	0.0274675
1048.85	0.0269792
1048.99	0.0279558
1049.12	0.0277117
1049.25	0.0283831
1049.39	0.0271013
1049.52	0.0271013
1049.66	0.028261
1049.79	0.0277117
1049.92	0.0280168
1050.06	0.0273454
1050.19	0.0274065
1050.33	0.0278337
1050.46	0.0278337
1050.59	0.0271623
1050.73	0.0274065
1050.86	0.0271013
1050.99	0.0278948
1051.13	0.0273454
1051.26	0.0268571
1051.4	0.0277727
1051.53	0.028322
1051.66	0.0271013
1051.8	0.0269181
1051.93	0.0277117
1052.06	0.0272844
1052.2	0.0275896
1052.33	0.0271013
1052.47	0.0272233
1052.6	0.0283831
1052.73	0.0282
1052.87	0.0280168
1053	0.0281389
1053.13	0.0274065
1053.27	0.0272233
1053.4	0.0278948
1053.54	0.0271623
1053.67	0.0275896
1053.8	0.028261
1053.94	0.0288714
1054.07	0.0276506
1054.2	0.0278948
1054.34	0.0277117
1054.47	0.0278948
1054.61	0.0275285
1054.74	0.0286883
1054.87	0.0276506
1055.01	0.0275896
1055.14	0.0274675
1055.27	0.0273454
1055.41	0.0274675
1055.54	0.0282
1055.68	0.0275896
1055.81	0.0267961
1055.94	0.0277117
1056.08	0.0274675
1056.21	0.0277117
1056.34	0.0269792
1056.48	0.0283831
1056.61	0.0275896
1056.75	0.0281389
1056.88	0.0274675
1057.01	0.0273454
1057.15	0.0277117
1057.28	0.0276506
1057.41	0.0272844
1057.55	0.0277117
1057.68	0.0281389
1057.82	0.0272844
1057.95	0.0281389
1058.08	0.0277117
1058.22	0.0278337
1058.35	0.0277727
1058.48	0.0271013
1058.62	0.0280168
1058.75	0.0277117
1058.89	0.0276506
1059.02	0.0274065
1059.15	0.0281389
1059.29	0.0276506
1059.42	0.0278337
1059.55	0.0277727
1059.69	0.0278948
1059.82	0.0283831
1059.96	0.0270402
1060.09	0.0277727
1060.22	0.0273454
1060.36	0.0277727
1060.49	0.0270402
1060.62	0.0285052
1060.76	0.0275285
1060.89	0.0272233
1061.03	0.0273454
1061.16	0.0278948
1061.29	0.0280779
1061.43	0.0267961
1061.56	0.0278337
1061.69	0.0282
1061.83	0.0283831
1061.96	0.0280779
1062.1	0.0271623
1062.23	0.0274675
1062.36	0.0277727
1062.5	0.0276506
1062.63	0.0272233
1062.76	0.0280779
1062.9	0.0267961
1063.03	0.0280168
1063.17	0.0274675
1063.3	0.0279558
1063.43	0.0279558
1063.57	0.0289324
1063.7	0.0280779
1063.83	0.0278948
1063.97	0.0285052
1064.1	0.0283831
1064.23	0.0274675
1064.37	0.0277727
1064.5	0.028261
1064.64	0.0272844
1064.77	0.0277727
1064.9	0.0271623
1065.04	0.0278337
1065.17	0.0280779
1065.3	0.0277117
1065.44	0.0280779
1065.57	0.0275896
1065.71	0.0277117
1065.84	0.0275896
1065.97	0.0279558
1066.11	0.0278337
1066.24	0.0276506
1066.37	0.026735
1066.51	0.0272844
1066.64	0.0274675
1066.78	0.0278948
1066.91	0.0268571
1067.04	0.0275285
1067.18	0.0265519
1067.31	0.0276506
1067.44	0.0277727
1067.58	0.0273454
1067.71	0.0281389
1067.85	0.0271013
1067.98	0.0273454
1068.11	0.0272233
1068.25	0.0267961
1068.38	0.0272233
1068.51	0.0271013
1068.65	0.026735
1068.78	0.0279558
1068.92	0.0277117
1069.05	0.0280779
1069.18	0.026735
1069.32	0.0278337
1069.45	0.0282
1069.58	0.0273454
1069.72	0.0278948
1069.85	0.0267961
1069.98	0.0274675
1070.12	0.0278337
1070.25	0.0272844
1070.39	0.0274065
1070.52	0.0275896
1070.65	0.0272844
1070.79	0.0282
1070.92	0.026735
1071.05	0.0273454
1071.19	0.026735
1071.32	0.0278948
1071.46	0.0275285
1071.59	0.0272844
1071.72	0.0275896
1071.86	0.0277117
1071.99	0.0278337
1072.12	0.0282
1072.26	0.0277117
1072.39	0.0277117
1072.53	0.0277727
1072.66	0.0281389
1072.79	0.0273454
1072.93	0.0274675
1073.06	0.0267961
1073.19	0.0275896
1073.33	0.0272844
1073.46	0.0279558
1073.59	0.0276506
1073.73	0.0277727
1073.86	0.0281389
1074	0.0276506
1074.13	0.0278948
1074.26	0.0278948
1074.4	0.0274675
1074.53	0.0277117
1074.66	0.0275285
1074.8	0.0276506
1074.93	0.0278948
1075.07	0.0275896
1075.2	0.0276506
1075.33	0.0274675
1075.47	0.0269792
1075.6	0.0272233
1075.73	0.0280168
1075.87	0.0278337
1076	0.0277117
1076.14	0.0277117
1076.27	0.0269792
1076.4	0.0278337
1076.54	0.0274065
1076.67	0.0285052
1076.8	0.0270402
1076.94	0.0276506
1077.07	0.0272844
1077.2	0.0269181
1077.34	0.0277117
1077.47	0.0277727
1077.61	0.0273454
1077.74	0.0283831
1077.87	0.0277727
1078.01	0.026674
1078.14	0.0273454
1078.27	0.0271013
1078.41	0.0275285
1078.54	0.0281389
1078.68	0.0276506
1078.81	0.0274065
1078.94	0.0270402
1079.08	0.0287493
1079.21	0.0281389
1079.34	0.0276506
1079.48	0.0272233
1079.61	0.0277727
1079.74	0.0274065
1079.88	0.0275285
1080.01	0.0280779
1080.15	0.0269181
1080.28	0.0271013
1080.41	0.028261
1080.55	0.0263078
1080.68	0.0271623
1080.81	0.0275285
1080.95	0.0272844
1081.08	0.0274675
1081.22	0.0278337
1081.35	0.0277117
1081.48	0.0282
1081.62	0.026613
1081.75	0.0282
1081.88	0.0269792
1082.02	0.0274675
1082.15	0.0286883
1082.28	0.0279558
1082.42	0.0278948
1082.55	0.0277727
1082.69	0.0278337
1082.82	0.0280168
1082.95	0.0284441
1083.09	0.0272233
1083.22	0.0276506
1083.35	0.0271013
1083.49	0.0283831
1083.62	0.0280168
1083.75	0.0278337
1083.89	0.0286883
1084.02	0.0281389
1084.16	0.0282
1084.29	0.0279558
1084.42	0.0280168
1084.56	0.0274675
1084.69	0.0278948
1084.82	0.0270402
1084.96	0.0278948
1085.09	0.0273454
1085.23	0.0277117
1085.36	0.0271623
1085.49	0.0276506
1085.63	0.0280779
1085.76	0.0272233
1085.89	0.0271623
1086.03	0.0275285
1086.16	0.0280168
1086.29	0.0278948
1086.43	0.0275285
1086.56	0.0277117
1086.7	0.0274065
1086.83	0.0274675
1086.96	0.0280168
1087.1	0.0277117
1087.23	0.028261
1087.36	0.0269181
1087.5	0.0277727
1087.63	0.0280168
1087.76	0.0281389
1087.9	0.0275285
1088.03	0.0272233
1088.17	0.0274065
1088.3	0.0280779
1088.43	0.0274675
1088.57	0.0277727
1088.7	0.0272844
1088.83	0.0275285
1088.97	0.0276506
1089.1	0.0279558
1089.24	0.0277117
1089.37	0.0282
1089.5	0.0275896
1089.64	0.0286883
1089.77	0.0274065
1089.9	0.0278948
1090.04	0.0269792
1090.17	0.0274065
1090.3	0.0284441
1090.44	0.0281389
1090.57	0.0282
1090.71	0.0272233
1090.84	0.0273454
1090.97	0.0277727
1091.11	0.0275896
1091.24	0.028261
1091.37	0.0278948
1091.51	0.0278337
1091.64	0.028322
1091.77	0.0284441
1091.91	0.0272844
1092.04	0.0275896
1092.18	0.0274065
1092.31	0.0274065
1092.44	0.0278948
1092.58	0.0274675
1092.71	0.0282
1092.84	0.0267961
1092.98	0.0278337
1093.11	0.0278337
1093.24	0.0280779
1093.38	0.028322
1093.51	0.0280168
1093.65	0.0289935
1093.78	0.026613
1093.91	0.0282
1094.05	0.0275285
1094.18	0.0285052
1094.31	0.0280779
1094.45	0.0276506
1094.58	0.0274675
1094.71	0.0273454
1094.85	0.0278337
1094.98	0.0274065
1095.12	0.0277117
1095.25	0.0269792
1095.38	0.0269181
1095.52	0.0277117
1095.65	0.0268571
1095.78	0.0278948
1095.92	0.0275285
1096.05	0.0274065
1096.18	0.0280168
1096.32	0.0282
1096.45	0.0272844
1096.59	0.0280168
1096.72	0.0274675
1096.85	0.0271013
1096.99	0.0272233
1097.12	0.0275285
1097.25	0.0282
1097.39	0.0280168
1097.52	0.0279558
1097.65	0.0277727
1097.79	0.026613
1097.92	0.0278948
1098.06	0.0274675
1098.19	0.0275285
1098.32	0.0280779
1098.46	0.0273454
1098.59	0.0275896
1098.72	0.0274065
1098.86	0.0280168
1098.99	0.0275896
1099.12	0.0271623
1099.26	0.0276506
1099.39	0.0285662
1099.53	0.0274675
1099.66	0.0283831
1099.79	0.0275896
1099.93	0.0276506
1100.06	0.0280168
1100.19	0.0274065
1100.33	0.0273454
1100.46	0.0271013
1100.59	0.0274065
1100.73	0.0277117
1100.86	0.0274675
1100.99	0.0271623
1101.13	0.0272844
1101.26	0.0272844
1101.4	0.0272233
1101.53	0.0278337
1101.66	0.0286272
1101.8	0.0283831
1101.93	0.0272233
1102.06	0.0275896
1102.2	0.0271623
1102.33	0.0279558
1102.46	0.0270402
1102.6	0.0284441
1102.73	0.0265519
1102.87	0.0277727
1103	0.0270402
1103.13	0.0280168
1103.27	0.0278948
1103.4	0.0271013
1103.53	0.0273454
1103.67	0.0274065
1103.8	0.028261
1103.93	0.0276506
1104.07	0.0275896
1104.2	0.0279558
1104.34	0.0281389
1104.47	0.0272844
1104.6	0.028261
1104.74	0.0271623
1104.87	0.0274675
1105	0.0274675
1105.14	0.0285662
1105.27	0.0281389
1105.4	0.0270402
1105.54	0.0276506
1105.67	0.0271623
1105.8	0.0282
1105.94	0.0275285
1106.07	0.0278948
1106.21	0.0279558
1106.34	0.0274065
1106.47	0.0274065
1106.61	0.0277727
1106.74	0.0280168
1106.87	0.0278337
1107.01	0.0274065
1107.14	0.0278948
1107.27	0.028322
1107.41	0.0280779
1107.54	0.0279558

