Source: Spectrum Viewer

Chart: Pulse Spectrum

Series: 
Wavelength (nm)	S (a.u.)
617.638	0.0280168
617.773	0.0274675
617.908	0.0273454
618.043	0.0280779
618.178	0.0273454
618.313	0.0278337
618.448	0.0274065
618.583	0.0282
618.718	0.0279558
618.853	0.0271013
618.988	0.0272844
619.123	0.0271013
619.258	0.0270402
619.394	0.0280168
619.529	0.0283831
619.664	0.0275285
619.799	0.0280168
619.934	0.0275285
620.069	0.0275285
620.204	0.026613
620.339	0.0282
620.474	0.0278337
620.609	0.0279558
620.744	0.0273454
620.879	0.0286883
621.014	0.028261
621.149	0.0277117
621.284	0.0274065
621.419	0.0279558
621.554	0.0269792
621.689	0.0284441
621.825	0.0277727
621.96	0.0276506
622.095	0.0274065
622.23	0.0269792
622.365	0.028261
622.5	0.0280168
622.635	0.0277727
622.77	0.0277117
622.905	0.0275285
623.04	0.0269792
623.175	0.0277117
623.31	0.0280168
623.445	0.0275896
623.58	0.0282
623.715	0.0277117
623.85	0.0277117
623.985	0.0280168
624.12	0.0280168
624.255	0.0274675
624.39	0.0284441
624.525	0.0272844
624.661	0.0277117
624.796	0.0277727
624.931	0.0277727
625.066	0.0275285
625.201	0.0277117
625.336	0.0280168
625.471	0.0278337
625.606	0.0275896
625.741	0.0278948
625.876	0.0280779
626.011	0.0280779
626.146	0.0286272
626.281	0.0283831
626.416	0.0274065
626.551	0.0278948
626.686	0.0271013
626.821	0.0274675
626.956	0.0276506
627.091	0.0285052
627.226	0.0280779
627.361	0.0275285
627.496	0.0276506
627.631	0.028261
627.766	0.0274675
627.901	0.0278337
628.036	0.0271623
628.171	0.0272233
628.307	0.0278948
628.442	0.0272844
628.577	0.0275896
628.712	0.0283831
628.847	0.0276506
628.982	0.0267961
629.117	0.0268571
629.252	0.0275896
629.387	0.0273454
629.522	0.0280168
629.657	0.0278337
629.792	0.0277727
629.927	0.0277727
630.062	0.0279558
630.197	0.0281389
630.332	0.0273454
630.467	0.0290545
630.602	0.0272844
630.737	0.0277117
630.872	0.0278337
631.007	0.0271623
631.142	0.0276506
631.277	0.0274675
631.412	0.0275285
631.547	0.0275285
631.682	0.0275285
631.817	0.0269792
631.952	0.0273454
632.087	0.0272844
632.222	0.0281389
632.357	0.0275285
632.492	0.0280779
632.627	0.0277117
632.762	0.0275896
632.897	0.0277727
633.032	0.0278337
633.167	0.028261
633.302	0.0270402
633.437	0.0273454
633.572	0.0277727
633.707	0.0272844
633.842	0.0270402
633.978	0.0273454
634.113	0.028322
634.248	0.0275285
634.383	0.0274675
634.518	0.0269792
634.653	0.0277727
634.788	0.0281389
634.923	0.0280168
635.058	0.0268571
635.193	0.0278948
635.328	0.028261
635.463	0.0276506
635.598	0.0280779
635.733	0.028261
635.868	0.0270402
636.003	0.0272844
636.138	0.0276506
636.273	0.028322
636.408	0.0277117
636.543	0.0265519
636.678	0.0270402
636.813	0.0277727
636.948	0.0273454
637.083	0.0277727
637.218	0.0277117
637.353	0.0278948
637.488	0.0273454
637.623	0.0277117
637.758	0.0273454
637.893	0.0272233
638.028	0.0270402
638.163	0.0277727
638.298	0.0278948
638.433	0.0274675
638.568	0.0278948
638.703	0.0286272
638.838	0.0269181
638.973	0.0280168
639.108	0.0277727
639.243	0.0274675
639.378	0.0277117
639.513	0.0281389
639.648	0.0272844
639.783	0.028261
639.918	0.028261
640.053	0.0281389
640.188	0.0271623
640.323	0.0278337
640.458	0.0278337
640.593	0.0274065
640.728	0.0275896
640.863	0.0280779
640.998	0.0280779
641.133	0.0273454
641.268	0.0272233
641.403	0.0276506
641.538	0.0275896
641.673	0.0274675
641.808	0.0281389
641.943	0.0274065
642.078	0.0277727
642.213	0.0276506
642.348	0.0277727
642.483	0.0279558
642.618	0.0271623
642.753	0.0283831
642.888	0.0274675
643.023	0.0274065
643.158	0.0275896
643.293	0.0272233
643.428	0.0280168
643.563	0.0271013
643.698	0.0270402
643.833	0.0277727
643.968	0.0274065
644.103	0.026735
644.237	0.0271623
644.372	0.0277727
644.507	0.0281389
644.642	0.0275896
644.777	0.0272233
644.912	0.0275896
645.047	0.0274675
645.182	0.0267961
645.317	0.0277727
645.452	0.0271623
645.587	0.0281389
645.722	0.0278337
645.857	0.0275285
645.992	0.0280779
646.127	0.0275896
646.262	0.0278948
646.397	0.0273454
646.532	0.0277117
646.667	0.0271013
646.802	0.0278948
646.937	0.0269181
647.072	0.0280779
647.207	0.0272844
647.342	0.0268571
647.477	0.0273454
647.612	0.0278337
647.747	0.0263688
647.882	0.0278337
648.017	0.0279558
648.152	0.0287493
648.287	0.0277727
648.422	0.0284441
648.557	0.0280168
648.692	0.0280779
648.827	0.0279558
648.962	0.0272844
649.097	0.0282
649.232	0.0274065
649.367	0.0264298
649.502	0.0274675
649.637	0.0280168
649.772	0.0280168
649.906	0.0260636
650.041	0.0286883
650.176	0.028322
650.311	0.0282
650.446	0.0269792
650.581	0.0274065
650.716	0.0278337
650.851	0.0277117
650.986	0.0280168
651.121	0.0278337
651.256	0.026674
651.391	0.0271623
651.526	0.0280168
651.661	0.0280779
651.796	0.026735
651.931	0.026674
652.066	0.0270402
652.201	0.0272844
652.336	0.0279558
652.471	0.0274065
652.606	0.0277727
652.741	0.0278337
652.876	0.028322
653.011	0.0272844
653.146	0.0281389
653.281	0.0278337
653.415	0.0274675
653.55	0.0278337
653.685	0.0277117
653.82	0.028261
653.955	0.0275896
654.09	0.0279558
654.225	0.0285052
654.36	0.0276506
654.495	0.0283831
654.63	0.0278948
654.765	0.0274675
654.9	0.0278948
655.035	0.0280779
655.17	0.028322
655.305	0.0282
655.44	0.0267961
655.575	0.0274675
655.71	0.0279558
655.845	0.0271623
655.98	0.0272233
656.115	0.0281389
656.25	0.0278948
656.384	0.0278337
656.519	0.0273454
656.654	0.0273454
656.789	0.0276506
656.924	0.0275285
657.059	0.0274675
657.194	0.0280779
657.329	0.0274065
657.464	0.0277727
657.599	0.0280168
657.734	0.028261
657.869	0.0272844
658.004	0.0276506
658.139	0.0285052
658.274	0.0282
658.409	0.0281389
658.544	0.0275896
658.679	0.0270402
658.813	0.0277117
658.948	0.0279558
659.083	0.0275896
659.218	0.0278337
659.353	0.0267961
659.488	0.0277727
659.623	0.0273454
659.758	0.0281389
659.893	0.0272844
660.028	0.0275896
660.163	0.0281389
660.298	0.0275285
660.433	0.0271013
660.568	0.0273454
660.703	0.0276506
660.838	0.0275896
660.972	0.0278337
661.107	0.0277117
661.242	0.0268571
661.377	0.0277117
661.512	0.0263078
661.647	0.026674
661.782	0.0273454
661.917	0.0285662
662.052	0.0271013
662.187	0.0269792
662.322	0.0272844
662.457	0.0277117
662.592	0.0269181
662.727	0.0283831
662.862	0.0279558
662.996	0.0281389
663.131	0.0270402
663.266	0.0276506
663.401	0.0281389
663.536	0.0278337
663.671	0.028261
663.806	0.0274675
663.941	0.0277117
664.076	0.0281389
664.211	0.0277117
664.346	0.0272844
664.481	0.0271623
664.616	0.0271013
664.75	0.0282
664.885	0.0278948
665.02	0.0271623
665.155	0.0272844
665.29	0.0274675
665.425	0.0275285
665.56	0.0278948
665.695	0.0274675
665.83	0.028261
665.965	0.0277727
666.1	0.0276506
666.235	0.0274675
666.37	0.0275896
666.504	0.0280779
666.639	0.0275896
666.774	0.028322
666.909	0.0271013
667.044	0.0271013
667.179	0.0269181
667.314	0.0279558
667.449	0.026735
667.584	0.0269181
667.719	0.0269792
667.854	0.0277727
667.989	0.0270402
668.123	0.0275285
668.258	0.0270402
668.393	0.0282
668.528	0.0276506
668.663	0.0276506
668.798	0.0275285
668.933	0.0275285
669.068	0.0272844
669.203	0.0275285
669.338	0.0272844
669.473	0.0269181
669.607	0.0280779
669.742	0.0278337
669.877	0.0274065
670.012	0.0271623
670.147	0.0275285
670.282	0.0274675
670.417	0.0272844
670.552	0.0275896
670.687	0.0277727
670.822	0.0276506
670.957	0.0276506
671.091	0.0280168
671.226	0.0272233
671.361	0.0277117
671.496	0.0272233
671.631	0.0279558
671.766	0.0275896
671.901	0.028322
672.036	0.0276506
672.171	0.0280168
672.306	0.0274675
672.44	0.0273454
672.575	0.0272233
672.71	0.0276506
672.845	0.0279558
672.98	0.0273454
673.115	0.0282
673.25	0.0270402
673.385	0.0273454
673.52	0.0280779
673.655	0.0271623
673.789	0.0277117
673.924	0.0275285
674.059	0.0275285
674.194	0.0273454
674.329	0.028322
674.464	0.0273454
674.599	0.0289935
674.734	0.0273454
674.869	0.0278337
675.003	0.028261
675.138	0.0271013
675.273	0.0278337
675.408	0.0272844
675.543	0.0274675
675.678	0.0272233
675.813	0.0268571
675.948	0.0275285
676.083	0.0277117
676.217	0.0274675
676.352	0.0275896
676.487	0.0288714
676.622	0.0272233
676.757	0.0278948
676.892	0.0275285
677.027	0.0273454
677.162	0.0276506
677.297	0.0282
677.431	0.0271013
677.566	0.0280168
677.701	0.0283831
677.836	0.0284441
677.971	0.0272233
678.106	0.0275285
678.241	0.0274675
678.376	0.0276506
678.511	0.0275896
678.645	0.0280168
678.78	0.0270402
678.915	0.0278337
679.05	0.0279558
679.185	0.0280779
679.32	0.0275285
679.455	0.0272844
679.59	0.0277727
679.724	0.0277117
679.859	0.0275896
679.994	0.026613
680.129	0.0283831
680.264	0.0282
680.399	0.0270402
680.534	0.0279558
680.669	0.0272233
680.803	0.0276506
680.938	0.0281389
681.073	0.0271623
681.208	0.0272844
681.343	0.0278337
681.478	0.0272844
681.613	0.0282
681.748	0.0280168
681.882	0.0272844
682.017	0.0285052
682.152	0.0276506
682.287	0.0282
682.422	0.0274065
682.557	0.0274675
682.692	0.0275896
682.827	0.0278337
682.961	0.0264909
683.096	0.0276506
683.231	0.0282
683.366	0.0273454
683.501	0.0268571
683.636	0.0271013
683.771	0.0275285
683.906	0.0276506
684.04	0.028322
684.175	0.0275896
684.31	0.026735
684.445	0.0265519
684.58	0.0275285
684.715	0.0275896
684.85	0.0278948
684.984	0.0275285
685.119	0.0282
685.254	0.0277727
685.389	0.0280168
685.524	0.0281389
685.659	0.0273454
685.794	0.0269792
685.928	0.0274675
686.063	0.0269181
686.198	0.0277727
686.333	0.0280779
686.468	0.0272233
686.603	0.028261
686.738	0.0274675
686.872	0.0273454
687.007	0.0275285
687.142	0.0279558
687.277	0.0283831
687.412	0.0275285
687.547	0.0272844
687.682	0.0272844
687.816	0.026735
687.951	0.0280168
688.086	0.0279558
688.221	0.0276506
688.356	0.026674
688.491	0.0278948
688.626	0.0278337
688.76	0.0274065
688.895	0.0278948
689.03	0.0277727
689.165	0.0275285
689.3	0.028261
689.435	0.0279558
689.57	0.0271623
689.704	0.0283831
689.839	0.0271013
689.974	0.0280168
690.109	0.0284441
690.244	0.0284441
690.379	0.0285052
690.513	0.0279558
690.648	0.0275896
690.783	0.0275285
690.918	0.0278337
691.053	0.028261
691.188	0.0274675
691.323	0.0274675
691.457	0.0274675
691.592	0.0285052
691.727	0.0275285
691.862	0.0274065
691.997	0.0281389
692.132	0.0273454
692.266	0.0280779
692.401	0.028261
692.536	0.0271013
692.671	0.028261
692.806	0.0265519
692.941	0.0277727
693.075	0.028261
693.21	0.0278948
693.345	0.0278948
693.48	0.0274065
693.615	0.0287493
693.75	0.0274675
693.885	0.0271013
694.019	0.0270402
694.154	0.0278337
694.289	0.028261
694.424	0.0275285
694.559	0.0273454
694.694	0.0277117
694.828	0.0277727
694.963	0.0285662
695.098	0.026613
695.233	0.0275285
695.368	0.0279558
695.503	0.0280779
695.637	0.0275285
695.772	0.0270402
695.907	0.0274675
696.042	0.0276506
696.177	0.0288714
696.312	0.0273454
696.446	0.026735
696.581	0.0280168
696.716	0.0274065
696.851	0.0271013
696.986	0.0277117
697.12	0.0276506
697.255	0.028261
697.39	0.0264909
697.525	0.0285052
697.66	0.026735
697.795	0.0274065
697.929	0.0272844
698.064	0.0271623
698.199	0.0276506
698.334	0.0274675
698.469	0.0279558
698.604	0.026674
698.738	0.0273454
698.873	0.0280779
699.008	0.0276506
699.143	0.0277727
699.278	0.028322
699.412	0.0287493
699.547	0.0281389
699.682	0.0283831
699.817	0.0264298
699.952	0.0277727
700.087	0.0267961
700.221	0.0281389
700.356	0.0274065
700.491	0.0281389
700.626	0.0275896
700.761	0.0272233
700.895	0.0263688
701.03	0.0274675
701.165	0.0269792
701.3	0.0278948
701.435	0.0275285
701.57	0.0278948
701.704	0.0286272
701.839	0.0283831
701.974	0.0275896
702.109	0.0275896
702.244	0.0274065
702.378	0.0277727
702.513	0.0278337
702.648	0.0277117
702.783	0.0278948
702.918	0.0276506
703.052	0.0272844
703.187	0.0280168
703.322	0.0274675
703.457	0.0286883
703.592	0.0280168
703.727	0.0280168
703.861	0.0270402
703.996	0.0272844
704.131	0.0269792
704.266	0.0274675
704.401	0.0275285
704.535	0.0277727
704.67	0.0271623
704.805	0.0274675
704.94	0.0275896
705.075	0.0268571
705.209	0.0268571
705.344	0.0275896
705.479	0.0277117
705.614	0.026735
705.749	0.0273454
705.883	0.0269792
706.018	0.0277117
706.153	0.0286883
706.288	0.0276506
706.423	0.0272233
706.557	0.0274065
706.692	0.0275896
706.827	0.0270402
706.962	0.0277727
707.097	0.0278948
707.231	0.0268571
707.366	0.0268571
707.501	0.0269181
707.636	0.0276506
707.771	0.0272844
707.905	0.0272233
708.04	0.0277727
708.175	0.028322
708.31	0.0278948
708.445	0.0274065
708.579	0.0291155
708.714	0.0272844
708.849	0.0268571
708.984	0.0274675
709.118	0.0280168
709.253	0.0281389
709.388	0.0273454
709.523	0.0271623
709.658	0.0276506
709.792	0.0273454
709.927	0.0279558
710.062	0.0279558
710.197	0.0280779
710.332	0.0269181
710.466	0.0275896
710.601	0.0278337
710.736	0.0274675
710.871	0.0272844
711.006	0.0272844
711.14	0.0274065
711.275	0.0284441
711.41	0.028261
711.545	0.0271013
711.679	0.0274065
711.814	0.0278337
711.949	0.0265519
712.084	0.028261
712.219	0.0278948
712.353	0.0281389
712.488	0.0274065
712.623	0.0272844
712.758	0.0277117
712.892	0.0269181
713.027	0.0275896
713.162	0.0274675
713.297	0.0281389
713.432	0.0274065
713.566	0.0275896
713.701	0.0272233
713.836	0.0278948
713.971	0.0270402
714.105	0.0270402
714.24	0.0274675
714.375	0.0281389
714.51	0.0274065
714.645	0.0275896
714.779	0.0282
714.914	0.0274065
715.049	0.0269792
715.184	0.028261
715.318	0.0287493
715.453	0.0271013
715.588	0.0280779
715.723	0.0278337
715.858	0.0274065
715.992	0.0286883
716.127	0.028261
716.262	0.0279558
716.397	0.0277117
716.531	0.0281389
716.666	0.0283831
716.801	0.0281389
716.936	0.0284441
717.07	0.0277117
717.205	0.0270402
717.34	0.026735
717.475	0.0278337
717.61	0.0278948
717.744	0.0276506
717.879	0.0273454
718.014	0.0279558
718.149	0.0269181
718.283	0.0274675
718.418	0.0275285
718.553	0.0275896
718.688	0.0282
718.822	0.0279558
718.957	0.0282
719.092	0.0274065
719.227	0.0276506
719.361	0.0276506
719.496	0.0275285
719.631	0.0277727
719.766	0.0286883
719.9	0.0274065
720.035	0.0281389
720.17	0.028322
720.305	0.0274065
720.44	0.0275896
720.574	0.0280779
720.709	0.028261
720.844	0.0282
720.979	0.0280168
721.113	0.028261
721.248	0.0280168
721.383	0.0278337
721.518	0.0274675
721.652	0.026613
721.787	0.0277727
721.922	0.026613
722.057	0.0282
722.191	0.0278337
722.326	0.0278337
722.461	0.0285052
722.596	0.0274065
722.73	0.0280168
722.865	0.0278337
723	0.0282
723.135	0.0272233
723.269	0.0272844
723.404	0.0277727
723.539	0.026735
723.674	0.0274065
723.808	0.0277727
723.943	0.0277117
724.078	0.0282
724.213	0.0280779
724.347	0.0273454
724.482	0.0275896
724.617	0.0274065
724.752	0.0273454
724.886	0.0277727
725.021	0.0278337
725.156	0.0274065
725.291	0.0285662
725.425	0.0276506
725.56	0.0277117
725.695	0.0278337
725.829	0.0276506
725.964	0.0280779
726.099	0.0273454
726.234	0.0279558
726.368	0.0283831
726.503	0.0270402
726.638	0.0275896
726.773	0.0271623
726.907	0.0286272
727.042	0.0275285
727.177	0.0272844
727.312	0.0286883
727.446	0.0268571
727.581	0.0278948
727.716	0.0278337
727.851	0.0283831
727.985	0.0271623
728.12	0.0279558
728.255	0.0283831
728.389	0.0272844
728.524	0.0276506
728.659	0.0273454
728.794	0.0280779
728.928	0.0268571
729.063	0.0284441
729.198	0.0270402
729.333	0.0284441
729.467	0.0275285
729.602	0.0282
729.737	0.0282
729.872	0.028261
730.006	0.0280168
730.141	0.0278337
730.276	0.0277727
730.41	0.0275285
730.545	0.0270402
730.68	0.0259415
730.815	0.0273454
730.949	0.028322
731.084	0.0270402
731.219	0.0267961
731.354	0.0280779
731.488	0.0272233
731.623	0.0271623
731.758	0.0285052
731.892	0.0276506
732.027	0.0272844
732.162	0.0280168
732.297	0.0278948
732.431	0.0275896
732.566	0.0272844
732.701	0.028322
732.835	0.0275285
732.97	0.0274065
733.105	0.0269792
733.24	0.0289324
733.374	0.0269792
733.509	0.0278337
733.644	0.0278337
733.779	0.0272233
733.913	0.0275285
734.048	0.0278948
734.183	0.0278948
734.317	0.0274065
734.452	0.0274675
734.587	0.0282
734.722	0.0281389
734.856	0.0276506
734.991	0.0275285
735.126	0.0275285
735.26	0.0274675
735.395	0.0267961
735.53	0.0277117
735.665	0.0278337
735.799	0.0278337
735.934	0.0278337
736.069	0.0275896
736.203	0.0279558
736.338	0.0279558
736.473	0.0277117
736.607	0.0274065
736.742	0.0275896
736.877	0.0278337
737.012	0.0277117
737.146	0.0279558
737.281	0.0279558
737.416	0.0275285
737.55	0.0271623
737.685	0.0275285
737.82	0.0277727
737.955	0.0264909
738.089	0.0279558
738.224	0.0276506
738.359	0.0269181
738.493	0.0283831
738.628	0.0273454
738.763	0.0279558
738.897	0.0269792
739.032	0.0270402
739.167	0.0268571
739.302	0.028322
739.436	0.0280779
739.571	0.0283831
739.706	0.0278948
739.84	0.0276506
739.975	0.0275896
740.11	0.0271013
740.244	0.0277727
740.379	0.0280168
740.514	0.0278337
740.649	0.028261
740.783	0.0280779
740.918	0.0271013
741.053	0.0280779
741.187	0.0267961
741.322	0.0287493
741.457	0.0277727
741.591	0.0269181
741.726	0.0280779
741.861	0.0272844
741.996	0.0274065
742.13	0.0277117
742.265	0.0272233
742.4	0.0270402
742.534	0.0282
742.669	0.0277117
742.804	0.0276506
742.938	0.0272233
743.073	0.0283831
743.208	0.0278337
743.342	0.0272233
743.477	0.0269181
743.612	0.0277727
743.747	0.028322
743.881	0.0267961
744.016	0.0275896
744.151	0.0280168
744.285	0.0271623
744.42	0.0274065
744.555	0.028322
744.689	0.0275285
744.824	0.028261
744.959	0.0273454
745.093	0.026735
745.228	0.0276506
745.363	0.0270402
745.497	0.0276506
745.632	0.0269181
745.767	0.0278948
745.901	0.0274065
746.036	0.0282
746.171	0.0271623
746.305	0.0282
746.44	0.0274675
746.575	0.0274675
746.71	0.0278948
746.844	0.0272844
746.979	0.0270402
747.114	0.0270402
747.248	0.0275896
747.383	0.0280168
747.518	0.0277117
747.652	0.0280779
747.787	0.0268571
747.922	0.0285052
748.056	0.0280168
748.191	0.0277117
748.326	0.0277117
748.46	0.0275285
748.595	0.0274065
748.73	0.0273454
748.864	0.0273454
748.999	0.0285052
749.134	0.0275896
749.268	0.0275896
749.403	0.0280168
749.538	0.0272233
749.672	0.0271623
749.807	0.0273454
749.942	0.0277727
750.076	0.0279558
750.211	0.0275896
750.346	0.0272844
750.48	0.0271013
750.615	0.0280168
750.75	0.0275285
750.884	0.0281389
751.019	0.0275285
751.154	0.0278948
751.288	0.0276506
751.423	0.0277117
751.558	0.0280168
751.692	0.0275896
751.827	0.0277117
751.962	0.0280779
752.096	0.0275285
752.231	0.0280168
752.366	0.0274065
752.5	0.0274675
752.635	0.0273454
752.77	0.028322
752.904	0.0277117
753.039	0.0274675
753.174	0.0274675
753.308	0.0282
753.443	0.028261
753.578	0.0275285
753.712	0.0275285
753.847	0.0280779
753.982	0.0276506
754.116	0.0274675
754.251	0.0277727
754.386	0.028261
754.52	0.0273454
754.655	0.0281389
754.79	0.0274675
754.924	0.0286883
755.059	0.0278337
755.194	0.0278337
755.328	0.028322
755.463	0.0269792
755.597	0.0271013
755.732	0.0278948
755.867	0.0276506
756.001	0.0280168
756.136	0.0274675
756.271	0.028322
756.405	0.0274675
756.54	0.0276506
756.675	0.0277117
756.809	0.0279558
756.944	0.0282
757.079	0.0280779
757.213	0.0278948
757.348	0.0269792
757.483	0.0279558
757.617	0.0277117
757.752	0.0276506
757.887	0.0269181
758.021	0.0272844
758.156	0.028322
758.29	0.0278948
758.425	0.0271013
758.56	0.0273454
758.694	0.0277117
758.829	0.0282
758.964	0.0272233
759.098	0.0275896
759.233	0.0285662
759.368	0.0277117
759.502	0.0271013
759.637	0.0271013
759.772	0.0274675
759.906	0.0275285
760.041	0.0279558
760.175	0.0270402
760.31	0.0268571
760.445	0.0279558
760.579	0.0272233
760.714	0.0277117
760.849	0.0274675
760.983	0.0283831
761.118	0.0272844
761.253	0.0275896
761.387	0.0277117
761.522	0.0279558
761.656	0.0283831
761.791	0.0274675
761.926	0.0269181
762.06	0.0268571
762.195	0.0279558
762.33	0.0270402
762.464	0.0269792
762.599	0.0275896
762.733	0.0276506
762.868	0.0280168
763.003	0.0277727
763.137	0.0283831
763.272	0.0279558
763.407	0.028322
763.541	0.0282
763.676	0.0271623
763.811	0.0275285
763.945	0.0280168
764.08	0.0278948
764.214	0.0272233
764.349	0.0278337
764.484	0.0274675
764.618	0.0276506
764.753	0.0271013
764.888	0.0278948
765.022	0.0277117
765.157	0.0288104
765.291	0.0280168
765.426	0.0271623
765.561	0.0278337
765.695	0.0277117
765.83	0.0280779
765.965	0.0272844
766.099	0.0274065
766.234	0.0271623
766.368	0.0275285
766.503	0.0271623
766.638	0.0273454
766.772	0.0277727
766.907	0.0278337
767.041	0.0277117
767.176	0.0287493
767.311	0.0284441
767.445	0.0277117
767.58	0.0273454
767.715	0.0274675
767.849	0.0286883
767.984	0.0274065
768.118	0.0273454
768.253	0.0270402
768.388	0.028322
768.522	0.0277117
768.657	0.0276506
768.791	0.0278337
768.926	0.0278948
769.061	0.0274675
769.195	0.0286883
769.33	0.0277117
769.465	0.0280779
769.599	0.0275896
769.734	0.0286883
769.868	0.0280168
770.003	0.0263078
770.138	0.0278337
770.272	0.0277117
770.407	0.0278337
770.541	0.0274065
770.676	0.0271623
770.811	0.0278337
770.945	0.0271623
771.08	0.0276506
771.214	0.0274675
771.349	0.0279558
771.484	0.0283831
771.618	0.028322
771.753	0.0282
771.887	0.028322
772.022	0.0274675
772.157	0.0268571
772.291	0.0273454
772.426	0.0275896
772.56	0.0278948
772.695	0.0282
772.83	0.0270402
772.964	0.0273454
773.099	0.0274675
773.233	0.0278337
773.368	0.0274675
773.503	0.0276506
773.637	0.0275896
773.772	0.0282
773.906	0.0285662
774.041	0.028322
774.176	0.0280168
774.31	0.0282
774.445	0.0271623
774.579	0.0278337
774.714	0.028261
774.849	0.0275285
774.983	0.0272233
775.118	0.0274675
775.252	0.0267961
775.387	0.0274675
775.522	0.0274065
775.656	0.0280168
775.791	0.0276506
775.925	0.0276506
776.06	0.0281389
776.195	0.0280779
776.329	0.0280168
776.464	0.0288714
776.598	0.0275896
776.733	0.026613
776.868	0.028261
777.002	0.028261
777.137	0.0280779
777.271	0.0278948
777.406	0.0274675
777.54	0.0280779
777.675	0.0276506
777.81	0.0277727
777.944	0.0275896
778.079	0.028322
778.213	0.0275285
778.348	0.0277117
778.483	0.0277117
778.617	0.028261
778.752	0.0275285
778.886	0.0278948
779.021	0.0288104
779.155	0.0278948
779.29	0.028261
779.425	0.0279558
779.559	0.0280779
779.694	0.0268571
779.828	0.0280168
779.963	0.0280168
780.098	0.0278337
780.232	0.0285662
780.367	0.0285662
780.501	0.0268571
780.636	0.0284441
780.77	0.0274675
780.905	0.0283831
781.04	0.0269181
781.174	0.0280168
781.309	0.0276506
781.443	0.0272233
781.578	0.0273454
781.712	0.0275896
781.847	0.0277727
781.982	0.0274065
782.116	0.0275896
782.251	0.0270402
782.385	0.0273454
782.52	0.0279558
782.654	0.0275896
782.789	0.0275285
782.924	0.0277727
783.058	0.0282
783.193	0.0279558
783.327	0.0277117
783.462	0.0272844
783.596	0.0278337
783.731	0.0280168
783.866	0.0269792
784	0.0275896
784.135	0.0272233
784.269	0.0269792
784.404	0.0275285
784.538	0.0277117
784.673	0.028322
784.808	0.0279558
784.942	0.0274675
785.077	0.0277117
785.211	0.0274065
785.346	0.0275896
785.48	0.0272844
785.615	0.0285662
785.75	0.0279558
785.884	0.0271623
786.019	0.026735
786.153	0.0278337
786.288	0.0277727
786.422	0.028322
786.557	0.0277117
786.691	0.0274065
786.826	0.0280779
786.961	0.0278337
787.095	0.0278337
787.23	0.0273454
787.364	0.0282
787.499	0.0282
787.633	0.0285662
787.768	0.0278337
787.902	0.0282
788.037	0.0282
788.172	0.0271013
788.306	0.0275896
788.441	0.0278337
788.575	0.0280168
788.71	0.0275285
788.844	0.0283831
788.979	0.0271013
789.113	0.0278337
789.248	0.0275285
789.383	0.0278337
789.517	0.0277117
789.652	0.0276506
789.786	0.0278337
789.921	0.0280779
790.055	0.0265519
790.19	0.0278948
790.324	0.0283831
790.459	0.0275285
790.594	0.0272844
790.728	0.0269181
790.863	0.0277727
790.997	0.0279558
791.132	0.0286272
791.266	0.0273454
791.401	0.0269792
791.535	0.0285052
791.67	0.0283831
791.804	0.0281389
791.939	0.0274675
792.074	0.0282
792.208	0.0269181
792.343	0.0282
792.477	0.0280168
792.612	0.0285052
792.746	0.0271013
792.881	0.0274065
793.015	0.0277727
793.15	0.0279558
793.284	0.0268571
793.419	0.028261
793.553	0.0282
793.688	0.0288714
793.823	0.0271013
793.957	0.0281389
794.092	0.0285662
794.226	0.0289324
794.361	0.0273454
794.495	0.0272233
794.63	0.0284441
794.764	0.0267961
794.899	0.0285052
795.033	0.0272233
795.168	0.0277117
795.302	0.0283831
795.437	0.0277727
795.572	0.0278337
795.706	0.0279558
795.841	0.0286883
795.975	0.0280168
796.11	0.028261
796.244	0.0285662
796.379	0.0276506
796.513	0.0282
796.648	0.0284441
796.782	0.0284441
796.917	0.0281389
797.051	0.0277117
797.186	0.0285052
797.32	0.0278337
797.455	0.028322
797.589	0.0278337
797.724	0.0286883
797.859	0.0278948
797.993	0.0282
798.128	0.0288714
798.262	0.0286883
798.397	0.0285052
798.531	0.0287493
798.666	0.0284441
798.8	0.0286883
798.935	0.028322
799.069	0.0290545
799.204	0.0286883
799.338	0.028322
799.473	0.029848
799.607	0.0289935
799.742	0.0286883
799.876	0.0295428
800.011	0.0295428
800.145	0.0285052
800.28	0.0294207
800.414	0.0288714
800.549	0.0292987
800.683	0.0285662
800.818	0.0290545
800.953	0.0294818
801.087	0.0290545
801.222	0.0296649
801.356	0.0303363
801.491	0.0296039
801.625	0.0299701
801.76	0.0307026
801.894	0.0300922
802.029	0.0308857
802.163	0.0299701
802.298	0.0294207
802.432	0.0303974
802.567	0.0307026
802.701	0.0316792
802.836	0.0310688
802.97	0.0302142
803.105	0.0322285
803.239	0.0305194
803.374	0.0319844
803.508	0.0322896
803.643	0.0333272
803.777	0.0329
803.912	0.0327168
804.046	0.033022
804.181	0.0347311
804.315	0.0348532
804.45	0.0350974
804.584	0.0363792
804.719	0.0372337
804.853	0.0367454
804.988	0.0382714
805.122	0.0414454
805.257	0.0418727
805.391	0.0430324
805.526	0.0450467
805.66	0.0487701
805.795	0.0581701
805.929	0.089483
806.064	0.149667
806.198	0.152902
806.333	0.12104
806.467	0.124275
806.602	0.491729
806.736	0.716535
806.871	1
807.005	1
807.14	1
807.274	1
807.409	1
807.543	0.997864
807.678	1
807.812	0.991271
807.947	1
808.081	0.981932
808.216	0.996643
808.35	0.96472
808.485	0.992309
808.619	0.873405
808.754	0.986022
808.888	0.981627
809.023	0.976256
809.157	0.966245
809.292	0.957212
809.426	0.913447
809.561	0.313923
809.695	0.108649
809.83	0.0529207
809.964	0.0453519
810.099	0.0430324
810.233	0.0397363
810.368	0.0378441
810.502	0.0377831
810.637	0.0351584
810.771	0.034548
810.906	0.0355857
811.04	0.0339376
811.175	0.0335714
811.309	0.0323506
811.444	0.0324727
811.578	0.0330831
811.713	0.0324116
811.847	0.0312519
811.982	0.0316792
812.116	0.0311909
812.251	0.0319844
812.385	0.0311298
812.519	0.0305805
812.654	0.0303363
812.788	0.0300922
812.923	0.0304584
813.057	0.0305805
813.192	0.0286272
813.326	0.0301532
813.461	0.0288714
813.595	0.0295428
813.73	0.0292987
813.864	0.0301532
813.999	0.0296039
814.133	0.0291155
814.268	0.0283831
814.402	0.0291155
814.537	0.0291766
814.671	0.0295428
814.806	0.0281389
814.94	0.0288104
815.075	0.0290545
815.209	0.0285662
815.344	0.0285662
815.478	0.0285052
815.612	0.0288104
815.747	0.0286883
815.881	0.0285052
816.016	0.0287493
816.15	0.0290545
816.285	0.0291155
816.419	0.0284441
816.554	0.0276506
816.688	0.028322
816.823	0.0280779
816.957	0.0282
817.092	0.0277117
817.226	0.0285662
817.361	0.0284441
817.495	0.0280779
817.63	0.0291155
817.764	0.0286883
817.898	0.0280779
818.033	0.0279558
818.167	0.0276506
818.302	0.028261
818.436	0.0282
818.571	0.0274675
818.705	0.0272233
818.84	0.0285662
818.974	0.0278948
819.109	0.0275285
819.243	0.0276506
819.378	0.0286272
819.512	0.0274675
819.646	0.0282
819.781	0.0278948
819.915	0.0277117
820.05	0.0282
820.184	0.0276506
820.319	0.0278337
820.453	0.0277727
820.588	0.0273454
820.722	0.0273454
820.857	0.0284441
820.991	0.0280168
821.126	0.0287493
821.26	0.0276506
821.394	0.0285052
821.529	0.0278948
821.663	0.0273454
821.798	0.0275896
821.932	0.0278948
822.067	0.0272233
822.201	0.0280779
822.336	0.0280779
822.47	0.0288104
822.605	0.028322
822.739	0.0277117
822.873	0.0280168
823.008	0.0281389
823.142	0.0272233
823.277	0.0276506
823.411	0.0278337
823.546	0.0280168
823.68	0.0280779
823.815	0.0273454
823.949	0.0275896
824.083	0.0275896
824.218	0.0277117
824.352	0.0278948
824.487	0.028322
824.621	0.0277727
824.756	0.0286272
824.89	0.0279558
825.025	0.028322
825.159	0.0272844
825.293	0.026613
825.428	0.0285052
825.562	0.0275285
825.697	0.0283831
825.831	0.0277727
825.966	0.0278337
826.1	0.0277117
826.235	0.0282
826.369	0.0272233
826.503	0.0278948
826.638	0.0277117
826.772	0.0278948
826.907	0.0279558
827.041	0.026674
827.176	0.0285662
827.31	0.0276506
827.445	0.0281389
827.579	0.0278337
827.713	0.0275285
827.848	0.0275285
827.982	0.0280779
828.117	0.0275285
828.251	0.0277727
828.386	0.0277117
828.52	0.0272844
828.654	0.0281389
828.789	0.0278337
828.923	0.0280779
829.058	0.0276506
829.192	0.0282
829.327	0.0275285
829.461	0.0285662
829.596	0.0283831
829.73	0.0272844
829.864	0.0271623
829.999	0.0274675
830.133	0.0272844
830.268	0.0270402
830.402	0.028261
830.537	0.0272844
830.671	0.0280168
830.805	0.0275285
830.94	0.0285662
831.074	0.0280779
831.209	0.0270402
831.343	0.0272844
831.478	0.0280168
831.612	0.028322
831.746	0.0272844
831.881	0.0280779
832.015	0.0281389
832.15	0.0282
832.284	0.0274065
832.418	0.028261
832.553	0.0279558
832.687	0.0269792
832.822	0.0276506
832.956	0.0277117
833.091	0.0269792
833.225	0.0282
833.359	0.0276506
833.494	0.0275896
833.628	0.0275285
833.763	0.0275285
833.897	0.0274675
834.032	0.0271623
834.166	0.0271623
834.3	0.0268571
834.435	0.028261
834.569	0.0278337
834.704	0.0277117
834.838	0.0275285
834.972	0.0275285
835.107	0.0277117
835.241	0.0265519
835.376	0.0277117
835.51	0.0279558
835.645	0.0274065
835.779	0.028261
835.913	0.0271013
836.048	0.0274675
836.182	0.0279558
836.317	0.0281389
836.451	0.0274675
836.585	0.0277117
836.72	0.0283831
836.854	0.0270402
836.989	0.0279558
837.123	0.028322
837.257	0.0278948
837.392	0.0276506
837.526	0.0281389
837.661	0.0274675
837.795	0.0279558
837.929	0.0279558
838.064	0.0274675
838.198	0.0274675
838.333	0.0272844
838.467	0.0274065
838.602	0.0272233
838.736	0.0282
838.87	0.0289324
839.005	0.0276506
839.139	0.028261
839.274	0.0277727
839.408	0.0277117
839.542	0.0265519
839.677	0.0280779
839.811	0.0275285
839.946	0.0283831
840.08	0.0277117
840.214	0.0286272
840.349	0.0275285
840.483	0.0276506
840.618	0.0272233
840.752	0.0272233
840.886	0.0280168
841.021	0.0274065
841.155	0.0275285
841.29	0.0276506
841.424	0.0269792
841.558	0.0281389
841.693	0.026735
841.827	0.0276506
841.961	0.0274065
842.096	0.0276506
842.23	0.0277117
842.365	0.0285662
842.499	0.026674
842.633	0.0277727
842.768	0.0280168
842.902	0.0271013
843.037	0.0282
843.171	0.0280168
843.305	0.0281389
843.44	0.0274065
843.574	0.0279558
843.709	0.0291766
843.843	0.0273454
843.977	0.0273454
844.112	0.0281389
844.246	0.0277117
844.381	0.0277117
844.515	0.0275896
844.649	0.0277117
844.784	0.0275285
844.918	0.0277727
845.052	0.0276506
845.187	0.0273454
845.321	0.0272233
845.456	0.0281389
845.59	0.0276506
845.724	0.0269792
845.859	0.0274675
845.993	0.0286272
846.128	0.0281389
846.262	0.0275896
846.396	0.028322
846.531	0.0274675
846.665	0.0286883
846.799	0.0271623
846.934	0.026674
847.068	0.0273454
847.203	0.0285662
847.337	0.0276506
847.471	0.0273454
847.606	0.0272233
847.74	0.0272844
847.874	0.0289324
848.009	0.0267961
848.143	0.0276506
848.278	0.0277117
848.412	0.0274675
848.546	0.0272844
848.681	0.0285052
848.815	0.0280168
848.949	0.028261
849.084	0.0279558
849.218	0.0278948
849.353	0.028261
849.487	0.0280779
849.621	0.0285662
849.756	0.0276506
849.89	0.0275285
850.024	0.0280779
850.159	0.0269792
850.293	0.0275896
850.428	0.0278948
850.562	0.0271623
850.696	0.0274065
850.831	0.0269792
850.965	0.0285662
851.099	0.0274675
851.234	0.028261
851.368	0.0270402
851.502	0.0275896
851.637	0.0278337
851.771	0.0271013
851.906	0.0279558
852.04	0.0280168
852.174	0.0277117
852.309	0.0276506
852.443	0.0277727
852.577	0.0280168
852.712	0.0285662
852.846	0.0268571
852.98	0.0285052
853.115	0.0282
853.249	0.026613
853.384	0.0277727
853.518	0.0272233
853.652	0.0275896
853.787	0.028322
853.921	0.0271013
854.055	0.0275285
854.19	0.0271013
854.324	0.0267961
854.458	0.0271013
854.593	0.0274065
854.727	0.0271623
854.861	0.0277727
854.996	0.0273454
855.13	0.0274065
855.265	0.0279558
855.399	0.0268571
855.533	0.0276506
855.668	0.026735
855.802	0.0275896
855.936	0.0273454
856.071	0.0265519
856.205	0.026674
856.339	0.0271013
856.474	0.0278337
856.608	0.0278337
856.742	0.0271013
856.877	0.0276506
857.011	0.0263078
857.145	0.0281389
857.28	0.0280168
857.414	0.0277727
857.549	0.0282
857.683	0.026735
857.817	0.028322
857.952	0.0277727
858.086	0.0272233
858.22	0.0281389
858.355	0.0280168
858.489	0.0282
858.623	0.0280168
858.758	0.0274675
858.892	0.0270402
859.026	0.0276506
859.161	0.0269181
859.295	0.0278948
859.429	0.0276506
859.564	0.026735
859.698	0.0269792
859.832	0.0276506
859.967	0.0278337
860.101	0.0279558
860.235	0.0280168
860.37	0.0275285
860.504	0.0268571
860.638	0.0279558
860.773	0.0275896
860.907	0.0278337
861.041	0.026613
861.176	0.0271623
861.31	0.0286272
861.444	0.0279558
861.579	0.0276506
861.713	0.0273454
861.847	0.0271623
861.982	0.0274675
862.116	0.0276506
862.25	0.0276506
862.385	0.0276506
862.519	0.0271013
862.653	0.0269792
862.788	0.0279558
862.922	0.0279558
863.056	0.0275896
863.191	0.0274675
863.325	0.0280168
863.459	0.0276506
863.594	0.0271013
863.728	0.0269792
863.862	0.0279558
863.997	0.0267961
864.131	0.0269792
864.265	0.0279558
864.4	0.028322
864.534	0.0276506
864.668	0.0271013
864.803	0.0276506
864.937	0.0281389
865.071	0.0277727
865.206	0.0275285
865.34	0.0277727
865.474	0.0275896
865.609	0.0282
865.743	0.0286272
865.877	0.0262467
866.012	0.0277117
866.146	0.0270402
866.28	0.0282
866.415	0.0276506
866.549	0.0278948
866.683	0.0278337
866.818	0.0268571
866.952	0.026674
867.086	0.0278337
867.221	0.0267961
867.355	0.0277117
867.489	0.0273454
867.623	0.0280779
867.758	0.0274675
867.892	0.0277727
868.026	0.0277727
868.161	0.0272844
868.295	0.0278948
868.429	0.0275896
868.564	0.0276506
868.698	0.0282
868.832	0.0286883
868.967	0.0275285
869.101	0.0277117
869.235	0.0280168
869.37	0.0272233
869.504	0.028322
869.638	0.0280779
869.773	0.0261857
869.907	0.0271623
870.041	0.0276506
870.175	0.0275285
870.31	0.0279558
870.444	0.026613
870.578	0.0280779
870.713	0.0275896
870.847	0.0275285
870.981	0.0278948
871.116	0.0282
871.25	0.0279558
871.384	0.0274675
871.519	0.0277117
871.653	0.026674
871.787	0.0269181
871.921	0.0272844
872.056	0.0277727
872.19	0.0272233
872.324	0.0271623
872.459	0.0285662
872.593	0.0277117
872.727	0.0274065
872.862	0.0272844
872.996	0.0277727
873.13	0.0270402
873.264	0.0282
873.399	0.0289324
873.533	0.0277117
873.667	0.0276506
873.802	0.0275896
873.936	0.0273454
874.07	0.028322
874.205	0.0282
874.339	0.0285052
874.473	0.0270402
874.607	0.0274065
874.742	0.0275285
874.876	0.028261
875.01	0.0281389
875.145	0.0281389
875.279	0.0278948
875.413	0.0275896
875.548	0.0272233
875.682	0.0278948
875.816	0.0276506
875.95	0.0278337
876.085	0.0272233
876.219	0.0278948
876.353	0.0274065
876.488	0.0271013
876.622	0.0283831
876.756	0.0278337
876.89	0.0275285
877.025	0.0275896
877.159	0.028322
877.293	0.0270402
877.428	0.0281389
877.562	0.0273454
877.696	0.0276506
877.83	0.0280779
877.965	0.0272233
878.099	0.0279558
878.233	0.0277117
878.368	0.0282
878.502	0.0274675
878.636	0.0284441
878.77	0.0274675
878.905	0.0288714
879.039	0.0277117
879.173	0.0270402
879.308	0.0265519
879.442	0.0277117
879.576	0.0272844
879.71	0.0262467
879.845	0.0277117
879.979	0.0269181
880.113	0.0277727
880.248	0.028261
880.382	0.026735
880.516	0.0285052
880.65	0.0270402
880.785	0.0270402
880.919	0.0274675
881.053	0.0280168
881.188	0.0273454
881.322	0.026674
881.456	0.0270402
881.59	0.0275896
881.725	0.0274065
881.859	0.0282
881.993	0.0280168
882.127	0.0285662
882.262	0.0280779
882.396	0.0280168
882.53	0.0272844
882.665	0.0280168
882.799	0.0273454
882.933	0.0269181
883.067	0.0271013
883.202	0.0281389
883.336	0.0271623
883.47	0.0279558
883.604	0.0268571
883.739	0.0276506
883.873	0.0278337
884.007	0.0286272
884.142	0.0275285
884.276	0.0277727
884.41	0.0276506
884.544	0.0275896
884.679	0.0274675
884.813	0.0267961
884.947	0.0278337
885.081	0.0275285
885.216	0.0269792
885.35	0.0267961
885.484	0.0272844
885.618	0.0274675
885.753	0.0272844
885.887	0.0280168
886.021	0.0274675
886.155	0.028322
886.29	0.0277727
886.424	0.0275896
886.558	0.0276506
886.693	0.0280779
886.827	0.0274675
886.961	0.0277727
887.095	0.0282
887.23	0.0270402
887.364	0.028322
887.498	0.0272233
887.632	0.0265519
887.767	0.0279558
887.901	0.0278337
888.035	0.0288714
888.169	0.0268571
888.304	0.0286272
888.438	0.0269792
888.572	0.0276506
888.706	0.0276506
888.841	0.0274675
888.975	0.0271013
889.109	0.0293597
889.243	0.0271013
889.378	0.0272844
889.512	0.0265519
889.646	0.0272844
889.78	0.0279558
889.915	0.0282
890.049	0.0274065
890.183	0.0283831
890.317	0.0277117
890.452	0.0274065
890.586	0.0276506
890.72	0.0280779
890.854	0.0278337
890.989	0.0278948
891.123	0.0286272
891.257	0.0280779
891.391	0.0277117
891.526	0.0275285
891.66	0.0271013
891.794	0.0277117
891.928	0.0272844
892.063	0.0278337
892.197	0.0292376
892.331	0.0280168
892.465	0.0288104
892.6	0.0284441
892.734	0.0269792
892.868	0.026613
893.002	0.0275896
893.137	0.0276506
893.271	0.0276506
893.405	0.0277727
893.539	0.0277727
893.674	0.0279558
893.808	0.0282
893.942	0.0269181
894.076	0.0272844
894.21	0.0272844
894.345	0.0277117
894.479	0.0280779
894.613	0.0276506
894.747	0.0279558
894.882	0.0283831
895.016	0.0277117
895.15	0.0269181
895.284	0.0277117
895.419	0.0280779
895.553	0.0272844
895.687	0.0272233
895.821	0.0274065
895.956	0.0273454
896.09	0.0280779
896.224	0.0272233
896.358	0.0274675
896.492	0.0280779
896.627	0.0280779
896.761	0.0278337
896.895	0.0273454
897.029	0.0268571
897.164	0.0274675
897.298	0.026674
897.432	0.028322
897.566	0.0275285
897.701	0.0280168
897.835	0.0278948
897.969	0.0278337
898.103	0.0275896
898.237	0.0282
898.372	0.0274065
898.506	0.0271013
898.64	0.0269792
898.774	0.0280168
898.909	0.0276506
899.043	0.0275896
899.177	0.0277727
899.311	0.0270402
899.445	0.0275285
899.58	0.0276506
899.714	0.0271013
899.848	0.0267961
899.982	0.0269792
900.117	0.0284441
900.251	0.0276506
900.385	0.0275896
900.519	0.0275285
900.653	0.0278337
900.788	0.0280168
900.922	0.0271013
901.056	0.0275896
901.19	0.0283831
901.325	0.0272233
901.459	0.0272233
901.593	0.0280168
901.727	0.028322
901.861	0.0280779
901.996	0.0273454
902.13	0.0269792
902.264	0.028261
902.398	0.0278337
902.532	0.0282
902.667	0.0272844
902.801	0.0274675
902.935	0.0276506
903.069	0.0277117
903.204	0.0280779
903.338	0.0280779
903.472	0.0274675
903.606	0.0272844
903.74	0.0280168
903.875	0.0277117
904.009	0.0277117
904.143	0.026674
904.277	0.0273454
904.411	0.0283831
904.546	0.0281389
904.68	0.0278337
904.814	0.0272233
904.948	0.0285662
905.082	0.0274065
905.217	0.0267961
905.351	0.0280168
905.485	0.0275896
905.619	0.0277117
905.753	0.0285052
905.888	0.0271623
906.022	0.0273454
906.156	0.0275896
906.29	0.0275285
906.424	0.0275896
906.559	0.0277727
906.693	0.0278948
906.827	0.0279558
906.961	0.0279558
907.095	0.028261
907.23	0.0277727
907.364	0.0273454
907.498	0.0276506
907.632	0.0272844
907.766	0.0278948
907.901	0.0280168
908.035	0.0276506
908.169	0.028322
908.303	0.0278948
908.437	0.0278337
908.572	0.0278337
908.706	0.0280779
908.84	0.0275896
908.974	0.0276506
909.108	0.0280168
909.243	0.0276506
909.377	0.0279558
909.511	0.0278948
909.645	0.0275896
909.779	0.0277727
909.914	0.0274065
910.048	0.0273454
910.182	0.0282
910.316	0.0275285
910.45	0.0274065
910.585	0.028322
910.719	0.0280168
910.853	0.0272233
910.987	0.0272233
911.121	0.0281389
911.255	0.0277727
911.39	0.0278337
911.524	0.0273454
911.658	0.0280168
911.792	0.0274675
911.926	0.0276506
912.061	0.028261
912.195	0.0276506
912.329	0.0276506
912.463	0.0277117
912.597	0.0280168
912.732	0.0273454
912.866	0.0277117
913	0.028261
913.134	0.0280779
913.268	0.028261
913.402	0.028322
913.537	0.0274065
913.671	0.0280168
913.805	0.0275285
913.939	0.0278337
914.073	0.0277117
914.208	0.0271623
914.342	0.0274675
914.476	0.0275285
914.61	0.0272233
914.744	0.0271013
914.878	0.0279558
915.013	0.0283831
915.147	0.0281389
915.281	0.0288714
915.415	0.0271013
915.549	0.028261
915.683	0.028261
915.818	0.0277117
915.952	0.0280779
916.086	0.0278948
916.22	0.0276506
916.354	0.0275285
916.488	0.0275896
916.623	0.0270402
916.757	0.0278948
916.891	0.0274065
917.025	0.0283831
917.159	0.0277727
917.293	0.028261
917.428	0.0267961
917.562	0.0272233
917.696	0.0272844
917.83	0.0271013
917.964	0.0269181
918.098	0.0272233
918.233	0.0271623
918.367	0.0271623
918.501	0.0277117
918.635	0.0271623
918.769	0.026674
918.903	0.0284441
919.038	0.0281389
919.172	0.0276506
919.306	0.0268571
919.44	0.0274675
919.574	0.0275896
919.708	0.0274065
919.843	0.0272233
919.977	0.0281389
920.111	0.0278948
920.245	0.0273454
920.379	0.0273454
920.513	0.0278337
920.648	0.0270402
920.782	0.0274675
920.916	0.0278337
921.05	0.0276506
921.184	0.0275285
921.318	0.0272233
921.453	0.0272844
921.587	0.0279558
921.721	0.0275285
921.855	0.0269181
921.989	0.0275285
922.123	0.0274675
922.257	0.0276506
922.392	0.0284441
922.526	0.0277117
922.66	0.0273454
922.794	0.0286272
922.928	0.0275285
923.062	0.0281389
923.197	0.0274065
923.331	0.0281389
923.465	0.0280779
923.599	0.0272233
923.733	0.0276506
923.867	0.0279558
924.001	0.0271623
924.136	0.0273454
924.27	0.0279558
924.404	0.0279558
924.538	0.0278948
924.672	0.0289324
924.806	0.0277727
924.94	0.0275896
925.075	0.0279558
925.209	0.0271623
925.343	0.0278948
925.477	0.0268571
925.611	0.0274675
925.745	0.0271623
925.879	0.0276506
926.014	0.0270402
926.148	0.0274675
926.282	0.0272233
926.416	0.0275285
926.55	0.0272844
926.684	0.0273454
926.818	0.0277727
926.953	0.0280168
927.087	0.0274675
927.221	0.0278948
927.355	0.0273454
927.489	0.0279558
927.623	0.0272233
927.757	0.0275896
927.892	0.0274675
928.026	0.0272844
928.16	0.0279558
928.294	0.0279558
928.428	0.0272233
928.562	0.0284441
928.696	0.0275896
928.831	0.0275285
928.965	0.0277117
929.099	0.0273454
929.233	0.0273454
929.367	0.0277727
929.501	0.0278337
929.635	0.0283831
929.769	0.0275285
929.904	0.0278337
930.038	0.0279558
930.172	0.0279558
930.306	0.0276506
930.44	0.0278948
930.574	0.0276506
930.708	0.0283831
930.843	0.0277727
930.977	0.0282
931.111	0.0279558
931.245	0.0277727
931.379	0.0275896
931.513	0.0267961
931.647	0.0276506
931.781	0.0278948
931.916	0.0284441
932.05	0.028322
932.184	0.0278948
932.318	0.0274065
932.452	0.0278337
932.586	0.0277117
932.72	0.0265519
932.854	0.0279558
932.989	0.0288714
933.123	0.0277727
933.257	0.0282
933.391	0.0271623
933.525	0.0280168
933.659	0.0275285
933.793	0.0283831
933.927	0.0280779
934.061	0.0278337
934.196	0.0289935
934.33	0.0273454
934.464	0.0279558
934.598	0.0269792
934.732	0.0279558
934.866	0.0277117
935	0.0286272
935.134	0.0278948
935.269	0.0280779
935.403	0.0278337
935.537	0.0278948
935.671	0.0269792
935.805	0.0280168
935.939	0.0273454
936.073	0.0278337
936.207	0.0280168
936.341	0.0269792
936.476	0.026735
936.61	0.0273454
936.744	0.0274065
936.878	0.0277117
937.012	0.0282
937.146	0.0275285
937.28	0.028261
937.414	0.0277117
937.548	0.0277117
937.683	0.0272844
937.817	0.0280168
937.951	0.0280168
938.085	0.0275285
938.219	0.0274675
938.353	0.0278337
938.487	0.028322
938.621	0.028322
938.755	0.0275896
938.889	0.0275285
939.024	0.0278948
939.158	0.0273454
939.292	0.0275896
939.426	0.0276506
939.56	0.0274675
939.694	0.0280779
939.828	0.0272233
939.962	0.0271013
940.096	0.0280168
940.231	0.0271623
940.365	0.0277117
940.499	0.0275896
940.633	0.0279558
940.767	0.0269792
940.901	0.0277727
941.035	0.0277117
941.169	0.028322
941.303	0.0280779
941.437	0.0273454
941.571	0.0275285
941.706	0.028261
941.84	0.0269792
941.974	0.0285052
942.108	0.0280779
942.242	0.0272233
942.376	0.0268571
942.51	0.0277117
942.644	0.0269792
942.778	0.0271623
942.912	0.0279558
943.047	0.0273454
943.181	0.0273454
943.315	0.0278337
943.449	0.0284441
943.583	0.0278337
943.717	0.0277117
943.851	0.0281389
943.985	0.0278948
944.119	0.0276506
944.253	0.0274675
944.387	0.0269792
944.522	0.0277727
944.656	0.0277117
944.79	0.0275285
944.924	0.0276506
945.058	0.0268571
945.192	0.0283831
945.326	0.028261
945.46	0.0277117
945.594	0.0274675
945.728	0.028261
945.862	0.0280168
945.996	0.0279558
946.131	0.0270402
946.265	0.0276506
946.399	0.0282
946.533	0.028322
946.667	0.0273454
946.801	0.0277117
946.935	0.0273454
947.069	0.0271013
947.203	0.0277117
947.337	0.0279558
947.471	0.0272844
947.605	0.0282
947.739	0.0276506
947.874	0.0280779
948.008	0.0270402
948.142	0.0278337
948.276	0.0275896
948.41	0.0283831
948.544	0.0278337
948.678	0.0284441
948.812	0.0272233
948.946	0.0278948
949.08	0.0272844
949.214	0.0281389
949.348	0.0280779
949.482	0.0278337
949.617	0.028261
949.751	0.0272844
949.885	0.0270402
950.019	0.0278948
950.153	0.026735
950.287	0.0271013
950.421	0.0278337
950.555	0.0276506
950.689	0.0271623
950.823	0.0280168
950.957	0.0274065
951.091	0.0280779
951.225	0.0274675
951.359	0.0278337
951.493	0.0286272
951.628	0.0273454
951.762	0.0270402
951.896	0.0272844
952.03	0.0271623
952.164	0.0274675
952.298	0.0280168
952.432	0.0279558
952.566	0.0281389
952.7	0.0278948
952.834	0.0279558
952.968	0.0277727
953.102	0.0283831
953.236	0.0274065
953.37	0.0269792
953.504	0.0275896
953.639	0.0275896
953.773	0.0272233
953.907	0.0265519
954.041	0.0276506
954.175	0.0271013
954.309	0.0272844
954.443	0.0272844
954.577	0.0277727
954.711	0.0267961
954.845	0.0272233
954.979	0.0271013
955.113	0.0271623
955.247	0.0278337
955.381	0.0279558
955.515	0.0277727
955.649	0.0279558
955.783	0.0285052
955.917	0.0281389
956.052	0.0269792
956.186	0.028322
956.32	0.0273454
956.454	0.0275896
956.588	0.0277117
956.722	0.0272233
956.856	0.0271623
956.99	0.0276506
957.124	0.0280168
957.258	0.0280168
957.392	0.0272233
957.526	0.0277117
957.66	0.0267961
957.794	0.0272233
957.928	0.0278948
958.062	0.0272233
958.196	0.0272844
958.33	0.0273454
958.464	0.0274675
958.598	0.0270402
958.733	0.0270402
958.867	0.0286272
959.001	0.0272233
959.135	0.0271623
959.269	0.0274675
959.403	0.0281389
959.537	0.028261
959.671	0.0273454
959.805	0.0281389
959.939	0.0282
960.073	0.0276506
960.207	0.0277727
960.341	0.0275285
960.475	0.0271013
960.609	0.0282
960.743	0.0269792
960.877	0.0278337
961.011	0.0285052
961.145	0.0268571
961.279	0.028261
961.413	0.0273454
961.547	0.0276506
961.681	0.0279558
961.815	0.0278948
961.949	0.0277727
962.083	0.0272844
962.218	0.0272233
962.352	0.0286272
962.486	0.0269181
962.62	0.0277117
962.754	0.0270402
962.888	0.0281389
963.022	0.0278337
963.156	0.028261
963.29	0.0271623
963.424	0.028322
963.558	0.0278337
963.692	0.0278948
963.826	0.0278948
963.96	0.0272844
964.094	0.0269181
964.228	0.0278948
964.362	0.0279558
964.496	0.0277727
964.63	0.0278337
964.764	0.0276506
964.898	0.0281389
965.032	0.026674
965.166	0.0275285
965.3	0.0276506
965.434	0.026674
965.568	0.028261
965.702	0.0274065
965.836	0.0277117
965.97	0.0273454
966.104	0.028322
966.238	0.0275285
966.372	0.0281389
966.506	0.0274675
966.64	0.0273454
966.774	0.0274065
966.908	0.0275285
967.043	0.0269792
967.177	0.0280168
967.311	0.0274065
967.445	0.0271623
967.579	0.0270402
967.713	0.0277117
967.847	0.0277727
967.981	0.028322
968.115	0.0278337
968.249	0.0265519
968.383	0.0270402
968.517	0.0272233
968.651	0.0272233
968.785	0.0278337
968.919	0.0277117
969.053	0.0275896
969.187	0.0278337
969.321	0.0279558
969.455	0.0272233
969.589	0.0279558
969.723	0.0276506
969.857	0.0272233
969.991	0.0276506
970.125	0.0274675
970.259	0.0274065
970.393	0.028322
970.527	0.0274065
970.661	0.0274675
970.795	0.0285052
970.929	0.0276506
971.063	0.0275285
971.197	0.0277117
971.331	0.0277117
971.465	0.0270402
971.599	0.0277727
971.733	0.0279558
971.867	0.0283831
972.001	0.0270402
972.135	0.0280168
972.269	0.0288714
972.403	0.0275285
972.537	0.0274675
972.671	0.0274675
972.805	0.0278948
972.939	0.0277727
973.073	0.0271623
973.207	0.0272844
973.341	0.0265519
973.475	0.0273454
973.609	0.0281389
973.743	0.0277117
973.877	0.028322
974.011	0.0273454
974.145	0.0278948
974.279	0.0270402
974.413	0.0274065
974.547	0.0272844
974.681	0.0269792
974.815	0.0274675
974.949	0.028261
975.083	0.0272233
975.217	0.0274675
975.351	0.0277117
975.485	0.0278337
975.619	0.0286272
975.753	0.0270402
975.887	0.0275285
976.021	0.0284441
976.155	0.0281389
976.289	0.0272233
976.423	0.0271623
976.557	0.0282
976.691	0.0275285
976.825	0.0275896
976.959	0.026613
977.093	0.0272844
977.227	0.0277117
977.361	0.0276506
977.495	0.028261
977.629	0.0271013
977.763	0.0274065
977.897	0.0286883
978.031	0.0280168
978.165	0.0277727
978.299	0.0271013
978.433	0.0277727
978.567	0.0271623
978.701	0.028261
978.835	0.0271623
978.969	0.0271013
979.103	0.0280779
979.237	0.0276506
979.371	0.0280168
979.505	0.0274675
979.639	0.0274065
979.773	0.0278948
979.907	0.0282
980.041	0.0275285
980.175	0.0279558
980.308	0.0278948
980.442	0.026735
980.576	0.0274065
980.71	0.0275896
980.844	0.0271623
980.978	0.0277727
981.112	0.0272233
981.246	0.0278337
981.38	0.0278948
981.514	0.0273454
981.648	0.0276506
981.782	0.0271623
981.916	0.0280779
982.05	0.0279558
982.184	0.0267961
982.318	0.0274675
982.452	0.0271623
982.586	0.0283831
982.72	0.0275285
982.854	0.0275285
982.988	0.0280779
983.122	0.0271623
983.256	0.028261
983.39	0.028261
983.524	0.0275285
983.658	0.0274675
983.792	0.0272233
983.926	0.0286272
984.06	0.0278337
984.194	0.0274675
984.328	0.0272844
984.462	0.0281389
984.596	0.0275285
984.73	0.0274675
984.864	0.0269792
984.998	0.0278337
985.132	0.0277727
985.265	0.0282
985.399	0.0281389
985.533	0.0274065
985.667	0.0282
985.801	0.0277727
985.935	0.0284441
986.069	0.0280168
986.203	0.0270402
986.337	0.0277727
986.471	0.0277117
986.605	0.0276506
986.739	0.0273454
986.873	0.0277727
987.007	0.0278337
987.141	0.0276506
987.275	0.0280168
987.409	0.0274065
987.543	0.0280168
987.677	0.0284441
987.811	0.0275896
987.945	0.0277727
988.079	0.0274065
988.213	0.0274675
988.347	0.0287493
988.481	0.028322
988.614	0.0273454
988.748	0.0285052
988.882	0.0270402
989.016	0.0274065
989.15	0.0278948
989.284	0.0274675
989.418	0.0274675
989.552	0.0270402
989.686	0.0272233
989.82	0.0270402
989.954	0.026613
990.088	0.0277117
990.222	0.0281389
990.356	0.0272233
990.49	0.0278948
990.624	0.0279558
990.758	0.0277727
990.892	0.0273454
991.026	0.0271013
991.16	0.0277727
991.294	0.0285662
991.427	0.0277117
991.561	0.0280779
991.695	0.0275285
991.829	0.0287493
991.963	0.0274675
992.097	0.0288104
992.231	0.0283831
992.365	0.0278337
992.499	0.0272233
992.633	0.0279558
992.767	0.0272844
992.901	0.0276506
993.035	0.0279558
993.169	0.0270402
993.303	0.0271623
993.437	0.0272844
993.571	0.0275285
993.704	0.0276506
993.838	0.026735
993.972	0.0285052
994.106	0.026674
994.24	0.0276506
994.374	0.0280779
994.508	0.0280168
994.642	0.0269792
994.776	0.0277117
994.91	0.0272233
995.044	0.0272844
995.178	0.0275285
995.312	0.0273454
995.446	0.0284441
995.58	0.0277727
995.714	0.0264909
995.847	0.0281389
995.981	0.0268571
996.115	0.0271623
996.249	0.0281389
996.383	0.0274065
996.517	0.0282
996.651	0.0272233
996.785	0.0275285
996.919	0.0274065
997.053	0.0277727
997.187	0.0274675
997.321	0.0271623
997.455	0.0275285
997.589	0.0276506
997.722	0.0276506
997.856	0.0277727
997.99	0.0278948
998.124	0.0277117
998.258	0.0281389
998.392	0.0274065
998.526	0.028261
998.66	0.0275285
998.794	0.0280168
998.928	0.0275896
999.062	0.0268571
999.196	0.0271013
999.33	0.0284441
999.464	0.0285052
999.597	0.026613
999.731	0.0277727
999.865	0.0272844
999.999	0.0269792
1000.13	0.0271013
1000.27	0.0267961
1000.4	0.0272844
1000.53	0.0280779
1000.67	0.0276506
1000.8	0.0273454
1000.94	0.0279558
1001.07	0.0268571
1001.2	0.0277727
1001.34	0.0275896
1001.47	0.0275285
1001.61	0.0278948
1001.74	0.0277727
1001.87	0.0280779
1002.01	0.0261246
1002.14	0.0282
1002.28	0.0279558
1002.41	0.028261
1002.54	0.0285662
1002.68	0.0280168
1002.81	0.0265519
1002.95	0.0275896
1003.08	0.0274675
1003.21	0.0268571
1003.35	0.0282
1003.48	0.0272233
1003.61	0.0280168
1003.75	0.0269181
1003.88	0.0282
1004.02	0.0274675
1004.15	0.0279558
1004.28	0.0277117
1004.42	0.0277727
1004.55	0.0279558
1004.69	0.0269792
1004.82	0.0277727
1004.95	0.0277117
1005.09	0.0284441
1005.22	0.0286883
1005.36	0.0279558
1005.49	0.0282
1005.62	0.0277117
1005.76	0.0281389
1005.89	0.0280168
1006.03	0.0274675
1006.16	0.0274065
1006.29	0.0270402
1006.43	0.0279558
1006.56	0.0277117
1006.69	0.0271623
1006.83	0.0278948
1006.96	0.026735
1007.1	0.0272233
1007.23	0.0278337
1007.36	0.0275896
1007.5	0.0273454
1007.63	0.0274675
1007.77	0.0271013
1007.9	0.0277117
1008.03	0.0280779
1008.17	0.0277117
1008.3	0.0278337
1008.44	0.0282
1008.57	0.0274065
1008.7	0.0280779
1008.84	0.0274675
1008.97	0.0278337
1009.1	0.0280168
1009.24	0.0286272
1009.37	0.0280168
1009.51	0.028322
1009.64	0.0271623
1009.77	0.026613
1009.91	0.0272233
1010.04	0.0278337
1010.18	0.0284441
1010.31	0.0275285
1010.44	0.0282
1010.58	0.0275896
1010.71	0.0283831
1010.85	0.0274675
1010.98	0.028322
1011.11	0.0280168
1011.25	0.0277117
1011.38	0.0278337
1011.51	0.0279558
1011.65	0.0281389
1011.78	0.0288714
1011.92	0.0283831
1012.05	0.0268571
1012.18	0.0283831
1012.32	0.0275896
1012.45	0.0267961
1012.59	0.0272844
1012.72	0.0270402
1012.85	0.0280779
1012.99	0.0276506
1013.12	0.0269181
1013.26	0.0277117
1013.39	0.0277117
1013.52	0.0279558
1013.66	0.0288104
1013.79	0.0272233
1013.92	0.0277117
1014.06	0.0274065
1014.19	0.0271623
1014.33	0.028261
1014.46	0.0271013
1014.59	0.0271013
1014.73	0.0274065
1014.86	0.0276506
1015	0.0277117
1015.13	0.0278337
1015.26	0.0276506
1015.4	0.0272233
1015.53	0.0274065
1015.67	0.0274065
1015.8	0.0274065
1015.93	0.0281389
1016.07	0.0274065
1016.2	0.0280168
1016.33	0.0277117
1016.47	0.0271013
1016.6	0.0278948
1016.74	0.0279558
1016.87	0.0275285
1017	0.0279558
1017.14	0.0267961
1017.27	0.0277117
1017.41	0.0283831
1017.54	0.028261
1017.67	0.0275285
1017.81	0.0275896
1017.94	0.0273454
1018.07	0.0272844
1018.21	0.0274065
1018.34	0.026735
1018.48	0.0267961
1018.61	0.0282
1018.74	0.0269792
1018.88	0.0269792
1019.01	0.0277117
1019.15	0.0282
1019.28	0.0278948
1019.41	0.0278337
1019.55	0.0285052
1019.68	0.0274675
1019.82	0.0275285
1019.95	0.0277727
1020.08	0.0274675
1020.22	0.0272233
1020.35	0.0279558
1020.48	0.0275896
1020.62	0.0272233
1020.75	0.0272844
1020.89	0.0267961
1021.02	0.0267961
1021.15	0.0283831
1021.29	0.0273454
1021.42	0.0273454
1021.56	0.0275285
1021.69	0.0275285
1021.82	0.0282
1021.96	0.0276506
1022.09	0.0278337
1022.22	0.0280168
1022.36	0.0277117
1022.49	0.0280168
1022.63	0.0265519
1022.76	0.0278948
1022.89	0.0274065
1023.03	0.0272233
1023.16	0.0269181
1023.3	0.0282
1023.43	0.0278337
1023.56	0.0287493
1023.7	0.0272844
1023.83	0.0282
1023.96	0.0275896
1024.1	0.0278337
1024.23	0.028261
1024.37	0.0278337
1024.5	0.0263078
1024.63	0.0277117
1024.77	0.0277727
1024.9	0.0276506
1025.04	0.028322
1025.17	0.0278948
1025.3	0.0272844
1025.44	0.0273454
1025.57	0.0277117
1025.7	0.0274675
1025.84	0.0275285
1025.97	0.0282
1026.11	0.0273454
1026.24	0.0274065
1026.37	0.0276506
1026.51	0.0274065
1026.64	0.0269181
1026.78	0.0275285
1026.91	0.0279558
1027.04	0.0261857
1027.18	0.0272233
1027.31	0.0279558
1027.44	0.0275285
1027.58	0.0273454
1027.71	0.0277727
1027.85	0.0269792
1027.98	0.0275896
1028.11	0.0279558
1028.25	0.026674
1028.38	0.0284441
1028.52	0.0288104
1028.65	0.0271623
1028.78	0.0277727
1028.92	0.026735
1029.05	0.0285662
1029.18	0.0278948
1029.32	0.0271013
1029.45	0.0274065
1029.59	0.0272844
1029.72	0.0277117
1029.85	0.0269792
1029.99	0.0276506
1030.12	0.0277117
1030.26	0.0277727
1030.39	0.0283831
1030.52	0.0279558
1030.66	0.0275285
1030.79	0.0284441
1030.92	0.0272844
1031.06	0.0276506
1031.19	0.0275285
1031.33	0.0275285
1031.46	0.0271013
1031.59	0.0271013
1031.73	0.0278948
1031.86	0.0275285
1031.99	0.0280168
1032.13	0.0274675
1032.26	0.0282
1032.4	0.0280779
1032.53	0.0269792
1032.66	0.0269792
1032.8	0.0274675
1032.93	0.0272233
1033.07	0.0280168
1033.2	0.0278948
1033.33	0.0285052
1033.47	0.0272233
1033.6	0.0277727
1033.73	0.0268571
1033.87	0.0268571
1034	0.0271013
1034.14	0.0279558
1034.27	0.0272233
1034.4	0.0280168
1034.54	0.0278337
1034.67	0.0272233
1034.81	0.0271623
1034.94	0.0277117
1035.07	0.0270402
1035.21	0.0278948
1035.34	0.0277727
1035.47	0.0276506
1035.61	0.0282
1035.74	0.0267961
1035.88	0.0277117
1036.01	0.0272233
1036.14	0.0273454
1036.28	0.0272844
1036.41	0.0282
1036.54	0.0275896
1036.68	0.0271013
1036.81	0.0277117
1036.95	0.0276506
1037.08	0.0267961
1037.21	0.0274065
1037.35	0.0271623
1037.48	0.0276506
1037.62	0.0275896
1037.75	0.0271013
1037.88	0.0288104
1038.02	0.0279558
1038.15	0.0279558
1038.28	0.0275896
1038.42	0.0274065
1038.55	0.0280168
1038.69	0.0271013
1038.82	0.0275285
1038.95	0.0275285
1039.09	0.0269181
1039.22	0.0274675
1039.35	0.0273454
1039.49	0.0279558
1039.62	0.0277117
1039.76	0.0272233
1039.89	0.0264298
1040.02	0.0269792
1040.16	0.0277727
1040.29	0.0278948
1040.43	0.028261
1040.56	0.0280168
1040.69	0.026735
1040.83	0.0274675
1040.96	0.0277727
1041.09	0.0273454
1041.23	0.0275285
1041.36	0.0270402
1041.5	0.026613
1041.63	0.0280779
1041.76	0.0281389
1041.9	0.0274065
1042.03	0.028261
1042.16	0.0277727
1042.3	0.0270402
1042.43	0.0274675
1042.57	0.0275285
1042.7	0.0268571
1042.83	0.0278337
1042.97	0.0278337
1043.1	0.0275896
1043.23	0.0283831
1043.37	0.0280779
1043.5	0.0282
1043.64	0.0272844
1043.77	0.0276506
1043.9	0.0280779
1044.04	0.0277117
1044.17	0.0276506
1044.31	0.0278948
1044.44	0.0274675
1044.57	0.0268571
1044.71	0.028322
1044.84	0.0275896
1044.97	0.0271013
1045.11	0.0281389
1045.24	0.0272844
1045.38	0.0275285
1045.51	0.0267961
1045.64	0.0281389
1045.78	0.0282
1045.91	0.0277727
1046.04	0.0274065
1046.18	0.0275285
1046.31	0.0272233
1046.45	0.0277117
1046.58	0.0280779
1046.71	0.0278948
1046.85	0.0272233
1046.98	0.0274065
1047.11	0.0271013
1047.25	0.0275285
1047.38	0.0292376
1047.52	0.0274065
1047.65	0.0277117
1047.78	0.0275285
1047.92	0.0276506
1048.05	0.0278948
1048.18	0.0274675
1048.32	0.0287493
1048.45	0.0277117
1048.59	0.0275896
1048.72	0.0272844
1048.85	0.0284441
1048.99	0.0276506
1049.12	0.0273454
1049.25	0.0277727
1049.39	0.0274675
1049.52	0.0283831
1049.66	0.0285052
1049.79	0.028322
1049.92	0.0275285
1050.06	0.0275896
1050.19	0.0271623
1050.33	0.0277117
1050.46	0.0280168
1050.59	0.0275896
1050.73	0.0278337
1050.86	0.0279558
1050.99	0.0281389
1051.13	0.0278337
1051.26	0.0286272
1051.4	0.0275896
1051.53	0.026674
1051.66	0.0269792
1051.8	0.026735
1051.93	0.0274675
1052.06	0.0286883
1052.2	0.0279558
1052.33	0.028322
1052.47	0.0272233
1052.6	0.0277117
1052.73	0.028261
1052.87	0.0283831
1053	0.0278337
1053.13	0.0279558
1053.27	0.0278337
1053.4	0.0282
1053.54	0.0269181
1053.67	0.0278948
1053.8	0.0277727
1053.94	0.0273454
1054.07	0.0277727
1054.2	0.0284441
1054.34	0.0273454
1054.47	0.0277727
1054.61	0.0280168
1054.74	0.0278337
1054.87	0.0274065
1055.01	0.028322
1055.14	0.0275285
1055.27	0.0277727
1055.41	0.0279558
1055.54	0.0278337
1055.68	0.0280168
1055.81	0.0275285
1055.94	0.0279558
1056.08	0.0276506
1056.21	0.0267961
1056.34	0.0278948
1056.48	0.0270402
1056.61	0.0278337
1056.75	0.0272233
1056.88	0.0280168
1057.01	0.0278948
1057.15	0.0272233
1057.28	0.0280779
1057.41	0.0275285
1057.55	0.0272233
1057.68	0.0277117
1057.82	0.0278337
1057.95	0.0287493
1058.08	0.0275285
1058.22	0.0286272
1058.35	0.0278948
1058.48	0.0272233
1058.62	0.0272844
1058.75	0.0278337
1058.89	0.0281389
1059.02	0.0279558
1059.15	0.0269792
1059.29	0.0278337
1059.42	0.0272233
1059.55	0.0280168
1059.69	0.0269792
1059.82	0.0279558
1059.96	0.0276506
1060.09	0.0285662
1060.22	0.0280779
1060.36	0.0274675
1060.49	0.0279558
1060.62	0.0274065
1060.76	0.0274675
1060.89	0.0281389
1061.03	0.0274675
1061.16	0.0284441
1061.29	0.028261
1061.43	0.0271013
1061.56	0.0271013
1061.69	0.0274675
1061.83	0.0271623
1061.96	0.028261
1062.1	0.0271013
1062.23	0.0274065
1062.36	0.0272233
1062.5	0.0277727
1062.63	0.0278337
1062.76	0.0268571
1062.9	0.0275285
1063.03	0.0275896
1063.17	0.0278948
1063.3	0.0274675
1063.43	0.0277727
1063.57	0.0278337
1063.7	0.026735
1063.83	0.026735
1063.97	0.0281389
1064.1	0.0271013
1064.23	0.0284441
1064.37	0.0272844
1064.5	0.0278948
1064.64	0.0276506
1064.77	0.0275285
1064.9	0.0270402
1065.04	0.0274675
1065.17	0.0273454
1065.3	0.0282
1065.44	0.028322
1065.57	0.028322
1065.71	0.028322
1065.84	0.0275896
1065.97	0.0271623
1066.11	0.0277727
1066.24	0.0277117
1066.37	0.0277117
1066.51	0.0276506
1066.64	0.0278337
1066.78	0.0276506
1066.91	0.0267961
1067.04	0.0275896
1067.18	0.0278337
1067.31	0.0273454
1067.44	0.0277727
1067.58	0.0280168
1067.71	0.0272844
1067.85	0.0280779
1067.98	0.028261
1068.11	0.0280779
1068.25	0.0274675
1068.38	0.0271013
1068.51	0.0274675
1068.65	0.0279558
1068.78	0.0271013
1068.92	0.0274675
1069.05	0.0277117
1069.18	0.0277727
1069.32	0.0280168
1069.45	0.0273454
1069.58	0.0274675
1069.72	0.0273454
1069.85	0.0275285
1069.98	0.0275896
1070.12	0.0278337
1070.25	0.0286272
1070.39	0.0278948
1070.52	0.0270402
1070.65	0.0279558
1070.79	0.0276506
1070.92	0.0279558
1071.05	0.0286272
1071.19	0.0277117
1071.32	0.0279558
1071.46	0.0272844
1071.59	0.0271623
1071.72	0.0281389
1071.86	0.0276506
1071.99	0.0275285
1072.12	0.0277727
1072.26	0.0272233
1072.39	0.0280779
1072.53	0.0280779
1072.66	0.0277117
1072.79	0.0274675
1072.93	0.0282
1073.06	0.026735
1073.19	0.0278337
1073.33	0.0272233
1073.46	0.0283831
1073.59	0.0280168
1073.73	0.0276506
1073.86	0.0269181
1074	0.0270402
1074.13	0.0271623
1074.26	0.0281389
1074.4	0.0276506
1074.53	0.0271623
1074.66	0.0285052
1074.8	0.0280168
1074.93	0.0283831
1075.07	0.0275896
1075.2	0.0275896
1075.33	0.0280779
1075.47	0.028261
1075.6	0.0282
1075.73	0.0271623
1075.87	0.0269181
1076	0.0277727
1076.14	0.0281389
1076.27	0.0281389
1076.4	0.0272844
1076.54	0.0278948
1076.67	0.0277117
1076.8	0.0277727
1076.94	0.0278337
1077.07	0.0275896
1077.2	0.0276506
1077.34	0.0272844
1077.47	0.0268571
1077.61	0.0278337
1077.74	0.0278948
1077.87	0.0277727
1078.01	0.0267961
1078.14	0.0270402
1078.27	0.0269792
1078.41	0.0273454
1078.54	0.0275896
1078.68	0.0276506
1078.81	0.0277117
1078.94	0.0275285
1079.08	0.0288104
1079.21	0.028322
1079.34	0.0272844
1079.48	0.0277727
1079.61	0.0278337
1079.74	0.0271013
1079.88	0.0274065
1080.01	0.0271623
1080.15	0.0264298
1080.28	0.0278948
1080.41	0.0276506
1080.55	0.0278337
1080.68	0.028261
1080.81	0.028261
1080.95	0.0274065
1081.08	0.0278948
1081.22	0.0271013
1081.35	0.0275896
1081.48	0.0285052
1081.62	0.028322
1081.75	0.0278948
1081.88	0.0272233
1082.02	0.0276506
1082.15	0.0274675
1082.28	0.0272233
1082.42	0.0262467
1082.55	0.0285662
1082.69	0.0274675
1082.82	0.0275896
1082.95	0.0273454
1083.09	0.0271013
1083.22	0.0280168
1083.35	0.0275285
1083.49	0.0277117
1083.62	0.0277117
1083.75	0.0278337
1083.89	0.0276506
1084.02	0.0278337
1084.16	0.0278948
1084.29	0.0272233
1084.42	0.0277727
1084.56	0.0275285
1084.69	0.0274675
1084.82	0.0272233
1084.96	0.0274065
1085.09	0.0277727
1085.23	0.0261857
1085.36	0.0283831
1085.49	0.028261
1085.63	0.0271013
1085.76	0.0277117
1085.89	0.0278337
1086.03	0.0263078
1086.16	0.0281389
1086.29	0.0280168
1086.43	0.0275285
1086.56	0.0280779
1086.7	0.0275896
1086.83	0.0277727
1086.96	0.0284441
1087.1	0.0272844
1087.23	0.0276506
1087.36	0.0271623
1087.5	0.0274065
1087.63	0.0271623
1087.76	0.0274675
1087.9	0.0282
1088.03	0.0274675
1088.17	0.0281389
1088.3	0.0273454
1088.43	0.0272844
1088.57	0.0271623
1088.7	0.0278337
1088.83	0.0272233
1088.97	0.0274675
1089.1	0.0278948
1089.24	0.0271623
1089.37	0.0273454
1089.5	0.0280779
1089.64	0.0269181
1089.77	0.0290545
1089.9	0.0279558
1090.04	0.0272233
1090.17	0.0277727
1090.3	0.0279558
1090.44	0.0282
1090.57	0.0275896
1090.71	0.0271013
1090.84	0.0274065
1090.97	0.0275285
1091.11	0.0275285
1091.24	0.0274065
1091.37	0.028261
1091.51	0.0271623
1091.64	0.028261
1091.77	0.0274675
1091.91	0.0275896
1092.04	0.0272233
1092.18	0.0277117
1092.31	0.0274065
1092.44	0.0283831
1092.58	0.0275285
1092.71	0.0277117
1092.84	0.0277117
1092.98	0.0286272
1093.11	0.0274065
1093.24	0.0280168
1093.38	0.0278948
1093.51	0.0281389
1093.65	0.0268571
1093.78	0.028261
1093.91	0.0277117
1094.05	0.0275896
1094.18	0.0269792
1094.31	0.0283831
1094.45	0.0277117
1094.58	0.0273454
1094.71	0.0285052
1094.85	0.0273454
1094.98	0.0276506
1095.12	0.0280779
1095.25	0.0275285
1095.38	0.0282
1095.52	0.0271623
1095.65	0.0271623
1095.78	0.0270402
1095.92	0.0281389
1096.05	0.0276506
1096.18	0.0279558
1096.32	0.0270402
1096.45	0.0271623
1096.59	0.026735
1096.72	0.028261
1096.85	0.0277117
1096.99	0.0269792
1097.12	0.0272844
1097.25	0.0275896
1097.39	0.0277117
1097.52	0.0279558
1097.65	0.0274675
1097.79	0.0281389
1097.92	0.0280168
1098.06	0.0274675
1098.19	0.0284441
1098.32	0.0277727
1098.46	0.0274675
1098.59	0.0269792
1098.72	0.0270402
1098.86	0.0277117
1098.99	0.0271623
1099.12	0.0274675
1099.26	0.026674
1099.39	0.0273454
1099.53	0.0272233
1099.66	0.0280779
1099.79	0.0278337
1099.93	0.0278337
1100.06	0.0285052
1100.19	0.0274065
1100.33	0.0276506
1100.46	0.0267961
1100.59	0.0284441
1100.73	0.0270402
1100.86	0.0278948
1100.99	0.0288104
1101.13	0.0274065
1101.26	0.0277117
1101.4	0.0272233
1101.53	0.0275896
1101.66	0.0274675
1101.8	0.0274675
1101.93	0.0279558
1102.06	0.0275285
1102.2	0.0279558
1102.33	0.0281389
1102.46	0.0277727
1102.6	0.0281389
1102.73	0.0280779
1102.87	0.0277727
1103	0.0274675
1103.13	0.0274065
1103.27	0.0261857
1103.4	0.0280168
1103.53	0.0271623
1103.67	0.0277727
1103.8	0.0280779
1103.93	0.026735
1104.07	0.0275285
1104.2	0.0284441
1104.34	0.0278337
1104.47	0.026674
1104.6	0.0286272
1104.74	0.0291155
1104.87	0.0275285
1105	0.0277727
1105.14	0.0278337
1105.27	0.0278337
1105.4	0.0276506
1105.54	0.0280779
1105.67	0.0280779
1105.8	0.028261
1105.94	0.0281389
1106.07	0.0275285
1106.21	0.0269792
1106.34	0.0280168
1106.47	0.0275896
1106.61	0.0279558
1106.74	0.0271013
1106.87	0.0277727
1107.01	0.0280779
1107.14	0.0277117
1107.27	0.0267961
1107.41	0.028322
1107.54	0.028322

