Source: Spectrum Viewer

Chart: Pulse Spectrum

Series: 
Wavelength (nm)	S (a.u.)
617.638	0.0275896
617.773	0.0283831
617.908	0.0276506
618.043	0.0273454
618.178	0.0275896
618.313	0.0269181
618.448	0.0277727
618.583	0.0274065
618.718	0.0274675
618.853	0.0289324
618.988	0.0280779
619.123	0.0271623
619.258	0.0272233
619.394	0.0272233
619.529	0.0280779
619.664	0.0271623
619.799	0.0274065
619.934	0.0272844
620.069	0.0275896
620.204	0.0279558
620.339	0.0271623
620.474	0.028261
620.609	0.0278948
620.744	0.0277117
620.879	0.0271623
621.014	0.0275896
621.149	0.0278337
621.284	0.0272233
621.419	0.0275285
621.554	0.0279558
621.689	0.0277727
621.825	0.0278337
621.96	0.0281389
622.095	0.026674
622.23	0.0277117
622.365	0.0275285
622.5	0.0276506
622.635	0.0286883
622.77	0.0274675
622.905	0.0281389
623.04	0.0277117
623.175	0.0275285
623.31	0.0275896
623.445	0.0277117
623.58	0.0271623
623.715	0.0280168
623.85	0.0278337
623.985	0.0278948
624.12	0.0281389
624.255	0.0269181
624.39	0.0279558
624.525	0.0276506
624.661	0.0280168
624.796	0.0272844
624.931	0.0280168
625.066	0.0278948
625.201	0.026674
625.336	0.0278337
625.471	0.0275285
625.606	0.0278948
625.741	0.0277117
625.876	0.0275285
626.011	0.0279558
626.146	0.0277727
626.281	0.0283831
626.416	0.0273454
626.551	0.0285662
626.686	0.0280779
626.821	0.0274675
626.956	0.0280168
627.091	0.0272844
627.226	0.0279558
627.361	0.0275285
627.496	0.0271623
627.631	0.0277117
627.766	0.0274675
627.901	0.0280779
628.036	0.0280168
628.171	0.0280779
628.307	0.0265519
628.442	0.0278948
628.577	0.0269792
628.712	0.0274675
628.847	0.0276506
628.982	0.0274675
629.117	0.0277727
629.252	0.0280168
629.387	0.0273454
629.522	0.0268571
629.657	0.0274675
629.792	0.0277727
629.927	0.0277117
630.062	0.0286883
630.197	0.0275896
630.332	0.0278337
630.467	0.0280168
630.602	0.0280168
630.737	0.0270402
630.872	0.0275896
631.007	0.0276506
631.142	0.0277117
631.277	0.0279558
631.412	0.0277727
631.547	0.0278337
631.682	0.0280168
631.817	0.0275896
631.952	0.0277727
632.087	0.0269181
632.222	0.0274675
632.357	0.0269792
632.492	0.0275896
632.627	0.0285662
632.762	0.028261
632.897	0.0288104
633.032	0.0274675
633.167	0.0278948
633.302	0.0288714
633.437	0.0275896
633.572	0.0272844
633.707	0.0269792
633.842	0.0280779
633.978	0.0278948
634.113	0.0273454
634.248	0.0280168
634.383	0.0274675
634.518	0.028261
634.653	0.0275285
634.788	0.0278337
634.923	0.0277727
635.058	0.0272844
635.193	0.0275896
635.328	0.028261
635.463	0.0278337
635.598	0.0275896
635.733	0.0272844
635.868	0.0276506
636.003	0.0278948
636.138	0.0262467
636.273	0.0285052
636.408	0.0275896
636.543	0.0284441
636.678	0.0282
636.813	0.0274675
636.948	0.0278337
637.083	0.0269792
637.218	0.0280779
637.353	0.0278948
637.488	0.0279558
637.623	0.028322
637.758	0.026674
637.893	0.026613
638.028	0.0275285
638.163	0.0277727
638.298	0.0271623
638.433	0.0281389
638.568	0.0277117
638.703	0.0285662
638.838	0.0274675
638.973	0.0278337
639.108	0.0275285
639.243	0.0269792
639.378	0.0277117
639.513	0.028322
639.648	0.0280779
639.783	0.0281389
639.918	0.0273454
640.053	0.0280168
640.188	0.0277117
640.323	0.0272844
640.458	0.0272233
640.593	0.0277117
640.728	0.026613
640.863	0.0274675
640.998	0.0275896
641.133	0.0271623
641.268	0.0282
641.403	0.0277117
641.538	0.0272233
641.673	0.0274675
641.808	0.0276506
641.943	0.0277117
642.078	0.0273454
642.213	0.0277117
642.348	0.0282
642.483	0.0267961
642.618	0.0265519
642.753	0.0274065
642.888	0.0271623
643.023	0.0283831
643.158	0.0271013
643.293	0.0282
643.428	0.0271623
643.563	0.0271623
643.698	0.0278337
643.833	0.0278948
643.968	0.0272233
644.103	0.0275285
644.237	0.0275285
644.372	0.0274065
644.507	0.0269792
644.642	0.0282
644.777	0.0273454
644.912	0.0276506
645.047	0.0284441
645.182	0.0272844
645.317	0.0269181
645.452	0.0280168
645.587	0.0280168
645.722	0.0276506
645.857	0.0275896
645.992	0.0276506
646.127	0.0272233
646.262	0.0278948
646.397	0.0275285
646.532	0.026674
646.667	0.0281389
646.802	0.0281389
646.937	0.0277117
647.072	0.0277727
647.207	0.0271013
647.342	0.028261
647.477	0.0278948
647.612	0.0277727
647.747	0.0278948
647.882	0.0283831
648.017	0.0278337
648.152	0.0277117
648.287	0.0271013
648.422	0.0280779
648.557	0.0265519
648.692	0.0277727
648.827	0.0275285
648.962	0.0277727
649.097	0.0272233
649.232	0.0276506
649.367	0.0274065
649.502	0.0280779
649.637	0.0267961
649.772	0.0271623
649.906	0.0269792
650.041	0.0271013
650.176	0.0280779
650.311	0.0277117
650.446	0.0275285
650.581	0.0280779
650.716	0.0270402
650.851	0.0275896
650.986	0.0284441
651.121	0.0278337
651.256	0.0271623
651.391	0.0270402
651.526	0.0277727
651.661	0.0278337
651.796	0.028261
651.931	0.0274675
652.066	0.0278337
652.201	0.0277727
652.336	0.0275285
652.471	0.0282
652.606	0.0275896
652.741	0.0277117
652.876	0.0279558
653.011	0.0280168
653.146	0.0278337
653.281	0.0269181
653.415	0.0268571
653.55	0.0269181
653.685	0.0279558
653.82	0.0281389
653.955	0.0276506
654.09	0.0279558
654.225	0.0274065
654.36	0.0281389
654.495	0.0280779
654.63	0.0277117
654.765	0.0278337
654.9	0.0274675
655.035	0.0272844
655.17	0.0276506
655.305	0.0270402
655.44	0.0280168
655.575	0.028322
655.71	0.0278337
655.845	0.0277727
655.98	0.028322
656.115	0.028261
656.25	0.0277117
656.384	0.0269181
656.519	0.0275285
656.654	0.0280779
656.789	0.0281389
656.924	0.0274675
657.059	0.0269792
657.194	0.0272233
657.329	0.0278337
657.464	0.0267961
657.599	0.0277727
657.734	0.0278948
657.869	0.0270402
658.004	0.0264298
658.139	0.0274065
658.274	0.0276506
658.409	0.0276506
658.544	0.0270402
658.679	0.0277727
658.813	0.0274065
658.948	0.0286883
659.083	0.0277117
659.218	0.0277727
659.353	0.0276506
659.488	0.0280168
659.623	0.0275285
659.758	0.0280168
659.893	0.0278948
660.028	0.0270402
660.163	0.0277727
660.298	0.0277117
660.433	0.026735
660.568	0.0277117
660.703	0.0280168
660.838	0.0274675
660.972	0.0276506
661.107	0.0274675
661.242	0.0277117
661.377	0.0280779
661.512	0.0279558
661.647	0.0275896
661.782	0.0271623
661.917	0.0270402
662.052	0.0272844
662.187	0.0278337
662.322	0.0281389
662.457	0.0279558
662.592	0.0274065
662.727	0.0275896
662.862	0.0269792
662.996	0.0278337
663.131	0.0276506
663.266	0.0275896
663.401	0.0272233
663.536	0.0272844
663.671	0.0275285
663.806	0.0277117
663.941	0.0278948
664.076	0.0286272
664.211	0.0265519
664.346	0.0284441
664.481	0.0278948
664.616	0.0277727
664.75	0.0274065
664.885	0.0278337
665.02	0.0272233
665.155	0.0279558
665.29	0.028261
665.425	0.0271623
665.56	0.0275285
665.695	0.0276506
665.83	0.0278337
665.965	0.0278337
666.1	0.0279558
666.235	0.0271623
666.37	0.0275896
666.504	0.0277117
666.639	0.0281389
666.774	0.0276506
666.909	0.0278948
667.044	0.0273454
667.179	0.0269792
667.314	0.028322
667.449	0.0272844
667.584	0.0281389
667.719	0.0277727
667.854	0.026674
667.989	0.0277727
668.123	0.0274675
668.258	0.0271013
668.393	0.0275285
668.528	0.0277117
668.663	0.0289935
668.798	0.0271623
668.933	0.0274065
669.068	0.0282
669.203	0.0278337
669.338	0.028261
669.473	0.028322
669.607	0.0284441
669.742	0.0277117
669.877	0.0275285
670.012	0.0274675
670.147	0.0264298
670.282	0.028322
670.417	0.0278337
670.552	0.0277727
670.687	0.0282
670.822	0.0286883
670.957	0.0271013
671.091	0.0277727
671.226	0.0277727
671.361	0.0275896
671.496	0.0276506
671.631	0.0284441
671.766	0.0272233
671.901	0.0271013
672.036	0.028261
672.171	0.0278337
672.306	0.0278948
672.44	0.0274065
672.575	0.0280779
672.71	0.0275896
672.845	0.0278948
672.98	0.0277117
673.115	0.028261
673.25	0.0277117
673.385	0.0270402
673.52	0.0274065
673.655	0.0273454
673.789	0.0272844
673.924	0.0280168
674.059	0.0272233
674.194	0.0275896
674.329	0.0275285
674.464	0.0272233
674.599	0.0285662
674.734	0.026613
674.869	0.0272844
675.003	0.0272233
675.138	0.0272844
675.273	0.0280168
675.408	0.0278337
675.543	0.0277117
675.678	0.0278948
675.813	0.0267961
675.948	0.028261
676.083	0.0278337
676.217	0.0281389
676.352	0.0272844
676.487	0.0276506
676.622	0.0280168
676.757	0.026674
676.892	0.0276506
677.027	0.0276506
677.162	0.0272233
677.297	0.0284441
677.431	0.0275896
677.566	0.0276506
677.701	0.0274065
677.836	0.0287493
677.971	0.0274675
678.106	0.0265519
678.241	0.0283831
678.376	0.0277117
678.511	0.0271013
678.645	0.0278948
678.78	0.0275896
678.915	0.0268571
679.05	0.0272233
679.185	0.0272844
679.32	0.0282
679.455	0.0269792
679.59	0.0278337
679.724	0.0277727
679.859	0.0278948
679.994	0.0274675
680.129	0.0275285
680.264	0.0278948
680.399	0.0264909
680.534	0.0280168
680.669	0.0278337
680.803	0.0283831
680.938	0.026735
681.073	0.0274675
681.208	0.0279558
681.343	0.0275896
681.478	0.0276506
681.613	0.0279558
681.748	0.0282
681.882	0.0277117
682.017	0.0272233
682.152	0.0277727
682.287	0.0275285
682.422	0.0269792
682.557	0.0272233
682.692	0.0284441
682.827	0.0269792
682.961	0.0272844
683.096	0.0278948
683.231	0.0272844
683.366	0.0279558
683.501	0.0282
683.636	0.0281389
683.771	0.0281389
683.906	0.0274065
684.04	0.0281389
684.175	0.0274065
684.31	0.0272844
684.445	0.0277117
684.58	0.0274065
684.715	0.0274065
684.85	0.0285662
684.984	0.0272233
685.119	0.0279558
685.254	0.0264909
685.389	0.0282
685.524	0.0272844
685.659	0.0274675
685.794	0.0274065
685.928	0.0271623
686.063	0.0277727
686.198	0.0270402
686.333	0.0275896
686.468	0.0278337
686.603	0.0280168
686.738	0.0284441
686.872	0.0274675
687.007	0.0279558
687.142	0.0275285
687.277	0.0284441
687.412	0.0274675
687.547	0.0277117
687.682	0.0277727
687.816	0.0278948
687.951	0.0277727
688.086	0.0269181
688.221	0.0270402
688.356	0.0281389
688.491	0.0272844
688.626	0.0275896
688.76	0.0276506
688.895	0.0285662
689.03	0.0285052
689.165	0.0275896
689.3	0.0274675
689.435	0.0278337
689.57	0.0278337
689.704	0.0272233
689.839	0.0280168
689.974	0.0274675
690.109	0.0268571
690.244	0.0275285
690.379	0.028261
690.513	0.0271623
690.648	0.0271013
690.783	0.0280168
690.918	0.0278337
691.053	0.0264909
691.188	0.0274675
691.323	0.0272844
691.457	0.0275285
691.592	0.0278337
691.727	0.0270402
691.862	0.0269792
691.997	0.0276506
692.132	0.028261
692.266	0.0278337
692.401	0.0281389
692.536	0.0272233
692.671	0.026735
692.806	0.0267961
692.941	0.0278948
693.075	0.0276506
693.21	0.0274675
693.345	0.0282
693.48	0.0275285
693.615	0.0270402
693.75	0.0288104
693.885	0.0280779
694.019	0.0275896
694.154	0.0284441
694.289	0.0263688
694.424	0.0275896
694.559	0.0288714
694.694	0.0273454
694.828	0.0275285
694.963	0.0272844
695.098	0.0284441
695.233	0.0273454
695.368	0.0280168
695.503	0.0278948
695.637	0.0277727
695.772	0.0277117
695.907	0.0261857
696.042	0.0275896
696.177	0.0277727
696.312	0.0270402
696.446	0.0270402
696.581	0.0275285
696.716	0.0278948
696.851	0.0269181
696.986	0.0269181
697.12	0.0278337
697.255	0.0275285
697.39	0.0272844
697.525	0.0281389
697.66	0.0275285
697.795	0.0276506
697.929	0.0274675
698.064	0.0277117
698.199	0.0278337
698.334	0.0281389
698.469	0.0270402
698.604	0.0269181
698.738	0.0275896
698.873	0.0280168
699.008	0.0272844
699.143	0.0274675
699.278	0.0271013
699.412	0.0278948
699.547	0.0275285
699.682	0.0288104
699.817	0.0271013
699.952	0.0285662
700.087	0.0273454
700.221	0.0282
700.356	0.0272233
700.491	0.0283831
700.626	0.0276506
700.761	0.0278948
700.895	0.0274065
701.03	0.0275285
701.165	0.0271623
701.3	0.0274065
701.435	0.0278337
701.57	0.0275896
701.704	0.028261
701.839	0.0275285
701.974	0.0274065
702.109	0.0272844
702.244	0.0277117
702.378	0.0277117
702.513	0.0277117
702.648	0.0271013
702.783	0.0274065
702.918	0.0273454
703.052	0.0268571
703.187	0.0278337
703.322	0.0275285
703.457	0.0270402
703.592	0.0280779
703.727	0.0275285
703.861	0.0273454
703.996	0.0275285
704.131	0.0280168
704.266	0.0274675
704.401	0.0272233
704.535	0.0278948
704.67	0.0272233
704.805	0.0277727
704.94	0.0279558
705.075	0.028261
705.209	0.0274065
705.344	0.0271013
705.479	0.0275896
705.614	0.0287493
705.749	0.028261
705.883	0.0273454
706.018	0.0272844
706.153	0.0275896
706.288	0.0263688
706.423	0.0286883
706.557	0.0278948
706.692	0.0274065
706.827	0.0274675
706.962	0.0275285
707.097	0.0271623
707.231	0.0278337
707.366	0.0273454
707.501	0.0280168
707.636	0.0271623
707.771	0.0274675
707.905	0.0280779
708.04	0.0272844
708.175	0.0277117
708.31	0.0277117
708.445	0.0277727
708.579	0.0277117
708.714	0.026735
708.849	0.0279558
708.984	0.0277727
709.118	0.0269792
709.253	0.0278948
709.388	0.0271623
709.523	0.0274675
709.658	0.0283831
709.792	0.0270402
709.927	0.0277117
710.062	0.0278948
710.197	0.0273454
710.332	0.0270402
710.466	0.0275285
710.601	0.0276506
710.736	0.0274675
710.871	0.0277117
711.006	0.0278948
711.14	0.0280168
711.275	0.0274065
711.41	0.0272233
711.545	0.0278948
711.679	0.0280779
711.814	0.0278948
711.949	0.0278337
712.084	0.0268571
712.219	0.0276506
712.353	0.0277117
712.488	0.0272844
712.623	0.0279558
712.758	0.026735
712.892	0.0270402
713.027	0.0277727
713.162	0.0280168
713.297	0.028322
713.432	0.0277727
713.566	0.0277117
713.701	0.0278948
713.836	0.0273454
713.971	0.0270402
714.105	0.0277117
714.24	0.0278948
714.375	0.0283831
714.51	0.0278337
714.645	0.0272233
714.779	0.0275285
714.914	0.0272844
715.049	0.0285052
715.184	0.0280168
715.318	0.0278948
715.453	0.0269792
715.588	0.0275285
715.723	0.0272233
715.858	0.0281389
715.992	0.0274675
716.127	0.0275285
716.262	0.0269792
716.397	0.0281389
716.531	0.0285052
716.666	0.0285052
716.801	0.0284441
716.936	0.0271013
717.07	0.0282
717.205	0.026613
717.34	0.0280168
717.475	0.0265519
717.61	0.0269792
717.744	0.0274065
717.879	0.0269792
718.014	0.0268571
718.149	0.0272233
718.283	0.0275896
718.418	0.0274065
718.553	0.0275896
718.688	0.0275285
718.822	0.0276506
718.957	0.028261
719.092	0.0278337
719.227	0.0269792
719.361	0.0275285
719.496	0.0274675
719.631	0.0282
719.766	0.0275285
719.9	0.0277117
720.035	0.0274675
720.17	0.0285662
720.305	0.0272233
720.44	0.0279558
720.574	0.0277117
720.709	0.0284441
720.844	0.0269181
720.979	0.0275285
721.113	0.026735
721.248	0.0270402
721.383	0.0284441
721.518	0.0286883
721.652	0.0275896
721.787	0.026613
721.922	0.0281389
722.057	0.0276506
722.191	0.0275896
722.326	0.0278337
722.461	0.0278337
722.596	0.0278337
722.73	0.0271013
722.865	0.0272233
723	0.0264909
723.135	0.0282
723.269	0.0275285
723.404	0.028322
723.539	0.0282
723.674	0.0270402
723.808	0.0271623
723.943	0.0275896
724.078	0.0277117
724.213	0.0272844
724.347	0.0264909
724.482	0.0277117
724.617	0.0282
724.752	0.028261
724.886	0.0272844
725.021	0.0275896
725.156	0.0283831
725.291	0.0272233
725.425	0.0274065
725.56	0.0272233
725.695	0.0278337
725.829	0.0278337
725.964	0.0277727
726.099	0.0277727
726.234	0.0275896
726.368	0.0274675
726.503	0.0281389
726.638	0.0272233
726.773	0.0269792
726.907	0.0288104
727.042	0.0275285
727.177	0.0272844
727.312	0.0271623
727.446	0.0277727
727.581	0.0272844
727.716	0.0272233
727.851	0.0277117
727.985	0.0277117
728.12	0.026613
728.255	0.0277727
728.389	0.0282
728.524	0.0273454
728.659	0.0277117
728.794	0.0278948
728.928	0.0278337
729.063	0.0273454
729.198	0.0264298
729.333	0.0281389
729.467	0.0274065
729.602	0.0268571
729.737	0.0272844
729.872	0.0280168
730.006	0.0280168
730.141	0.0274675
730.276	0.0280779
730.41	0.0279558
730.545	0.0278337
730.68	0.0279558
730.815	0.0271013
730.949	0.0272233
731.084	0.0277117
731.219	0.0272233
731.354	0.0275285
731.488	0.0274675
731.623	0.0270402
731.758	0.0280779
731.892	0.026613
732.027	0.0283831
732.162	0.0272233
732.297	0.0265519
732.431	0.0265519
732.566	0.0273454
732.701	0.0271013
732.835	0.0273454
732.97	0.0281389
733.105	0.0271623
733.24	0.0278948
733.374	0.0273454
733.509	0.0273454
733.644	0.0286883
733.779	0.0275285
733.913	0.0269792
734.048	0.0279558
734.183	0.0288714
734.317	0.0282
734.452	0.0277727
734.587	0.0270402
734.722	0.0278948
734.856	0.0276506
734.991	0.0278948
735.126	0.0275285
735.26	0.0286883
735.395	0.0278337
735.53	0.0279558
735.665	0.0275896
735.799	0.0277117
735.934	0.0271013
736.069	0.0273454
736.203	0.0275285
736.338	0.0272233
736.473	0.026613
736.607	0.0275285
736.742	0.0285052
736.877	0.0276506
737.012	0.0278948
737.146	0.0279558
737.281	0.0277727
737.416	0.0278337
737.55	0.0279558
737.685	0.028322
737.82	0.0279558
737.955	0.0277117
738.089	0.0278948
738.224	0.0270402
738.359	0.0274675
738.493	0.0278337
738.628	0.0275285
738.763	0.0275896
738.897	0.0279558
739.032	0.0275896
739.167	0.0281389
739.302	0.0277117
739.436	0.0274065
739.571	0.0280779
739.706	0.0272844
739.84	0.0278948
739.975	0.0275285
740.11	0.0280168
740.244	0.0279558
740.379	0.0276506
740.514	0.0280168
740.649	0.0278948
740.783	0.0280168
740.918	0.0278337
741.053	0.0280779
741.187	0.0280168
741.322	0.0262467
741.457	0.0273454
741.591	0.0274675
741.726	0.0280168
741.861	0.0272844
741.996	0.0276506
742.13	0.0278948
742.265	0.028322
742.4	0.0276506
742.534	0.0277117
742.669	0.0274675
742.804	0.0277117
742.938	0.0269181
743.073	0.0273454
743.208	0.0272233
743.342	0.0278337
743.477	0.0286883
743.612	0.0280779
743.747	0.0274065
743.881	0.0286883
744.016	0.0277117
744.151	0.0277117
744.285	0.0280779
744.42	0.0273454
744.555	0.0275896
744.689	0.026735
744.824	0.0276506
744.959	0.0270402
745.093	0.0282
745.228	0.028322
745.363	0.028322
745.497	0.0267961
745.632	0.0272844
745.767	0.0269181
745.901	0.0272233
746.036	0.0279558
746.171	0.0279558
746.305	0.0275285
746.44	0.0271623
746.575	0.028322
746.71	0.0274065
746.844	0.0277117
746.979	0.0280779
747.114	0.0275896
747.248	0.0272233
747.383	0.0278337
747.518	0.0274675
747.652	0.0270402
747.787	0.0275285
747.922	0.0283831
748.056	0.0273454
748.191	0.0274065
748.326	0.0274065
748.46	0.0275896
748.595	0.026735
748.73	0.0275896
748.864	0.0273454
748.999	0.0272233
749.134	0.0282
749.268	0.0274675
749.403	0.0274675
749.538	0.0272844
749.672	0.0280779
749.807	0.0267961
749.942	0.0277727
750.076	0.0272233
750.211	0.0278948
750.346	0.0274675
750.48	0.0265519
750.615	0.0278948
750.75	0.0272844
750.884	0.0274675
751.019	0.0277727
751.154	0.0278337
751.288	0.0278337
751.423	0.0276506
751.558	0.0284441
751.692	0.0282
751.827	0.0282
751.962	0.0278948
752.096	0.0280168
752.231	0.0265519
752.366	0.0271013
752.5	0.0274675
752.635	0.0278337
752.77	0.0280779
752.904	0.0270402
753.039	0.0277727
753.174	0.0280168
753.308	0.0269792
753.443	0.0277117
753.578	0.0278337
753.712	0.0274065
753.847	0.0279558
753.982	0.0272844
754.116	0.0275285
754.251	0.0274675
754.386	0.0276506
754.52	0.0267961
754.655	0.0279558
754.79	0.0267961
754.924	0.0275896
755.059	0.0272844
755.194	0.0268571
755.328	0.0277117
755.463	0.0277117
755.597	0.028261
755.732	0.0280779
755.867	0.026735
756.001	0.0267961
756.136	0.0272844
756.271	0.0276506
756.405	0.0280168
756.54	0.0280779
756.675	0.0275285
756.809	0.0276506
756.944	0.0272233
757.079	0.0280168
757.213	0.0277117
757.348	0.0272844
757.483	0.028322
757.617	0.0282
757.752	0.0278948
757.887	0.0278337
758.021	0.028261
758.156	0.0274065
758.29	0.0279558
758.425	0.0279558
758.56	0.0276506
758.694	0.0274675
758.829	0.0276506
758.964	0.0277117
759.098	0.0282
759.233	0.0282
759.368	0.028322
759.502	0.0278948
759.637	0.0268571
759.772	0.028261
759.906	0.0274065
760.041	0.0280168
760.175	0.028322
760.31	0.0269181
760.445	0.0284441
760.579	0.0280779
760.714	0.0274675
760.849	0.026735
760.983	0.0274675
761.118	0.0270402
761.253	0.0280168
761.387	0.028322
761.522	0.0271623
761.656	0.028261
761.791	0.0276506
761.926	0.0274065
762.06	0.0272844
762.195	0.0283831
762.33	0.0278337
762.464	0.0280779
762.599	0.0275896
762.733	0.0268571
762.868	0.0282
763.003	0.0280779
763.137	0.0276506
763.272	0.0275285
763.407	0.0274675
763.541	0.0277117
763.676	0.0274675
763.811	0.0280168
763.945	0.0284441
764.08	0.0280168
764.214	0.0265519
764.349	0.0276506
764.484	0.0282
764.618	0.0276506
764.753	0.0274065
764.888	0.0275285
765.022	0.028261
765.157	0.0276506
765.291	0.0269792
765.426	0.0274065
765.561	0.0274675
765.695	0.0272844
765.83	0.0280168
765.965	0.0278337
766.099	0.0271623
766.234	0.0264298
766.368	0.0275285
766.503	0.0277117
766.638	0.0279558
766.772	0.0278948
766.907	0.0271623
767.041	0.0277117
767.176	0.0278337
767.311	0.0269181
767.445	0.0268571
767.58	0.0275285
767.715	0.028261
767.849	0.0269792
767.984	0.0270402
768.118	0.0279558
768.253	0.0277727
768.388	0.0278948
768.522	0.026613
768.657	0.0272844
768.791	0.0270402
768.926	0.0271623
769.061	0.0274675
769.195	0.028261
769.33	0.0274675
769.465	0.0277727
769.599	0.0285052
769.734	0.0275896
769.868	0.0272233
770.003	0.0275896
770.138	0.0272844
770.272	0.0283831
770.407	0.0277727
770.541	0.0278337
770.676	0.0278948
770.811	0.0274675
770.945	0.0274675
771.08	0.0277117
771.214	0.0278337
771.349	0.0271013
771.484	0.0274675
771.618	0.0274675
771.753	0.0278948
771.887	0.0271013
772.022	0.0274675
772.157	0.0280779
772.291	0.0282
772.426	0.028322
772.56	0.0271623
772.695	0.0274675
772.83	0.028322
772.964	0.0272233
773.099	0.0272844
773.233	0.0278948
773.368	0.0273454
773.503	0.0284441
773.637	0.0279558
773.772	0.0280168
773.906	0.0282
774.041	0.0277117
774.176	0.0283831
774.31	0.0277727
774.445	0.0274675
774.579	0.0268571
774.714	0.0276506
774.849	0.0277117
774.983	0.0274065
775.118	0.0277727
775.252	0.0268571
775.387	0.0288714
775.522	0.028322
775.656	0.0275285
775.791	0.0281389
775.925	0.0273454
776.06	0.026735
776.195	0.0278948
776.329	0.0277727
776.464	0.0278337
776.598	0.0271013
776.733	0.0279558
776.868	0.0273454
777.002	0.0283831
777.137	0.0272844
777.271	0.0275896
777.406	0.0272233
777.54	0.0282
777.675	0.0272844
777.81	0.0288104
777.944	0.0277117
778.079	0.0286272
778.213	0.0269792
778.348	0.0274675
778.483	0.0276506
778.617	0.0277727
778.752	0.0272233
778.886	0.0278337
779.021	0.0275285
779.155	0.0287493
779.29	0.0274065
779.425	0.0288104
779.559	0.0273454
779.694	0.0278948
779.828	0.0276506
779.963	0.0276506
780.098	0.0291155
780.232	0.0275285
780.367	0.0269181
780.501	0.0277117
780.636	0.0275285
780.77	0.0274675
780.905	0.0272233
781.04	0.0277117
781.174	0.0269792
781.309	0.0273454
781.443	0.0272233
781.578	0.028261
781.712	0.028322
781.847	0.0279558
781.982	0.0277117
782.116	0.0277727
782.251	0.0271013
782.385	0.0274065
782.52	0.0278948
782.654	0.0279558
782.789	0.0283831
782.924	0.0274675
783.058	0.0272233
783.193	0.0277727
783.327	0.0269181
783.462	0.0282
783.596	0.0272844
783.731	0.0273454
783.866	0.0274065
784	0.0274675
784.135	0.0275285
784.269	0.0271623
784.404	0.0274675
784.538	0.0280168
784.673	0.0277117
784.808	0.0272844
784.942	0.0276506
785.077	0.0280168
785.211	0.0275285
785.346	0.0278337
785.48	0.0280168
785.615	0.0276506
785.75	0.0275285
785.884	0.026613
786.019	0.0277117
786.153	0.0274675
786.288	0.0277117
786.422	0.0275896
786.557	0.028261
786.691	0.0273454
786.826	0.0276506
786.961	0.0280168
787.095	0.0276506
787.23	0.0278948
787.364	0.0282
787.499	0.028322
787.633	0.0281389
787.768	0.0276506
787.902	0.0282
788.037	0.0281389
788.172	0.0280168
788.306	0.028322
788.441	0.0280779
788.575	0.0278948
788.71	0.0274675
788.844	0.0269181
788.979	0.0274675
789.113	0.0287493
789.248	0.0272844
789.383	0.0284441
789.517	0.0269792
789.652	0.0271013
789.786	0.0275285
789.921	0.0277117
790.055	0.0282
790.19	0.0281389
790.324	0.0286272
790.459	0.0276506
790.594	0.026735
790.728	0.026735
790.863	0.0279558
790.997	0.0271623
791.132	0.0273454
791.266	0.0280779
791.401	0.0277727
791.535	0.0282
791.67	0.0275285
791.804	0.028261
791.939	0.0272844
792.074	0.0282
792.208	0.0275285
792.343	0.0278948
792.477	0.0277117
792.612	0.0280168
792.746	0.0281389
792.881	0.0279558
793.015	0.0278948
793.15	0.0282
793.284	0.0269792
793.419	0.0280168
793.553	0.0282
793.688	0.0286883
793.823	0.0278948
793.957	0.0278337
794.092	0.0281389
794.226	0.0280779
794.361	0.0291155
794.495	0.0279558
794.63	0.0273454
794.764	0.028261
794.899	0.0282
795.033	0.0283831
795.168	0.0274675
795.302	0.028322
795.437	0.0280168
795.572	0.028322
795.706	0.0279558
795.841	0.0287493
795.975	0.0280168
796.11	0.0277727
796.244	0.0285662
796.379	0.0277727
796.513	0.0280779
796.648	0.0277117
796.782	0.028322
796.917	0.0280779
797.051	0.0280779
797.186	0.0286272
797.32	0.0278948
797.455	0.0282
797.589	0.0287493
797.724	0.028261
797.859	0.0287493
797.993	0.0285662
798.128	0.0285052
798.262	0.0288714
798.397	0.0292987
798.531	0.0287493
798.666	0.0280168
798.8	0.0286883
798.935	0.0279558
799.069	0.0295428
799.204	0.0286272
799.338	0.0285662
799.473	0.028322
799.607	0.0286272
799.742	0.0277727
799.876	0.0285052
800.011	0.0294207
800.145	0.0286883
800.28	0.0293597
800.414	0.0297259
800.549	0.0296039
800.683	0.0288714
800.818	0.0285662
800.953	0.0295428
801.087	0.0288714
801.222	0.0287493
801.356	0.028322
801.491	0.0294818
801.625	0.0301532
801.76	0.0292987
801.894	0.029787
802.029	0.0303974
802.163	0.029848
802.298	0.0308246
802.432	0.0301532
802.567	0.0303974
802.701	0.0300311
802.836	0.029787
802.97	0.0304584
803.105	0.0311298
803.239	0.0318013
803.374	0.0318623
803.508	0.0319233
803.643	0.0333272
803.777	0.0335103
803.912	0.0332052
804.046	0.0333883
804.181	0.034487
804.315	0.0355246
804.45	0.0350974
804.584	0.0368064
804.719	0.037661
804.853	0.0373558
804.988	0.0389428
805.122	0.0402246
805.257	0.0416896
805.391	0.0428493
805.526	0.0456571
805.66	0.0483428
805.795	0.0563999
805.929	0.0726973
806.064	0.0980895
806.198	0.233718
806.333	0.651285
806.467	1
806.602	1
806.736	1
806.871	1
807.005	1
807.14	1
807.274	1
807.409	0.997803
807.543	1
807.678	0.992614
807.812	0.997253
807.947	0.987365
808.081	0.990661
808.216	0.976744
808.35	0.981749
808.485	0.959714
808.619	0.964475
808.754	0.899957
808.888	0.476531
809.023	0.310016
809.157	0.3431
809.292	0.28792
809.426	0.331685
809.561	0.240737
809.695	0.107367
809.83	0.045535
809.964	0.0396142
810.099	0.0395532
810.233	0.0380272
810.368	0.0365013
810.502	0.0358909
810.637	0.034487
810.771	0.0343039
810.906	0.034609
811.04	0.0324116
811.175	0.0330831
811.309	0.0322285
811.444	0.0324116
811.578	0.0317402
811.713	0.0315571
811.847	0.0321065
811.982	0.0312519
812.116	0.031374
812.251	0.0311909
812.385	0.029848
812.519	0.0314961
812.654	0.0309467
812.788	0.0306415
812.923	0.0297259
813.057	0.029787
813.192	0.0295428
813.326	0.0299701
813.461	0.0294207
813.595	0.0292987
813.73	0.0288714
813.864	0.0292987
813.999	0.0280779
814.133	0.0299701
814.268	0.0292987
814.402	0.0283831
814.537	0.0278948
814.671	0.0291155
814.806	0.0286883
814.94	0.0303974
815.075	0.0288104
815.209	0.0285662
815.344	0.0278337
815.478	0.0290545
815.612	0.028322
815.747	0.0285052
815.881	0.0280168
816.016	0.0288104
816.15	0.0291155
816.285	0.0281389
816.419	0.0281389
816.554	0.0290545
816.688	0.0287493
816.823	0.0282
816.957	0.0285052
817.092	0.0277117
817.226	0.0282
817.361	0.0277117
817.495	0.0291766
817.63	0.0280779
817.764	0.0283831
817.898	0.0278337
818.033	0.0288714
818.167	0.0283831
818.302	0.0286272
818.436	0.0282
818.571	0.0277117
818.705	0.0286883
818.84	0.0282
818.974	0.0286883
819.109	0.0280168
819.243	0.0277117
819.378	0.0279558
819.512	0.0284441
819.646	0.0282
819.781	0.0280779
819.915	0.0282
820.05	0.0279558
820.184	0.0272233
820.319	0.0274065
820.453	0.0284441
820.588	0.0274065
820.722	0.0277727
820.857	0.0275896
820.991	0.0283831
821.126	0.0274065
821.26	0.0282
821.394	0.0283831
821.529	0.0278337
821.663	0.0286883
821.798	0.0281389
821.932	0.0272844
822.067	0.0278337
822.201	0.0277117
822.336	0.0285662
822.47	0.0277727
822.605	0.0280168
822.739	0.0282
822.873	0.0271013
823.008	0.0272844
823.142	0.0283831
823.277	0.0280779
823.411	0.0279558
823.546	0.0279558
823.68	0.0283831
823.815	0.0285052
823.949	0.0289324
824.083	0.0271013
824.218	0.028261
824.352	0.0274675
824.487	0.0282
824.621	0.028261
824.756	0.0263688
824.89	0.0272233
825.025	0.0272844
825.159	0.0275896
825.293	0.0275285
825.428	0.0277117
825.562	0.0271013
825.697	0.0279558
825.831	0.0278948
825.966	0.028322
826.1	0.0278337
826.235	0.0271623
826.369	0.028261
826.503	0.0278337
826.638	0.0278337
826.772	0.0282
826.907	0.028261
827.041	0.028261
827.176	0.0271623
827.31	0.0285052
827.445	0.0285662
827.579	0.0275896
827.713	0.0279558
827.848	0.0273454
827.982	0.0273454
828.117	0.0282
828.251	0.0280168
828.386	0.0279558
828.52	0.0280168
828.654	0.0278337
828.789	0.0278948
828.923	0.0269181
829.058	0.0275285
829.192	0.0285052
829.327	0.0272844
829.461	0.0280779
829.596	0.0269792
829.73	0.0272233
829.864	0.0270402
829.999	0.0284441
830.133	0.0277117
830.268	0.0269792
830.402	0.0281389
830.537	0.0269792
830.671	0.0270402
830.805	0.0282
830.94	0.0269792
831.074	0.0273454
831.209	0.0269792
831.343	0.0280168
831.478	0.0271013
831.612	0.0275896
831.746	0.0271013
831.881	0.028261
832.015	0.0264909
832.15	0.0277117
832.284	0.0278337
832.418	0.0277727
832.553	0.0280168
832.687	0.0277117
832.822	0.0276506
832.956	0.0281389
833.091	0.0283831
833.225	0.0271013
833.359	0.0283831
833.494	0.0279558
833.628	0.0274675
833.763	0.0284441
833.897	0.0277727
834.032	0.0272233
834.166	0.0276506
834.3	0.0276506
834.435	0.0274675
834.569	0.0280779
834.704	0.0278948
834.838	0.0269792
834.972	0.0282
835.107	0.0277727
835.241	0.0280779
835.376	0.0282
835.51	0.0278948
835.645	0.0274675
835.779	0.0274065
835.913	0.0278948
836.048	0.0274675
836.182	0.0268571
836.317	0.0278948
836.451	0.0274065
836.585	0.0277117
836.72	0.0276506
836.854	0.0281389
836.989	0.0268571
837.123	0.0277117
837.257	0.0280779
837.392	0.0278337
837.526	0.028261
837.661	0.0281389
837.795	0.0274675
837.929	0.0277727
838.064	0.0275896
838.198	0.0280168
838.333	0.0269792
838.467	0.0275285
838.602	0.0278948
838.736	0.0282
838.87	0.028322
839.005	0.0283831
839.139	0.0277727
839.274	0.0280779
839.408	0.0274065
839.542	0.0275285
839.677	0.0288714
839.811	0.0273454
839.946	0.0287493
840.08	0.0288714
840.214	0.0277727
840.349	0.0275896
840.483	0.0269181
840.618	0.0275285
840.752	0.0271013
840.886	0.0273454
841.021	0.0280168
841.155	0.0286272
841.29	0.0276506
841.424	0.0275896
841.558	0.0272233
841.693	0.0273454
841.827	0.0277117
841.961	0.0272844
842.096	0.0274065
842.23	0.0270402
842.365	0.0275896
842.499	0.0269792
842.633	0.0278337
842.768	0.0282
842.902	0.0282
843.037	0.0277727
843.171	0.0278948
843.305	0.0278948
843.44	0.0280168
843.574	0.0278948
843.709	0.0283831
843.843	0.0281389
843.977	0.0274065
844.112	0.0279558
844.246	0.0274065
844.381	0.0278337
844.515	0.0272844
844.649	0.0280168
844.784	0.0277117
844.918	0.0282
845.052	0.0275896
845.187	0.0272844
845.321	0.028322
845.456	0.0276506
845.59	0.0274065
845.724	0.0274065
845.859	0.0272233
845.993	0.0277727
846.128	0.0278337
846.262	0.026735
846.396	0.0275896
846.531	0.0278948
846.665	0.0280779
846.799	0.0272844
846.934	0.0281389
847.068	0.0269792
847.203	0.0272233
847.337	0.0275285
847.471	0.0275285
847.606	0.0275285
847.74	0.0280779
847.874	0.0272233
848.009	0.0277117
848.143	0.028322
848.278	0.0275896
848.412	0.0281389
848.546	0.0268571
848.681	0.0277727
848.815	0.028261
848.949	0.0270402
849.084	0.0285662
849.218	0.0276506
849.353	0.028322
849.487	0.0280779
849.621	0.0277117
849.756	0.0270402
849.89	0.0271013
850.024	0.0283831
850.159	0.0276506
850.293	0.0283831
850.428	0.0269181
850.562	0.0276506
850.696	0.0278337
850.831	0.0281389
850.965	0.0278948
851.099	0.0274065
851.234	0.0286883
851.368	0.0280168
851.502	0.028261
851.637	0.0275896
851.771	0.0276506
851.906	0.0275285
852.04	0.0269181
852.174	0.0273454
852.309	0.0280168
852.443	0.0270402
852.577	0.0278948
852.712	0.0269792
852.846	0.0280779
852.98	0.0272844
853.115	0.0278948
853.249	0.0278337
853.384	0.0275285
853.518	0.0280779
853.652	0.0278337
853.787	0.0274675
853.921	0.0273454
854.055	0.0280779
854.19	0.0283831
854.324	0.0272233
854.458	0.0269181
854.593	0.0271013
854.727	0.0280168
854.861	0.0285052
854.996	0.0275285
855.13	0.028261
855.265	0.0274065
855.399	0.0274675
855.533	0.0284441
855.668	0.0269181
855.802	0.0278337
855.936	0.0277727
856.071	0.0283831
856.205	0.0277117
856.339	0.0274065
856.474	0.0285052
856.608	0.0275285
856.742	0.0279558
856.877	0.0289935
857.011	0.0280779
857.145	0.0274675
857.28	0.0277117
857.414	0.0277117
857.549	0.0268571
857.683	0.0275896
857.817	0.0270402
857.952	0.0281389
858.086	0.0277727
858.22	0.0282
858.355	0.0274675
858.489	0.026735
858.623	0.0275896
858.758	0.0275896
858.892	0.0272233
859.026	0.0271623
859.161	0.0280168
859.295	0.0278948
859.429	0.0282
859.564	0.0274675
859.698	0.0279558
859.832	0.0275285
859.967	0.0275896
860.101	0.0287493
860.235	0.0272233
860.37	0.0275285
860.504	0.0280168
860.638	0.0281389
860.773	0.0275896
860.907	0.0280779
861.041	0.0282
861.176	0.0271013
861.31	0.0265519
861.444	0.0280168
861.579	0.0280168
861.713	0.0279558
861.847	0.0277727
861.982	0.028261
862.116	0.0277727
862.25	0.0279558
862.385	0.0271623
862.519	0.0281389
862.653	0.0274065
862.788	0.0282
862.922	0.0285662
863.056	0.0278948
863.191	0.0284441
863.325	0.0275285
863.459	0.0273454
863.594	0.0280168
863.728	0.0280779
863.862	0.0280168
863.997	0.0279558
864.131	0.0282
864.265	0.0290545
864.4	0.0274065
864.534	0.0267961
864.668	0.0276506
864.803	0.0268571
864.937	0.0276506
865.071	0.0271013
865.206	0.0278948
865.34	0.0276506
865.474	0.0275285
865.609	0.0279558
865.743	0.0271013
865.877	0.0275896
866.012	0.0279558
866.146	0.0274065
866.28	0.0278337
866.415	0.0277117
866.549	0.0277117
866.683	0.028322
866.818	0.0271013
866.952	0.0278337
867.086	0.0274675
867.221	0.0277727
867.355	0.0278948
867.489	0.0273454
867.623	0.0275896
867.758	0.0278948
867.892	0.0274065
868.026	0.0276506
868.161	0.0279558
868.295	0.0269792
868.429	0.0272233
868.564	0.0274675
868.698	0.0271623
868.832	0.0267961
868.967	0.0272233
869.101	0.0274675
869.235	0.0272233
869.37	0.0272233
869.504	0.0277117
869.638	0.0271013
869.773	0.0278337
869.907	0.0270402
870.041	0.0278948
870.175	0.0276506
870.31	0.0281389
870.444	0.0274065
870.578	0.0286272
870.713	0.0280779
870.847	0.0276506
870.981	0.028322
871.116	0.0275896
871.25	0.0278337
871.384	0.0279558
871.519	0.0273454
871.653	0.0274065
871.787	0.0275896
871.921	0.0280168
872.056	0.0279558
872.19	0.0278948
872.324	0.0275285
872.459	0.0272233
872.593	0.0267961
872.727	0.0280168
872.862	0.0285052
872.996	0.0274675
873.13	0.0277727
873.264	0.0271623
873.399	0.0271623
873.533	0.0270402
873.667	0.0278948
873.802	0.0272233
873.936	0.0286883
874.07	0.0280779
874.205	0.0279558
874.339	0.0278948
874.473	0.0275285
874.607	0.0267961
874.742	0.0277727
874.876	0.0274065
875.01	0.0275896
875.145	0.028322
875.279	0.0283831
875.413	0.0271013
875.548	0.0281389
875.682	0.0278948
875.816	0.0274065
875.95	0.0282
876.085	0.0284441
876.219	0.028261
876.353	0.0275285
876.488	0.0278948
876.622	0.0271013
876.756	0.0276506
876.89	0.0280779
877.025	0.028261
877.159	0.0280168
877.293	0.0280779
877.428	0.0274065
877.562	0.0277117
877.696	0.0289935
877.83	0.0280168
877.965	0.0278948
878.099	0.0281389
878.233	0.0278948
878.368	0.0283831
878.502	0.0274065
878.636	0.0274065
878.77	0.0273454
878.905	0.0272233
879.039	0.0280779
879.173	0.0273454
879.308	0.0272844
879.442	0.0271013
879.576	0.0278337
879.71	0.0271623
879.845	0.0276506
879.979	0.0272844
880.113	0.0280168
880.248	0.0280168
880.382	0.0271013
880.516	0.0276506
880.65	0.0275285
880.785	0.026735
880.919	0.0272233
881.053	0.0275896
881.188	0.0277117
881.322	0.028322
881.456	0.0277727
881.59	0.0286272
881.725	0.0275285
881.859	0.0275285
881.993	0.0288714
882.127	0.0275896
882.262	0.0273454
882.396	0.0278948
882.53	0.0276506
882.665	0.0272233
882.799	0.028261
882.933	0.028322
883.067	0.0278337
883.202	0.0279558
883.336	0.0281389
883.47	0.028261
883.604	0.0280779
883.739	0.0275896
883.873	0.0271013
884.007	0.0276506
884.142	0.0265519
884.276	0.0275896
884.41	0.0277117
884.544	0.028261
884.679	0.0277727
884.813	0.0274675
884.947	0.0272844
885.081	0.0271623
885.216	0.0281389
885.35	0.0278948
885.484	0.0271623
885.618	0.0278948
885.753	0.0268571
885.887	0.0285662
886.021	0.0283831
886.155	0.0277727
886.29	0.0279558
886.424	0.0278337
886.558	0.0271623
886.693	0.0289324
886.827	0.0272844
886.961	0.0275896
887.095	0.0275285
887.23	0.0276506
887.364	0.0277117
887.498	0.0274675
887.632	0.028261
887.767	0.0279558
887.901	0.0291155
888.035	0.0276506
888.169	0.028322
888.304	0.0277117
888.438	0.0275285
888.572	0.0276506
888.706	0.0282
888.841	0.0279558
888.975	0.0275896
889.109	0.0284441
889.243	0.0282
889.378	0.0279558
889.512	0.0283831
889.646	0.0272844
889.78	0.0283831
889.915	0.0284441
890.049	0.0275285
890.183	0.0281389
890.317	0.0267961
890.452	0.0285052
890.586	0.0277117
890.72	0.0279558
890.854	0.0280779
890.989	0.0273454
891.123	0.026674
891.257	0.0272844
891.391	0.0271623
891.526	0.0275285
891.66	0.0274065
891.794	0.0278337
891.928	0.0274065
892.063	0.0277727
892.197	0.0280168
892.331	0.0280779
892.465	0.0280779
892.6	0.0271013
892.734	0.0274065
892.868	0.0271623
893.002	0.0276506
893.137	0.0280779
893.271	0.028322
893.405	0.028322
893.539	0.0271623
893.674	0.0278337
893.808	0.0274065
893.942	0.0268571
894.076	0.0282
894.21	0.0284441
894.345	0.0285662
894.479	0.0277727
894.613	0.0273454
894.747	0.0280779
894.882	0.0280779
895.016	0.028322
895.15	0.028261
895.284	0.028322
895.419	0.0280779
895.553	0.0277727
895.687	0.0269792
895.821	0.0264909
895.956	0.0278337
896.09	0.0277727
896.224	0.0273454
896.358	0.0286272
896.492	0.0276506
896.627	0.0277727
896.761	0.028322
896.895	0.0276506
897.029	0.0280779
897.164	0.028261
897.298	0.0274675
897.432	0.0271013
897.566	0.0280779
897.701	0.0278337
897.835	0.0275285
897.969	0.0271623
898.103	0.0277117
898.237	0.0275896
898.372	0.0281389
898.506	0.0277117
898.64	0.0275285
898.774	0.0285052
898.909	0.026735
899.043	0.028261
899.177	0.0281389
899.311	0.0269181
899.445	0.0280779
899.58	0.0282
899.714	0.0269792
899.848	0.0289324
899.982	0.0272233
900.117	0.0274675
900.251	0.0287493
900.385	0.0280779
900.519	0.026674
900.653	0.0279558
900.788	0.0268571
900.922	0.0277727
901.056	0.0280779
901.19	0.0278337
901.325	0.0281389
901.459	0.0271623
901.593	0.0278337
901.727	0.0272233
901.861	0.0280779
901.996	0.0278948
902.13	0.0276506
902.264	0.0279558
902.398	0.0278948
902.532	0.0280779
902.667	0.0276506
902.801	0.0272844
902.935	0.0282
903.069	0.0271013
903.204	0.0271623
903.338	0.0279558
903.472	0.0276506
903.606	0.0275896
903.74	0.0279558
903.875	0.0278337
904.009	0.0274675
904.143	0.0280168
904.277	0.0275285
904.411	0.0277727
904.546	0.0279558
904.68	0.0267961
904.814	0.0270402
904.948	0.0278948
905.082	0.0276506
905.217	0.0280779
905.351	0.0272233
905.485	0.0273454
905.619	0.0276506
905.753	0.0278948
905.888	0.0277117
906.022	0.0271623
906.156	0.0279558
906.29	0.0273454
906.424	0.0277727
906.559	0.0280168
906.693	0.0274065
906.827	0.0278948
906.961	0.0272844
907.095	0.0274065
907.23	0.0277117
907.364	0.0280779
907.498	0.0280168
907.632	0.0276506
907.766	0.0275896
907.901	0.0279558
908.035	0.0275896
908.169	0.0279558
908.303	0.0278948
908.437	0.0285052
908.572	0.0272233
908.706	0.0268571
908.84	0.0272233
908.974	0.0277727
909.108	0.0283831
909.243	0.0273454
909.377	0.0278948
909.511	0.0274675
909.645	0.0272233
909.779	0.0280168
909.914	0.0274675
910.048	0.0275896
910.182	0.0278948
910.316	0.0269181
910.45	0.026735
910.585	0.0285052
910.719	0.0291766
910.853	0.0272844
910.987	0.0277727
911.121	0.0279558
911.255	0.0280168
911.39	0.0275896
911.524	0.0275285
911.658	0.0275896
911.792	0.0274675
911.926	0.0281389
912.061	0.0276506
912.195	0.0274065
912.329	0.0274065
912.463	0.0277727
912.597	0.0284441
912.732	0.0279558
912.866	0.028322
913	0.0273454
913.134	0.0279558
913.268	0.0278948
913.402	0.0286272
913.537	0.0288104
913.671	0.0274675
913.805	0.0274065
913.939	0.0279558
914.073	0.0278337
914.208	0.0283831
914.342	0.0275896
914.476	0.0285662
914.61	0.028261
914.744	0.0269181
914.878	0.0279558
915.013	0.0280779
915.147	0.0278337
915.281	0.0277727
915.415	0.0276506
915.549	0.0279558
915.683	0.0275896
915.818	0.0277117
915.952	0.0286272
916.086	0.028261
916.22	0.0280168
916.354	0.0272844
916.488	0.0272844
916.623	0.0280779
916.757	0.0277117
916.891	0.028261
917.025	0.0272233
917.159	0.0278337
917.293	0.0273454
917.428	0.0281389
917.562	0.0278337
917.696	0.0271623
917.83	0.0278948
917.964	0.0277727
918.098	0.026674
918.233	0.0276506
918.367	0.0267961
918.501	0.0277117
918.635	0.0276506
918.769	0.0271623
918.903	0.0275285
919.038	0.0277117
919.172	0.0270402
919.306	0.0287493
919.44	0.0271013
919.574	0.0280168
919.708	0.0288104
919.843	0.0285052
919.977	0.0277727
920.111	0.0269181
920.245	0.0274065
920.379	0.0277117
920.513	0.0280168
920.648	0.0276506
920.782	0.0276506
920.916	0.0277117
921.05	0.0279558
921.184	0.028322
921.318	0.0272844
921.453	0.0290545
921.587	0.0271013
921.721	0.0288104
921.855	0.0280168
921.989	0.0277727
922.123	0.0273454
922.257	0.0281389
922.392	0.028261
922.526	0.0277727
922.66	0.026613
922.794	0.0277117
922.928	0.0274675
923.062	0.0275896
923.197	0.0280168
923.331	0.0275285
923.465	0.0279558
923.599	0.0278337
923.733	0.0272233
923.867	0.0271013
924.001	0.0270402
924.136	0.0274675
924.27	0.028322
924.404	0.0277117
924.538	0.0278337
924.672	0.0269792
924.806	0.0260636
924.94	0.0278337
925.075	0.0282
925.209	0.0277117
925.343	0.0286883
925.477	0.0283831
925.611	0.0271623
925.745	0.0281389
925.879	0.0278337
926.014	0.0267961
926.148	0.026613
926.282	0.028322
926.416	0.0272233
926.55	0.0275896
926.684	0.0273454
926.818	0.0276506
926.953	0.0277117
927.087	0.0277117
927.221	0.0282
927.355	0.0280779
927.489	0.0288714
927.623	0.0276506
927.757	0.0280168
927.892	0.0274675
928.026	0.028261
928.16	0.0280779
928.294	0.0283831
928.428	0.0278337
928.562	0.0281389
928.696	0.0278948
928.831	0.0275896
928.965	0.0281389
929.099	0.0276506
929.233	0.0278337
929.367	0.0275285
929.501	0.0282
929.635	0.0279558
929.769	0.0281389
929.904	0.0277727
930.038	0.0286272
930.172	0.0268571
930.306	0.0279558
930.44	0.0274675
930.574	0.0278948
930.708	0.0280168
930.843	0.0269181
930.977	0.0277117
931.111	0.0277727
931.245	0.0280779
931.379	0.0283831
931.513	0.0270402
931.647	0.0277117
931.781	0.0280779
931.916	0.0285052
932.05	0.0274065
932.184	0.0273454
932.318	0.0277117
932.452	0.0270402
932.586	0.0278948
932.72	0.0275896
932.854	0.0278337
932.989	0.0275896
933.123	0.0278948
933.257	0.0279558
933.391	0.0277727
933.525	0.0282
933.659	0.0277727
933.793	0.0278337
933.927	0.0281389
934.061	0.0278948
934.196	0.0288104
934.33	0.0275896
934.464	0.0287493
934.598	0.0277727
934.732	0.028322
934.866	0.0277117
935	0.0275896
935.134	0.0274675
935.269	0.0282
935.403	0.0276506
935.537	0.0278948
935.671	0.0277727
935.805	0.0277727
935.939	0.0277727
936.073	0.0282
936.207	0.0279558
936.341	0.0278948
936.476	0.0274675
936.61	0.0275285
936.744	0.0284441
936.878	0.0274065
937.012	0.0269792
937.146	0.0274065
937.28	0.0271623
937.414	0.0275896
937.548	0.0277727
937.683	0.0278948
937.817	0.0274065
937.951	0.0278948
938.085	0.0275285
938.219	0.0278337
938.353	0.0278948
938.487	0.0274675
938.621	0.0271623
938.755	0.0282
938.889	0.0274675
939.024	0.0273454
939.158	0.0272233
939.292	0.0277117
939.426	0.0275285
939.56	0.0277117
939.694	0.026674
939.828	0.0275896
939.962	0.0278948
940.096	0.0283831
940.231	0.0275896
940.365	0.0280779
940.499	0.0275896
940.633	0.0278337
940.767	0.0280168
940.901	0.0271013
941.035	0.0274065
941.169	0.0277727
941.303	0.0277727
941.437	0.0273454
941.571	0.0278337
941.706	0.0270402
941.84	0.0275896
941.974	0.0277117
942.108	0.0273454
942.242	0.0280168
942.376	0.0275285
942.51	0.0264909
942.644	0.0274675
942.778	0.0272844
942.912	0.0274675
943.047	0.0275896
943.181	0.0276506
943.315	0.0278337
943.449	0.0268571
943.583	0.0272233
943.717	0.0272844
943.851	0.0283831
943.985	0.0275896
944.119	0.0264298
944.253	0.0280168
944.387	0.0275896
944.522	0.0277727
944.656	0.0271013
944.79	0.0278948
944.924	0.0276506
945.058	0.0272233
945.192	0.0285662
945.326	0.0277117
945.46	0.0275896
945.594	0.0277117
945.728	0.0288714
945.862	0.0271013
945.996	0.026674
946.131	0.0274065
946.265	0.0277727
946.399	0.0278948
946.533	0.0276506
946.667	0.0274675
946.801	0.0279558
946.935	0.0272844
947.069	0.0271623
947.203	0.0267961
947.337	0.0278948
947.471	0.0275896
947.605	0.0275285
947.739	0.0275285
947.874	0.0276506
948.008	0.0272844
948.142	0.028261
948.276	0.0269792
948.41	0.0272233
948.544	0.0274675
948.678	0.0271623
948.812	0.0276506
948.946	0.0272844
949.08	0.0283831
949.214	0.0276506
949.348	0.0273454
949.482	0.0280168
949.617	0.0275285
949.751	0.0281389
949.885	0.0267961
950.019	0.0271623
950.153	0.028261
950.287	0.0269792
950.421	0.0277117
950.555	0.0275285
950.689	0.0288104
950.823	0.0278948
950.957	0.0274675
951.091	0.0278948
951.225	0.0278948
951.359	0.0277117
951.493	0.0277117
951.628	0.0277117
951.762	0.0272233
951.896	0.028261
952.03	0.0272233
952.164	0.028322
952.298	0.0277117
952.432	0.0273454
952.566	0.0279558
952.7	0.0280779
952.834	0.0279558
952.968	0.0279558
953.102	0.0274065
953.236	0.0288714
953.37	0.0276506
953.504	0.0275285
953.639	0.0274065
953.773	0.0284441
953.907	0.0273454
954.041	0.0277117
954.175	0.0264909
954.309	0.0267961
954.443	0.0271623
954.577	0.0275285
954.711	0.026674
954.845	0.0280168
954.979	0.0277727
955.113	0.0272233
955.247	0.026674
955.381	0.0280779
955.515	0.0283831
955.649	0.0274675
955.783	0.0271623
955.917	0.0279558
956.052	0.026674
956.186	0.0278337
956.32	0.0275896
956.454	0.0277727
956.588	0.0282
956.722	0.026613
956.856	0.0272844
956.99	0.0277117
957.124	0.0272844
957.258	0.0278948
957.392	0.0282
957.526	0.0280168
957.66	0.0279558
957.794	0.0277117
957.928	0.0271623
958.062	0.0280779
958.196	0.0269792
958.33	0.0278337
958.464	0.028261
958.598	0.0279558
958.733	0.0280168
958.867	0.026613
959.001	0.0281389
959.135	0.0279558
959.269	0.0281389
959.403	0.0279558
959.537	0.0285052
959.671	0.0290545
959.805	0.0278948
959.939	0.0274065
960.073	0.0271623
960.207	0.028261
960.341	0.0273454
960.475	0.028261
960.609	0.0273454
960.743	0.0278337
960.877	0.0278337
961.011	0.0279558
961.145	0.0275285
961.279	0.0285052
961.413	0.0275896
961.547	0.0277727
961.681	0.0278948
961.815	0.0276506
961.949	0.0286883
962.083	0.0276506
962.218	0.0275285
962.352	0.0275285
962.486	0.0268571
962.62	0.0274065
962.754	0.0278337
962.888	0.0283831
963.022	0.0289935
963.156	0.0269792
963.29	0.0275285
963.424	0.0281389
963.558	0.0276506
963.692	0.0276506
963.826	0.0268571
963.96	0.0274065
964.094	0.0278948
964.228	0.0272233
964.362	0.0274675
964.496	0.0274675
964.63	0.0286883
964.764	0.028322
964.898	0.0273454
965.032	0.0274675
965.166	0.0276506
965.3	0.0275285
965.434	0.0275285
965.568	0.0274065
965.702	0.0272233
965.836	0.0280168
965.97	0.028322
966.104	0.0272233
966.238	0.0276506
966.372	0.0277727
966.506	0.0285662
966.64	0.0270402
966.774	0.0269792
966.908	0.0276506
967.043	0.0280779
967.177	0.0275896
967.311	0.0280779
967.445	0.0275285
967.579	0.0279558
967.713	0.0269792
967.847	0.0279558
967.981	0.0277117
968.115	0.0278337
968.249	0.0273454
968.383	0.0277117
968.517	0.0272233
968.651	0.0275896
968.785	0.0277117
968.919	0.0277727
969.053	0.0274065
969.187	0.0277727
969.321	0.0276506
969.455	0.0276506
969.589	0.0274675
969.723	0.0272233
969.857	0.0282
969.991	0.0278337
970.125	0.0275285
970.259	0.0274065
970.393	0.0270402
970.527	0.0275285
970.661	0.0285662
970.795	0.0277117
970.929	0.0280168
971.063	0.0275896
971.197	0.0278337
971.331	0.0276506
971.465	0.028322
971.599	0.0276506
971.733	0.0272233
971.867	0.0272844
972.001	0.0277727
972.135	0.0269181
972.269	0.0274065
972.403	0.0287493
972.537	0.0277727
972.671	0.0280168
972.805	0.0277117
972.939	0.0278337
973.073	0.0269181
973.207	0.0277727
973.341	0.0278948
973.475	0.0267961
973.609	0.0279558
973.743	0.0271623
973.877	0.0274065
974.011	0.0280168
974.145	0.0277727
974.279	0.0272233
974.413	0.0270402
974.547	0.0272233
974.681	0.0279558
974.815	0.0267961
974.949	0.0278337
975.083	0.0271623
975.217	0.0278337
975.351	0.028322
975.485	0.0273454
975.619	0.0281389
975.753	0.0269792
975.887	0.0281389
976.021	0.0271623
976.155	0.0277117
976.289	0.0280168
976.423	0.0276506
976.557	0.0274065
976.691	0.0275896
976.825	0.0273454
976.959	0.0279558
977.093	0.0276506
977.227	0.0272844
977.361	0.026674
977.495	0.0275285
977.629	0.0274675
977.763	0.028261
977.897	0.0276506
978.031	0.0274065
978.165	0.0278337
978.299	0.0280779
978.433	0.0275285
978.567	0.0272233
978.701	0.0272844
978.835	0.026613
978.969	0.0272844
979.103	0.0271623
979.237	0.0277727
979.371	0.028261
979.505	0.0276506
979.639	0.0274065
979.773	0.0286883
979.907	0.0278948
980.041	0.026613
980.175	0.0269181
980.308	0.0277727
980.442	0.0271013
980.576	0.0288104
980.71	0.0270402
980.844	0.0279558
980.978	0.0282
981.112	0.0275896
981.246	0.0278948
981.38	0.0283831
981.514	0.0272844
981.648	0.0275896
981.782	0.026735
981.916	0.0277117
982.05	0.0272844
982.184	0.0278948
982.318	0.0275896
982.452	0.0274675
982.586	0.0272233
982.72	0.0280779
982.854	0.0286883
982.988	0.0275285
983.122	0.0272233
983.256	0.0261857
983.39	0.0274065
983.524	0.0275285
983.658	0.0282
983.792	0.0273454
983.926	0.0285662
984.06	0.0275285
984.194	0.0277727
984.328	0.0280168
984.462	0.0272233
984.596	0.0272844
984.73	0.0270402
984.864	0.0274065
984.998	0.0284441
985.132	0.0277727
985.265	0.0278948
985.399	0.0277117
985.533	0.0269792
985.667	0.0273454
985.801	0.0274675
985.935	0.0271013
986.069	0.0274065
986.203	0.0274065
986.337	0.026735
986.471	0.0272233
986.605	0.0278948
986.739	0.0275896
986.873	0.0272844
987.007	0.0275896
987.141	0.0288104
987.275	0.0286272
987.409	0.0275285
987.543	0.0277117
987.677	0.0279558
987.811	0.0280168
987.945	0.0274675
988.079	0.0280779
988.213	0.0272233
988.347	0.0269792
988.481	0.0276506
988.614	0.0275285
988.748	0.0273454
988.882	0.0276506
989.016	0.0274675
989.15	0.0280168
989.284	0.0275285
989.418	0.0277117
989.552	0.0277117
989.686	0.0284441
989.82	0.0276506
989.954	0.0285662
990.088	0.0272233
990.222	0.0278948
990.356	0.0273454
990.49	0.028322
990.624	0.0273454
990.758	0.0282
990.892	0.0274065
991.026	0.0278337
991.16	0.0276506
991.294	0.0278337
991.427	0.0280779
991.561	0.0282
991.695	0.0282
991.829	0.0288104
991.963	0.0278948
992.097	0.0282
992.231	0.0268571
992.365	0.0281389
992.499	0.0279558
992.633	0.0272233
992.767	0.0278337
992.901	0.0280168
993.035	0.0280168
993.169	0.0277727
993.303	0.0277727
993.437	0.0270402
993.571	0.0274675
993.704	0.0272233
993.838	0.0278948
993.972	0.0272844
994.106	0.028261
994.24	0.0277117
994.374	0.0277727
994.508	0.0274065
994.642	0.0278948
994.776	0.0275896
994.91	0.0274675
995.044	0.0275896
995.178	0.0275285
995.312	0.0280168
995.446	0.0275285
995.58	0.0272844
995.714	0.0276506
995.847	0.0270402
995.981	0.0276506
996.115	0.0270402
996.249	0.0279558
996.383	0.0275896
996.517	0.0275896
996.651	0.0270402
996.785	0.0274065
996.919	0.0277117
997.053	0.0277117
997.187	0.0270402
997.321	0.0276506
997.455	0.0276506
997.589	0.0274065
997.722	0.0271623
997.856	0.0271623
997.99	0.028261
998.124	0.0279558
998.258	0.0277117
998.392	0.0278948
998.526	0.0277117
998.66	0.0269792
998.794	0.0276506
998.928	0.0279558
999.062	0.0283831
999.196	0.0277117
999.33	0.0273454
999.464	0.0280779
999.597	0.0269792
999.731	0.0280779
999.865	0.028322
999.999	0.0276506
1000.13	0.0275285
1000.27	0.0277727
1000.4	0.0279558
1000.53	0.0280779
1000.67	0.0277727
1000.8	0.0275285
1000.94	0.0274065
1001.07	0.0279558
1001.2	0.0270402
1001.34	0.0278337
1001.47	0.028322
1001.61	0.0270402
1001.74	0.0283831
1001.87	0.0274675
1002.01	0.0281389
1002.14	0.0278948
1002.28	0.0278337
1002.41	0.0271013
1002.54	0.0278337
1002.68	0.0272233
1002.81	0.0275285
1002.95	0.0274675
1003.08	0.0275285
1003.21	0.0271623
1003.35	0.0278337
1003.48	0.0281389
1003.61	0.0278948
1003.75	0.0283831
1003.88	0.0274065
1004.02	0.0271013
1004.15	0.0278337
1004.28	0.0280168
1004.42	0.0278337
1004.55	0.0277727
1004.69	0.0277117
1004.82	0.0277117
1004.95	0.0274675
1005.09	0.0284441
1005.22	0.0269792
1005.36	0.0272233
1005.49	0.0275285
1005.62	0.0272844
1005.76	0.0278948
1005.89	0.0274065
1006.03	0.0274675
1006.16	0.0279558
1006.29	0.0274675
1006.43	0.0274675
1006.56	0.028322
1006.69	0.0275285
1006.83	0.0268571
1006.96	0.0272844
1007.1	0.0271013
1007.23	0.0267961
1007.36	0.0276506
1007.5	0.0281389
1007.63	0.0271013
1007.77	0.0271013
1007.9	0.0274065
1008.03	0.0272844
1008.17	0.0276506
1008.3	0.0278337
1008.44	0.0267961
1008.57	0.0275896
1008.7	0.0274065
1008.84	0.0271013
1008.97	0.0278337
1009.1	0.0275285
1009.24	0.0280779
1009.37	0.0272844
1009.51	0.0282
1009.64	0.0280168
1009.77	0.0279558
1009.91	0.0278948
1010.04	0.0275896
1010.18	0.0284441
1010.31	0.0282
1010.44	0.0275896
1010.58	0.0275896
1010.71	0.0280168
1010.85	0.0281389
1010.98	0.0277117
1011.11	0.0286883
1011.25	0.0278948
1011.38	0.0283831
1011.51	0.0273454
1011.65	0.0275285
1011.78	0.0269181
1011.92	0.0278948
1012.05	0.0275285
1012.18	0.0281389
1012.32	0.0273454
1012.45	0.0272233
1012.59	0.028261
1012.72	0.0275285
1012.85	0.0269792
1012.99	0.0280779
1013.12	0.0273454
1013.26	0.0271013
1013.39	0.0271623
1013.52	0.0277117
1013.66	0.0280168
1013.79	0.0284441
1013.92	0.0272844
1014.06	0.028322
1014.19	0.0272844
1014.33	0.0274065
1014.46	0.0277117
1014.59	0.0279558
1014.73	0.0280779
1014.86	0.0275285
1015	0.0272233
1015.13	0.0280779
1015.26	0.0274065
1015.4	0.0274065
1015.53	0.0280779
1015.67	0.0280779
1015.8	0.0274065
1015.93	0.0286883
1016.07	0.0274675
1016.2	0.0284441
1016.33	0.0275285
1016.47	0.0269792
1016.6	0.0275896
1016.74	0.0276506
1016.87	0.0277117
1017	0.0287493
1017.14	0.028261
1017.27	0.0278948
1017.41	0.0272844
1017.54	0.028322
1017.67	0.0271013
1017.81	0.0277117
1017.94	0.0275285
1018.07	0.028322
1018.21	0.0275896
1018.34	0.0283831
1018.48	0.0277117
1018.61	0.0287493
1018.74	0.0272233
1018.88	0.0279558
1019.01	0.0272233
1019.15	0.028261
1019.28	0.0274675
1019.41	0.0271623
1019.55	0.0269792
1019.68	0.0284441
1019.82	0.0276506
1019.95	0.0281389
1020.08	0.0269792
1020.22	0.0275896
1020.35	0.0275896
1020.48	0.0278337
1020.62	0.0282
1020.75	0.0280168
1020.89	0.0275896
1021.02	0.0276506
1021.15	0.0263688
1021.29	0.0277117
1021.42	0.0280779
1021.56	0.0271623
1021.69	0.028322
1021.82	0.0271623
1021.96	0.0281389
1022.09	0.0280779
1022.22	0.0275896
1022.36	0.0283831
1022.49	0.0278337
1022.63	0.0276506
1022.76	0.0275285
1022.89	0.028322
1023.03	0.0272844
1023.16	0.0278948
1023.3	0.0275896
1023.43	0.026613
1023.56	0.0282
1023.7	0.0274065
1023.83	0.0276506
1023.96	0.0274675
1024.1	0.0277117
1024.23	0.0283831
1024.37	0.0271013
1024.5	0.028322
1024.63	0.0286272
1024.77	0.0269181
1024.9	0.0269792
1025.04	0.0270402
1025.17	0.0275285
1025.3	0.0273454
1025.44	0.0281389
1025.57	0.026674
1025.7	0.0280168
1025.84	0.0274065
1025.97	0.0280168
1026.11	0.0274675
1026.24	0.0271013
1026.37	0.0273454
1026.51	0.0271013
1026.64	0.0280168
1026.78	0.0276506
1026.91	0.0280168
1027.04	0.0285052
1027.18	0.0274065
1027.31	0.0275285
1027.44	0.0278337
1027.58	0.0271013
1027.71	0.0271013
1027.85	0.028322
1027.98	0.028322
1028.11	0.0271013
1028.25	0.0277727
1028.38	0.0274065
1028.52	0.0280168
1028.65	0.0272844
1028.78	0.0285052
1028.92	0.0280168
1029.05	0.0282
1029.18	0.0271623
1029.32	0.0280168
1029.45	0.0279558
1029.59	0.0268571
1029.72	0.0278337
1029.85	0.0272844
1029.99	0.0276506
1030.12	0.0278337
1030.26	0.0280779
1030.39	0.0273454
1030.52	0.0280779
1030.66	0.0273454
1030.79	0.0277727
1030.92	0.0286883
1031.06	0.028322
1031.19	0.0274675
1031.33	0.0269792
1031.46	0.0272844
1031.59	0.0279558
1031.73	0.0275285
1031.86	0.0276506
1031.99	0.0280779
1032.13	0.0274675
1032.26	0.0277727
1032.4	0.028322
1032.53	0.0267961
1032.66	0.0278948
1032.8	0.0274675
1032.93	0.0277117
1033.07	0.0288104
1033.2	0.0286883
1033.33	0.0271013
1033.47	0.0269792
1033.6	0.0277727
1033.73	0.0278337
1033.87	0.0279558
1034	0.0275896
1034.14	0.0274065
1034.27	0.0280779
1034.4	0.0282
1034.54	0.0277117
1034.67	0.0276506
1034.81	0.0277117
1034.94	0.0275896
1035.07	0.028261
1035.21	0.0277727
1035.34	0.0274065
1035.47	0.0279558
1035.61	0.0271013
1035.74	0.0271013
1035.88	0.0278948
1036.01	0.0277117
1036.14	0.0277117
1036.28	0.0269181
1036.41	0.0277727
1036.54	0.0274675
1036.68	0.0276506
1036.81	0.0270402
1036.95	0.0277117
1037.08	0.0276506
1037.21	0.0271623
1037.35	0.0275896
1037.48	0.0272844
1037.62	0.028261
1037.75	0.0274065
1037.88	0.0277117
1038.02	0.0278337
1038.15	0.0279558
1038.28	0.0270402
1038.42	0.0271623
1038.55	0.0269181
1038.69	0.0275285
1038.82	0.0274065
1038.95	0.0278337
1039.09	0.0273454
1039.22	0.0277117
1039.35	0.0281389
1039.49	0.0280168
1039.62	0.026674
1039.76	0.0276506
1039.89	0.0285052
1040.02	0.0272844
1040.16	0.0274675
1040.29	0.0282
1040.43	0.0280779
1040.56	0.0279558
1040.69	0.0281389
1040.83	0.0272233
1040.96	0.0267961
1041.09	0.0274675
1041.23	0.0278337
1041.36	0.0274065
1041.5	0.028322
1041.63	0.0277727
1041.76	0.0278337
1041.9	0.0275896
1042.03	0.0280168
1042.16	0.0275896
1042.3	0.0274065
1042.43	0.0272844
1042.57	0.0280779
1042.7	0.0277117
1042.83	0.0278337
1042.97	0.0272844
1043.1	0.0269181
1043.23	0.0274065
1043.37	0.0278337
1043.5	0.028322
1043.64	0.0278337
1043.77	0.0269792
1043.9	0.0275285
1044.04	0.0275285
1044.17	0.0272844
1044.31	0.0277727
1044.44	0.0278337
1044.57	0.0270402
1044.71	0.0277727
1044.84	0.0277727
1044.97	0.0277727
1045.11	0.0271623
1045.24	0.0282
1045.38	0.0276506
1045.51	0.0265519
1045.64	0.0273454
1045.78	0.0281389
1045.91	0.0276506
1046.04	0.0273454
1046.18	0.0278948
1046.31	0.0278948
1046.45	0.0271013
1046.58	0.0268571
1046.71	0.0276506
1046.85	0.0271013
1046.98	0.0278337
1047.11	0.0274675
1047.25	0.0268571
1047.38	0.0279558
1047.52	0.0278337
1047.65	0.0270402
1047.78	0.028322
1047.92	0.0280168
1048.05	0.0278948
1048.18	0.0273454
1048.32	0.0275285
1048.45	0.0279558
1048.59	0.0280168
1048.72	0.0277117
1048.85	0.0280779
1048.99	0.0278337
1049.12	0.0275896
1049.25	0.0285662
1049.39	0.0263688
1049.52	0.0280779
1049.66	0.0270402
1049.79	0.0270402
1049.92	0.0278337
1050.06	0.0274675
1050.19	0.0280168
1050.33	0.0282
1050.46	0.0275285
1050.59	0.0273454
1050.73	0.0277117
1050.86	0.0275896
1050.99	0.0268571
1051.13	0.0274065
1051.26	0.0286272
1051.4	0.0282
1051.53	0.0285052
1051.66	0.0268571
1051.8	0.0276506
1051.93	0.0276506
1052.06	0.028322
1052.2	0.028261
1052.33	0.0282
1052.47	0.0276506
1052.6	0.0278337
1052.73	0.0280168
1052.87	0.0274065
1053	0.0274675
1053.13	0.028322
1053.27	0.0273454
1053.4	0.0274675
1053.54	0.0279558
1053.67	0.0280168
1053.8	0.0269792
1053.94	0.028261
1054.07	0.0278948
1054.2	0.026735
1054.34	0.0280168
1054.47	0.0276506
1054.61	0.0280168
1054.74	0.0282
1054.87	0.0268571
1055.01	0.0286883
1055.14	0.0276506
1055.27	0.0280779
1055.41	0.0274065
1055.54	0.0271013
1055.68	0.0269181
1055.81	0.0276506
1055.94	0.0280168
1056.08	0.0278337
1056.21	0.0275285
1056.34	0.0277117
1056.48	0.0277727
1056.61	0.0274065
1056.75	0.0278948
1056.88	0.0276506
1057.01	0.0265519
1057.15	0.0274065
1057.28	0.0272233
1057.41	0.028322
1057.55	0.0278337
1057.68	0.0278337
1057.82	0.0278948
1057.95	0.0275285
1058.08	0.0282
1058.22	0.028322
1058.35	0.0272844
1058.48	0.0279558
1058.62	0.0280168
1058.75	0.026613
1058.89	0.0286883
1059.02	0.0276506
1059.15	0.0278337
1059.29	0.0280779
1059.42	0.0272844
1059.55	0.0267961
1059.69	0.0273454
1059.82	0.0277117
1059.96	0.0275896
1060.09	0.0280168
1060.22	0.028261
1060.36	0.0277117
1060.49	0.0276506
1060.62	0.0281389
1060.76	0.0274065
1060.89	0.0274675
1061.03	0.0278337
1061.16	0.0269181
1061.29	0.0271623
1061.43	0.0271013
1061.56	0.0276506
1061.69	0.028261
1061.83	0.026735
1061.96	0.028261
1062.1	0.0280779
1062.23	0.0282
1062.36	0.0280168
1062.5	0.0274675
1062.63	0.0280168
1062.76	0.0279558
1062.9	0.0276506
1063.03	0.0280779
1063.17	0.0275896
1063.3	0.0271013
1063.43	0.0283831
1063.57	0.0281389
1063.7	0.0265519
1063.83	0.0269181
1063.97	0.0278948
1064.1	0.0271623
1064.23	0.0277727
1064.37	0.0274065
1064.5	0.0269181
1064.64	0.0282
1064.77	0.0276506
1064.9	0.0274065
1065.04	0.0279558
1065.17	0.0277117
1065.3	0.0279558
1065.44	0.0278337
1065.57	0.0268571
1065.71	0.0280168
1065.84	0.028261
1065.97	0.0272233
1066.11	0.0273454
1066.24	0.0280779
1066.37	0.028261
1066.51	0.0272844
1066.64	0.0274065
1066.78	0.0277117
1066.91	0.028261
1067.04	0.0277727
1067.18	0.0267961
1067.31	0.0278948
1067.44	0.0271013
1067.58	0.0283831
1067.71	0.0282
1067.85	0.0276506
1067.98	0.0280779
1068.11	0.028322
1068.25	0.0280779
1068.38	0.0277117
1068.51	0.0278337
1068.65	0.026674
1068.78	0.0279558
1068.92	0.0277727
1069.05	0.0278948
1069.18	0.0277727
1069.32	0.0285052
1069.45	0.026613
1069.58	0.0268571
1069.72	0.0272844
1069.85	0.0275896
1069.98	0.0282
1070.12	0.0277727
1070.25	0.0271623
1070.39	0.0279558
1070.52	0.0277117
1070.65	0.0280168
1070.79	0.0275285
1070.92	0.0277117
1071.05	0.0275285
1071.19	0.0274065
1071.32	0.0276506
1071.46	0.0280779
1071.59	0.0275285
1071.72	0.0271623
1071.86	0.0288714
1071.99	0.0272233
1072.12	0.0272233
1072.26	0.0274065
1072.39	0.0277117
1072.53	0.0274065
1072.66	0.0280779
1072.79	0.0270402
1072.93	0.0278337
1073.06	0.028261
1073.19	0.0268571
1073.33	0.0271623
1073.46	0.0272233
1073.59	0.0279558
1073.73	0.0271013
1073.86	0.0267961
1074	0.0272233
1074.13	0.0281389
1074.26	0.0273454
1074.4	0.0274675
1074.53	0.028261
1074.66	0.0281389
1074.8	0.0275285
1074.93	0.0281389
1075.07	0.0275896
1075.2	0.0270402
1075.33	0.0275285
1075.47	0.0277727
1075.6	0.026735
1075.73	0.0273454
1075.87	0.028322
1076	0.0286883
1076.14	0.0271623
1076.27	0.0276506
1076.4	0.0273454
1076.54	0.0278948
1076.67	0.0270402
1076.8	0.0277727
1076.94	0.028322
1077.07	0.0272844
1077.2	0.0279558
1077.34	0.0280779
1077.47	0.0275896
1077.61	0.0274675
1077.74	0.0272233
1077.87	0.0274675
1078.01	0.0276506
1078.14	0.028322
1078.27	0.0275896
1078.41	0.0272844
1078.54	0.0272844
1078.68	0.0271013
1078.81	0.0274675
1078.94	0.0279558
1079.08	0.0270402
1079.21	0.0279558
1079.34	0.0277727
1079.48	0.0271623
1079.61	0.0272844
1079.74	0.0272233
1079.88	0.0272844
1080.01	0.0279558
1080.15	0.0276506
1080.28	0.0271013
1080.41	0.0278948
1080.55	0.0280779
1080.68	0.0278948
1080.81	0.0273454
1080.95	0.028322
1081.08	0.0280779
1081.22	0.0275896
1081.35	0.0272844
1081.48	0.0275896
1081.62	0.0271623
1081.75	0.0278337
1081.88	0.0269181
1082.02	0.0277727
1082.15	0.0274675
1082.28	0.0272844
1082.42	0.0275285
1082.55	0.0279558
1082.69	0.0278337
1082.82	0.028322
1082.95	0.0277727
1083.09	0.0269181
1083.22	0.0279558
1083.35	0.0278948
1083.49	0.0276506
1083.62	0.0275896
1083.75	0.0274065
1083.89	0.0272233
1084.02	0.0281389
1084.16	0.0277727
1084.29	0.0274675
1084.42	0.0277117
1084.56	0.0278337
1084.69	0.028322
1084.82	0.0269792
1084.96	0.0275285
1085.09	0.0280779
1085.23	0.0278948
1085.36	0.0280168
1085.49	0.0277727
1085.63	0.0275896
1085.76	0.0275896
1085.89	0.0274065
1086.03	0.0270402
1086.16	0.0280779
1086.29	0.028322
1086.43	0.0277117
1086.56	0.0285052
1086.7	0.028261
1086.83	0.0269181
1086.96	0.0271013
1087.1	0.0277727
1087.23	0.0273454
1087.36	0.0270402
1087.5	0.0278948
1087.63	0.0272844
1087.76	0.0268571
1087.9	0.0279558
1088.03	0.0269181
1088.17	0.0276506
1088.3	0.0274065
1088.43	0.0280779
1088.57	0.026735
1088.7	0.0277727
1088.83	0.0277117
1088.97	0.0277727
1089.1	0.0272844
1089.24	0.0278337
1089.37	0.0271623
1089.5	0.0275285
1089.64	0.0279558
1089.77	0.0277727
1089.9	0.0278337
1090.04	0.0275896
1090.17	0.0272844
1090.3	0.0277117
1090.44	0.028322
1090.57	0.0280779
1090.71	0.0280779
1090.84	0.0280168
1090.97	0.0273454
1091.11	0.0276506
1091.24	0.0280168
1091.37	0.0275896
1091.51	0.0276506
1091.64	0.0280779
1091.77	0.0274065
1091.91	0.0282
1092.04	0.0277727
1092.18	0.0275285
1092.31	0.0286272
1092.44	0.0272844
1092.58	0.028322
1092.71	0.0274065
1092.84	0.0279558
1092.98	0.0279558
1093.11	0.0276506
1093.24	0.0269181
1093.38	0.0277727
1093.51	0.028322
1093.65	0.028261
1093.78	0.0279558
1093.91	0.0277117
1094.05	0.0283831
1094.18	0.0272844
1094.31	0.0274065
1094.45	0.0282
1094.58	0.0277727
1094.71	0.0277117
1094.85	0.0279558
1094.98	0.0275285
1095.12	0.0277727
1095.25	0.0278948
1095.38	0.0276506
1095.52	0.0279558
1095.65	0.028322
1095.78	0.0280168
1095.92	0.0283831
1096.05	0.0278337
1096.18	0.0275896
1096.32	0.0280779
1096.45	0.0282
1096.59	0.0279558
1096.72	0.0270402
1096.85	0.0271623
1096.99	0.0274065
1097.12	0.0286272
1097.25	0.0275285
1097.39	0.0276506
1097.52	0.0270402
1097.65	0.028322
1097.79	0.0288104
1097.92	0.0279558
1098.06	0.0275285
1098.19	0.0277117
1098.32	0.0278948
1098.46	0.0276506
1098.59	0.0277727
1098.72	0.0279558
1098.86	0.0276506
1098.99	0.0269792
1099.12	0.0276506
1099.26	0.0269181
1099.39	0.0272233
1099.53	0.0286883
1099.66	0.0280779
1099.79	0.0272844
1099.93	0.0275285
1100.06	0.0271013
1100.19	0.0280168
1100.33	0.0285052
1100.46	0.0278337
1100.59	0.0270402
1100.73	0.0275285
1100.86	0.0275285
1100.99	0.0269792
1101.13	0.0278948
1101.26	0.0269792
1101.4	0.0275896
1101.53	0.0273454
1101.66	0.0279558
1101.8	0.0279558
1101.93	0.0274065
1102.06	0.0277727
1102.2	0.0280779
1102.33	0.0280168
1102.46	0.0279558
1102.6	0.028261
1102.73	0.0278337
1102.87	0.028322
1103	0.0279558
1103.13	0.028322
1103.27	0.0278948
1103.4	0.0272233
1103.53	0.0282
1103.67	0.0274675
1103.8	0.0276506
1103.93	0.0278337
1104.07	0.0282
1104.2	0.0276506
1104.34	0.0270402
1104.47	0.0278948
1104.6	0.0270402
1104.74	0.0274065
1104.87	0.0274065
1105	0.0272844
1105.14	0.0280168
1105.27	0.0268571
1105.4	0.0277117
1105.54	0.0278337
1105.67	0.0272233
1105.8	0.0286272
1105.94	0.0273454
1106.07	0.0281389
1106.21	0.0280779
1106.34	0.0280779
1106.47	0.0288104
1106.61	0.0275896
1106.74	0.028322
1106.87	0.0272844
1107.01	0.0278337
1107.14	0.0275896
1107.27	0.0279558
1107.41	0.0272233
1107.54	0.0274675

