Source: Spectrum Viewer

Chart: Pulse Spectrum

Series: 
Wavelength (nm)	S (a.u.)
617.638	0.0283831
617.773	0.0278948
617.908	0.0280779
618.043	0.0285052
618.178	0.0284441
618.313	0.0272844
618.448	0.0278337
618.583	0.0280168
618.718	0.0285052
618.853	0.0272844
618.988	0.0275285
619.123	0.0277117
619.258	0.0269181
619.394	0.0267961
619.529	0.0280168
619.664	0.028322
619.799	0.0277727
619.934	0.0271623
620.069	0.0285052
620.204	0.0269181
620.339	0.0269792
620.474	0.0282
620.609	0.0278337
620.744	0.0279558
620.879	0.0284441
621.014	0.0274065
621.149	0.0276506
621.284	0.0277727
621.419	0.0275896
621.554	0.0277727
621.689	0.0277117
621.825	0.0272233
621.96	0.0273454
622.095	0.0272844
622.23	0.0275896
622.365	0.0278337
622.5	0.0282
622.635	0.0280779
622.77	0.0278948
622.905	0.0267961
623.04	0.0277117
623.175	0.0277727
623.31	0.0277117
623.445	0.0272233
623.58	0.0270402
623.715	0.028322
623.85	0.0278948
623.985	0.0278948
624.12	0.0276506
624.255	0.0270402
624.39	0.0276506
624.525	0.0271623
624.661	0.0274675
624.796	0.0277117
624.931	0.0275896
625.066	0.0269792
625.201	0.0275896
625.336	0.0277117
625.471	0.026674
625.606	0.0274675
625.741	0.0286272
625.876	0.0267961
626.011	0.0278337
626.146	0.0283831
626.281	0.0278337
626.416	0.0282
626.551	0.0276506
626.686	0.0276506
626.821	0.0280779
626.956	0.0278948
627.091	0.0280779
627.226	0.0271013
627.361	0.0275285
627.496	0.0280168
627.631	0.0276506
627.766	0.0278948
627.901	0.0288104
628.036	0.0272233
628.171	0.0284441
628.307	0.0273454
628.442	0.0271623
628.577	0.028261
628.712	0.0282
628.847	0.0272233
628.982	0.0280779
629.117	0.0271623
629.252	0.0277117
629.387	0.0275285
629.522	0.0275896
629.657	0.0280168
629.792	0.0279558
629.927	0.0279558
630.062	0.0279558
630.197	0.0285662
630.332	0.0277117
630.467	0.0281389
630.602	0.0274065
630.737	0.0273454
630.872	0.0278337
631.007	0.0277727
631.142	0.0273454
631.277	0.0269792
631.412	0.0275285
631.547	0.0278337
631.682	0.0278337
631.817	0.0276506
631.952	0.0282
632.087	0.0274675
632.222	0.0280168
632.357	0.0272844
632.492	0.0281389
632.627	0.0276506
632.762	0.0280168
632.897	0.0273454
633.032	0.0273454
633.167	0.0272844
633.302	0.0274065
633.437	0.0273454
633.572	0.0274675
633.707	0.0272233
633.842	0.0272233
633.978	0.0272233
634.113	0.0273454
634.248	0.0272844
634.383	0.0271013
634.518	0.0282
634.653	0.0277117
634.788	0.0283831
634.923	0.0275896
635.058	0.0269792
635.193	0.0275896
635.328	0.0274675
635.463	0.028261
635.598	0.0279558
635.733	0.0264909
635.868	0.0277117
636.003	0.0275896
636.138	0.0283831
636.273	0.0275285
636.408	0.0275896
636.543	0.0280168
636.678	0.0277727
636.813	0.0274065
636.948	0.0280168
637.083	0.0275896
637.218	0.0271013
637.353	0.0283831
637.488	0.0272233
637.623	0.0277117
637.758	0.0272844
637.893	0.0284441
638.028	0.0274065
638.163	0.0285052
638.298	0.0281389
638.433	0.0275285
638.568	0.0271013
638.703	0.0280779
638.838	0.0278948
638.973	0.0280168
639.108	0.028322
639.243	0.0273454
639.378	0.0274675
639.513	0.028322
639.648	0.0275285
639.783	0.0280168
639.918	0.0277117
640.053	0.0282
640.188	0.0267961
640.323	0.0278337
640.458	0.0279558
640.593	0.0282
640.728	0.0280168
640.863	0.0269792
640.998	0.0269181
641.133	0.0278948
641.268	0.0280168
641.403	0.0271013
641.538	0.0277117
641.673	0.0280168
641.808	0.0273454
641.943	0.0277727
642.078	0.0273454
642.213	0.0275896
642.348	0.0285662
642.483	0.0272844
642.618	0.0275896
642.753	0.0283831
642.888	0.0271013
643.023	0.0285052
643.158	0.0281389
643.293	0.0273454
643.428	0.0283831
643.563	0.0277117
643.698	0.0277117
643.833	0.0278948
643.968	0.0274675
644.103	0.0278337
644.237	0.0278337
644.372	0.0267961
644.507	0.0274065
644.642	0.0289324
644.777	0.0274675
644.912	0.0281389
645.047	0.0269792
645.182	0.0275285
645.317	0.0277117
645.452	0.0277727
645.587	0.0278337
645.722	0.0277117
645.857	0.0271623
645.992	0.0273454
646.127	0.0273454
646.262	0.0269792
646.397	0.0286272
646.532	0.0278948
646.667	0.026735
646.802	0.026735
646.937	0.0279558
647.072	0.0269792
647.207	0.0270402
647.342	0.0278337
647.477	0.0272844
647.612	0.0282
647.747	0.0276506
647.882	0.0277117
648.017	0.0271623
648.152	0.0274065
648.287	0.0279558
648.422	0.0270402
648.557	0.028261
648.692	0.0269181
648.827	0.0294207
648.962	0.0280168
649.097	0.0279558
649.232	0.0285052
649.367	0.0270402
649.502	0.0275896
649.637	0.0274675
649.772	0.0280168
649.906	0.0270402
650.041	0.0285052
650.176	0.0269181
650.311	0.0280779
650.446	0.0277727
650.581	0.028261
650.716	0.028261
650.851	0.0275896
650.986	0.0286272
651.121	0.0284441
651.256	0.0286272
651.391	0.0288104
651.526	0.0277727
651.661	0.028261
651.796	0.0283831
651.931	0.0278337
652.066	0.0275285
652.201	0.0268571
652.336	0.0275285
652.471	0.0274675
652.606	0.0272233
652.741	0.028322
652.876	0.0275896
653.011	0.0271013
653.146	0.0277727
653.281	0.0279558
653.415	0.0280779
653.55	0.0279558
653.685	0.0278337
653.82	0.0275285
653.955	0.0284441
654.09	0.0277727
654.225	0.0275285
654.36	0.0278948
654.495	0.0277727
654.63	0.0276506
654.765	0.0281389
654.9	0.0274065
655.035	0.0283831
655.17	0.0277117
655.305	0.0280168
655.44	0.0265519
655.575	0.0275896
655.71	0.0282
655.845	0.0271013
655.98	0.0280779
656.115	0.0269792
656.25	0.0285662
656.384	0.0281389
656.519	0.028322
656.654	0.0277117
656.789	0.0277117
656.924	0.0282
657.059	0.028261
657.194	0.0280168
657.329	0.0272844
657.464	0.028261
657.599	0.0277727
657.734	0.0279558
657.869	0.0280779
658.004	0.0272844
658.139	0.0276506
658.274	0.0272233
658.409	0.0270402
658.544	0.0275896
658.679	0.0280168
658.813	0.0274675
658.948	0.0288104
659.083	0.0274065
659.218	0.0278948
659.353	0.0275896
659.488	0.0280168
659.623	0.0272233
659.758	0.0274065
659.893	0.0280168
660.028	0.0274675
660.163	0.0281389
660.298	0.0271623
660.433	0.0274065
660.568	0.0276506
660.703	0.0273454
660.838	0.0271623
660.972	0.0278948
661.107	0.0284441
661.242	0.0272844
661.377	0.0277117
661.512	0.0271623
661.647	0.0271623
661.782	0.0283831
661.917	0.0282
662.052	0.0275285
662.187	0.0269792
662.322	0.0276506
662.457	0.0272844
662.592	0.0277727
662.727	0.0280779
662.862	0.0272233
662.996	0.0271013
663.131	0.0277117
663.266	0.0277727
663.401	0.0275896
663.536	0.0271013
663.671	0.0273454
663.806	0.0271013
663.941	0.0275896
664.076	0.0282
664.211	0.0273454
664.346	0.0281389
664.481	0.0278337
664.616	0.0269792
664.75	0.0261857
664.885	0.0285662
665.02	0.0278948
665.155	0.0272844
665.29	0.0277117
665.425	0.0275285
665.56	0.0278337
665.695	0.028261
665.83	0.0279558
665.965	0.0279558
666.1	0.0272844
666.235	0.0274065
666.37	0.0280168
666.504	0.0276506
666.639	0.0281389
666.774	0.0281389
666.909	0.0268571
667.044	0.0275285
667.179	0.0276506
667.314	0.0275285
667.449	0.0286272
667.584	0.0276506
667.719	0.028322
667.854	0.0282
667.989	0.0273454
668.123	0.0284441
668.258	0.0273454
668.393	0.0276506
668.528	0.0277727
668.663	0.0274675
668.798	0.0280168
668.933	0.0270402
669.068	0.0277117
669.203	0.0278948
669.338	0.0271623
669.473	0.0284441
669.607	0.0282
669.742	0.0280779
669.877	0.0269792
670.012	0.028261
670.147	0.0271623
670.282	0.0277117
670.417	0.0275285
670.552	0.0281389
670.687	0.0279558
670.822	0.0280168
670.957	0.0275285
671.091	0.0278337
671.226	0.0274065
671.361	0.0277117
671.496	0.0269792
671.631	0.0282
671.766	0.0279558
671.901	0.0275896
672.036	0.0277117
672.171	0.0277117
672.306	0.0274675
672.44	0.028261
672.575	0.0264298
672.71	0.0280779
672.845	0.0286883
672.98	0.0276506
673.115	0.0277727
673.25	0.0272844
673.385	0.0274065
673.52	0.0285052
673.655	0.0267961
673.789	0.0274065
673.924	0.0271623
674.059	0.028322
674.194	0.0276506
674.329	0.0289935
674.464	0.0274065
674.599	0.0278337
674.734	0.0278337
674.869	0.0280779
675.003	0.0274675
675.138	0.0275285
675.273	0.026674
675.408	0.0278337
675.543	0.0267961
675.678	0.0278337
675.813	0.0279558
675.948	0.0272844
676.083	0.0283831
676.217	0.0271623
676.352	0.0280168
676.487	0.0283831
676.622	0.0282
676.757	0.0275285
676.892	0.0272844
677.027	0.0276506
677.162	0.0277117
677.297	0.0277727
677.431	0.0285052
677.566	0.0283831
677.701	0.0270402
677.836	0.0275896
677.971	0.0279558
678.106	0.0271623
678.241	0.0271623
678.376	0.0275896
678.511	0.0279558
678.645	0.0278337
678.78	0.0269792
678.915	0.0274065
679.05	0.028322
679.185	0.0280168
679.32	0.0273454
679.455	0.028322
679.59	0.0269181
679.724	0.0272233
679.859	0.0270402
679.994	0.0277727
680.129	0.0277727
680.264	0.0273454
680.399	0.0272233
680.534	0.0277727
680.669	0.0272233
680.803	0.0280168
680.938	0.0278337
681.073	0.0278337
681.208	0.0273454
681.343	0.0278948
681.478	0.0285052
681.613	0.0287493
681.748	0.0276506
681.882	0.0275896
682.017	0.0271013
682.152	0.0277117
682.287	0.0271623
682.422	0.0277117
682.557	0.0280168
682.692	0.0284441
682.827	0.0274675
682.961	0.0282
683.096	0.0271623
683.231	0.0278948
683.366	0.0278948
683.501	0.0272233
683.636	0.0275285
683.771	0.0272844
683.906	0.0271013
684.04	0.0269181
684.175	0.0276506
684.31	0.0282
684.445	0.0271623
684.58	0.0272233
684.715	0.0272844
684.85	0.0275896
684.984	0.0281389
685.119	0.0281389
685.254	0.0280168
685.389	0.0274065
685.524	0.0272233
685.659	0.0271623
685.794	0.0278337
685.928	0.0272233
686.063	0.0273454
686.198	0.0278948
686.333	0.0279558
686.468	0.0280168
686.603	0.0278337
686.738	0.0277117
686.872	0.0279558
687.007	0.0274065
687.142	0.0271623
687.277	0.0278948
687.412	0.0274675
687.547	0.0280779
687.682	0.028322
687.816	0.0273454
687.951	0.0272844
688.086	0.0271013
688.221	0.0274065
688.356	0.0286883
688.491	0.0275285
688.626	0.0278948
688.76	0.0274675
688.895	0.0283831
689.03	0.0276506
689.165	0.0277117
689.3	0.0272233
689.435	0.0273454
689.57	0.0273454
689.704	0.0269181
689.839	0.0272233
689.974	0.028261
690.109	0.0278337
690.244	0.0275896
690.379	0.0274675
690.513	0.0275896
690.648	0.0273454
690.783	0.0281389
690.918	0.0285662
691.053	0.0280168
691.188	0.0276506
691.323	0.0271623
691.457	0.0273454
691.592	0.0279558
691.727	0.0275896
691.862	0.0274675
691.997	0.0279558
692.132	0.028322
692.266	0.0275285
692.401	0.0278948
692.536	0.0278948
692.671	0.0275285
692.806	0.0283831
692.941	0.0278337
693.075	0.0271623
693.21	0.0273454
693.345	0.0278337
693.48	0.0274675
693.615	0.0277117
693.75	0.0275285
693.885	0.0271013
694.019	0.0274675
694.154	0.0281389
694.289	0.0277117
694.424	0.0273454
694.559	0.0286272
694.694	0.0273454
694.828	0.0272233
694.963	0.0277117
695.098	0.0279558
695.233	0.0277117
695.368	0.0282
695.503	0.0277727
695.637	0.0284441
695.772	0.0277727
695.907	0.0275896
696.042	0.0275285
696.177	0.0283831
696.312	0.0281389
696.446	0.0277727
696.581	0.026674
696.716	0.0278948
696.851	0.0272233
696.986	0.0271013
697.12	0.0275896
697.255	0.028322
697.39	0.0276506
697.525	0.0275896
697.66	0.0276506
697.795	0.0276506
697.929	0.0285052
698.064	0.0272844
698.199	0.0282
698.334	0.0272233
698.469	0.0269181
698.604	0.0277727
698.738	0.0269792
698.873	0.0278337
699.008	0.0272233
699.143	0.0274675
699.278	0.0277117
699.412	0.0269792
699.547	0.0284441
699.682	0.0275896
699.817	0.0270402
699.952	0.0273454
700.087	0.0286883
700.221	0.0273454
700.356	0.0270402
700.491	0.0276506
700.626	0.0270402
700.761	0.028261
700.895	0.0272233
701.03	0.0280168
701.165	0.0272233
701.3	0.0277117
701.435	0.0274675
701.57	0.0288714
701.704	0.0275896
701.839	0.0268571
701.974	0.0278948
702.109	0.0287493
702.244	0.0284441
702.378	0.0276506
702.513	0.0280168
702.648	0.0278337
702.783	0.0285052
702.918	0.0274065
703.052	0.0272233
703.187	0.0272844
703.322	0.0278948
703.457	0.028322
703.592	0.0286883
703.727	0.0290545
703.861	0.0265519
703.996	0.0267961
704.131	0.0280168
704.266	0.0280168
704.401	0.0277727
704.535	0.0275285
704.67	0.0282
704.805	0.0277727
704.94	0.0280168
705.075	0.0267961
705.209	0.0277117
705.344	0.0274675
705.479	0.0274675
705.614	0.0278337
705.749	0.0280168
705.883	0.028322
706.018	0.0290545
706.153	0.0279558
706.288	0.0277727
706.423	0.0277117
706.557	0.0275285
706.692	0.0270402
706.827	0.0277117
706.962	0.0279558
707.097	0.0283831
707.231	0.0278948
707.366	0.0287493
707.501	0.0269181
707.636	0.028322
707.771	0.0277727
707.905	0.0278948
708.04	0.0280168
708.175	0.0271013
708.31	0.0279558
708.445	0.0275896
708.579	0.0274675
708.714	0.0277727
708.849	0.0280779
708.984	0.0271013
709.118	0.0285052
709.253	0.0271013
709.388	0.0272844
709.523	0.0268571
709.658	0.0283831
709.792	0.0273454
709.927	0.0272233
710.062	0.0277727
710.197	0.0274675
710.332	0.0271623
710.466	0.0278948
710.601	0.0278337
710.736	0.0280168
710.871	0.0274675
711.006	0.0280168
711.14	0.0272844
711.275	0.0280779
711.41	0.0276506
711.545	0.0280168
711.679	0.0277117
711.814	0.0279558
711.949	0.0278948
712.084	0.0274675
712.219	0.026735
712.353	0.0278337
712.488	0.0277117
712.623	0.0283831
712.758	0.0274065
712.892	0.0277727
713.027	0.0274675
713.162	0.0278948
713.297	0.0270402
713.432	0.0272844
713.566	0.0272233
713.701	0.0280168
713.836	0.0278337
713.971	0.0280779
714.105	0.0275285
714.24	0.0272844
714.375	0.0275896
714.51	0.0284441
714.645	0.0280168
714.779	0.0278337
714.914	0.0279558
715.049	0.0276506
715.184	0.0274065
715.318	0.0279558
715.453	0.0282
715.588	0.028261
715.723	0.0274675
715.858	0.0280168
715.992	0.0278337
716.127	0.0270402
716.262	0.028322
716.397	0.0271623
716.531	0.0269181
716.666	0.0275285
716.801	0.0278948
716.936	0.0279558
717.07	0.0272233
717.205	0.0271013
717.34	0.0277727
717.475	0.0278948
717.61	0.0277117
717.744	0.0272844
717.879	0.0275896
718.014	0.028261
718.149	0.0267961
718.283	0.0284441
718.418	0.0275896
718.553	0.026613
718.688	0.0269792
718.822	0.0277727
718.957	0.0268571
719.092	0.0279558
719.227	0.0285662
719.361	0.0277117
719.496	0.0274675
719.631	0.0269792
719.766	0.0280779
719.9	0.0279558
720.035	0.0277117
720.17	0.0282
720.305	0.0286272
720.44	0.0277727
720.574	0.0276506
720.709	0.028322
720.844	0.0265519
720.979	0.0267961
721.113	0.0277727
721.248	0.0274675
721.383	0.0280779
721.518	0.0270402
721.652	0.0284441
721.787	0.0286883
721.922	0.0275896
722.057	0.0275285
722.191	0.0280779
722.326	0.0285052
722.461	0.0274065
722.596	0.0272233
722.73	0.0272233
722.865	0.0280779
723	0.0273454
723.135	0.0278337
723.269	0.0271013
723.404	0.0269181
723.539	0.0272844
723.674	0.028322
723.808	0.0272844
723.943	0.0275285
724.078	0.0269792
724.213	0.0278337
724.347	0.0268571
724.482	0.028261
724.617	0.0275285
724.752	0.0281389
724.886	0.0285052
725.021	0.026735
725.156	0.0288104
725.291	0.028322
725.425	0.0271623
725.56	0.0278948
725.695	0.0283831
725.829	0.028261
725.964	0.0285052
726.099	0.0273454
726.234	0.0276506
726.368	0.0272844
726.503	0.0278337
726.638	0.0275896
726.773	0.0277727
726.907	0.0289935
727.042	0.0274675
727.177	0.0283831
727.312	0.0274065
727.446	0.0281389
727.581	0.0275285
727.716	0.0274065
727.851	0.0285052
727.985	0.0277727
728.12	0.0282
728.255	0.0277117
728.389	0.0279558
728.524	0.0279558
728.659	0.0288104
728.794	0.028322
728.928	0.0285052
729.063	0.0268571
729.198	0.0276506
729.333	0.0269792
729.467	0.0275285
729.602	0.0279558
729.737	0.0269792
729.872	0.0271623
730.006	0.0277727
730.141	0.0277727
730.276	0.0272233
730.41	0.0280779
730.545	0.0269792
730.68	0.0277727
730.815	0.0277117
730.949	0.0281389
731.084	0.0279558
731.219	0.0273454
731.354	0.0277727
731.488	0.026674
731.623	0.0280168
731.758	0.0278337
731.892	0.0275285
732.027	0.0285052
732.162	0.0277117
732.297	0.0282
732.431	0.0278337
732.566	0.0275285
732.701	0.0269181
732.835	0.0282
732.97	0.0277727
733.105	0.026613
733.24	0.0275896
733.374	0.0275896
733.509	0.0280168
733.644	0.0274065
733.779	0.0290545
733.913	0.0280168
734.048	0.0274065
734.183	0.0280779
734.317	0.0281389
734.452	0.0281389
734.587	0.0278337
734.722	0.0270402
734.856	0.0272233
734.991	0.0272844
735.126	0.0279558
735.26	0.0279558
735.395	0.0286272
735.53	0.028261
735.665	0.0279558
735.799	0.0277117
735.934	0.0279558
736.069	0.0280168
736.203	0.0279558
736.338	0.0277117
736.473	0.0280168
736.607	0.0277727
736.742	0.0272844
736.877	0.0280779
737.012	0.0275285
737.146	0.0281389
737.281	0.0274065
737.416	0.0277117
737.55	0.0272844
737.685	0.0279558
737.82	0.0282
737.955	0.0281389
738.089	0.0275285
738.224	0.0274675
738.359	0.0286883
738.493	0.0277117
738.628	0.0285052
738.763	0.0272844
738.897	0.0275285
739.032	0.028261
739.167	0.0275285
739.302	0.0275896
739.436	0.0271013
739.571	0.0277727
739.706	0.0277727
739.84	0.0286883
739.975	0.0277727
740.11	0.0272233
740.244	0.0280168
740.379	0.028322
740.514	0.026613
740.649	0.0285662
740.783	0.0271013
740.918	0.0278948
741.053	0.0284441
741.187	0.0272844
741.322	0.028322
741.457	0.0269181
741.591	0.0282
741.726	0.0278948
741.861	0.0277117
741.996	0.0279558
742.13	0.0265519
742.265	0.0278337
742.4	0.0277727
742.534	0.0279558
742.669	0.0278948
742.804	0.0275896
742.938	0.0277117
743.073	0.0273454
743.208	0.0260636
743.342	0.0284441
743.477	0.0273454
743.612	0.0272233
743.747	0.0278948
743.881	0.0275285
744.016	0.0272844
744.151	0.0274675
744.285	0.0272233
744.42	0.026735
744.555	0.0280168
744.689	0.0277727
744.824	0.0268571
744.959	0.0283831
745.093	0.0278337
745.228	0.0271623
745.363	0.0282
745.497	0.0269181
745.632	0.0274675
745.767	0.0268571
745.901	0.0272844
746.036	0.0279558
746.171	0.028261
746.305	0.028261
746.44	0.0271623
746.575	0.0280168
746.71	0.0278948
746.844	0.0277117
746.979	0.0275285
747.114	0.0284441
747.248	0.0271013
747.383	0.0271623
747.518	0.0280168
747.652	0.0286883
747.787	0.028261
747.922	0.0284441
748.056	0.0274065
748.191	0.0277727
748.326	0.0272233
748.46	0.0284441
748.595	0.0271013
748.73	0.0281389
748.864	0.0277117
748.999	0.0284441
749.134	0.0271013
749.268	0.0271013
749.403	0.0280168
749.538	0.0278948
749.672	0.0274065
749.807	0.0279558
749.942	0.0285052
750.076	0.0277727
750.211	0.0281389
750.346	0.0278337
750.48	0.026674
750.615	0.0279558
750.75	0.0271623
750.884	0.0284441
751.019	0.0274065
751.154	0.0280168
751.288	0.0277117
751.423	0.026613
751.558	0.0276506
751.692	0.0275896
751.827	0.0276506
751.962	0.0277117
752.096	0.0272233
752.231	0.0278948
752.366	0.0276506
752.5	0.0276506
752.635	0.0275285
752.77	0.0274065
752.904	0.0283831
753.039	0.0275896
753.174	0.0277117
753.308	0.0280168
753.443	0.0274675
753.578	0.0267961
753.712	0.0269792
753.847	0.028322
753.982	0.0271013
754.116	0.0272233
754.251	0.0273454
754.386	0.0285662
754.52	0.0267961
754.655	0.0276506
754.79	0.0285662
754.924	0.0260636
755.059	0.0271623
755.194	0.0275896
755.328	0.028322
755.463	0.0269181
755.597	0.0271013
755.732	0.0277727
755.867	0.0271623
756.001	0.0274065
756.136	0.0278948
756.271	0.0277727
756.405	0.0280779
756.54	0.0274675
756.675	0.0281389
756.809	0.0276506
756.944	0.0283831
757.079	0.0278948
757.213	0.0271013
757.348	0.0275285
757.483	0.0280168
757.617	0.0271013
757.752	0.0275896
757.887	0.0284441
758.021	0.0272844
758.156	0.0277117
758.29	0.0276506
758.425	0.0277117
758.56	0.0280168
758.694	0.0275896
758.829	0.0279558
758.964	0.0268571
759.098	0.0277727
759.233	0.0273454
759.368	0.0279558
759.502	0.0268571
759.637	0.0281389
759.772	0.0278948
759.906	0.0280779
760.041	0.0282
760.175	0.0268571
760.31	0.0277117
760.445	0.0276506
760.579	0.026674
760.714	0.0283831
760.849	0.0275896
760.983	0.0283831
761.118	0.0279558
761.253	0.0274675
761.387	0.0272844
761.522	0.0275896
761.656	0.0278337
761.791	0.0269181
761.926	0.0276506
762.06	0.0274675
762.195	0.028261
762.33	0.0274065
762.464	0.0275896
762.599	0.0273454
762.733	0.0271623
762.868	0.0280168
763.003	0.0272233
763.137	0.0277117
763.272	0.0271623
763.407	0.0273454
763.541	0.0285662
763.676	0.0267961
763.811	0.0274675
763.945	0.0273454
764.08	0.0283831
764.214	0.0286883
764.349	0.028261
764.484	0.0269792
764.618	0.0267961
764.753	0.0275285
764.888	0.0287493
765.022	0.0272844
765.157	0.0272844
765.291	0.0272233
765.426	0.0286272
765.561	0.028322
765.695	0.0276506
765.83	0.0271623
765.965	0.0276506
766.099	0.0284441
766.234	0.0284441
766.368	0.0276506
766.503	0.0286272
766.638	0.0272233
766.772	0.0282
766.907	0.0285662
767.041	0.0285052
767.176	0.0282
767.311	0.0277117
767.445	0.028261
767.58	0.0275896
767.715	0.0279558
767.849	0.0271013
767.984	0.0273454
768.118	0.0274675
768.253	0.0272233
768.388	0.0278948
768.522	0.0278948
768.657	0.0276506
768.791	0.0272233
768.926	0.0286883
769.061	0.0270402
769.195	0.0271013
769.33	0.0282
769.465	0.0280779
769.599	0.0280168
769.734	0.0276506
769.868	0.0282
770.003	0.0274675
770.138	0.0263688
770.272	0.0273454
770.407	0.0278337
770.541	0.0274675
770.676	0.0272233
770.811	0.0267961
770.945	0.0282
771.08	0.0271013
771.214	0.028261
771.349	0.0277117
771.484	0.0271013
771.618	0.0278337
771.753	0.028322
771.887	0.0274675
772.022	0.0271013
772.157	0.0270402
772.291	0.0274065
772.426	0.0282
772.56	0.0272233
772.695	0.0272233
772.83	0.0272233
772.964	0.028261
773.099	0.0274675
773.233	0.0279558
773.368	0.0277117
773.503	0.0277727
773.637	0.028322
773.772	0.0282
773.906	0.0272844
774.041	0.0280168
774.176	0.0284441
774.31	0.0277117
774.445	0.028261
774.579	0.0274675
774.714	0.0273454
774.849	0.0277727
774.983	0.0280779
775.118	0.0272233
775.252	0.0277117
775.387	0.0271013
775.522	0.026674
775.656	0.0280168
775.791	0.0275285
775.925	0.0279558
776.06	0.0278948
776.195	0.0283831
776.329	0.0280779
776.464	0.0277727
776.598	0.0280779
776.733	0.0269181
776.868	0.028261
777.002	0.0268571
777.137	0.0274675
777.271	0.0273454
777.406	0.0277727
777.54	0.0272233
777.675	0.0272233
777.81	0.0269792
777.944	0.0270402
778.079	0.0275285
778.213	0.0278337
778.348	0.028322
778.483	0.0275896
778.617	0.0276506
778.752	0.0273454
778.886	0.0274675
779.021	0.0262467
779.155	0.0275896
779.29	0.0275285
779.425	0.0272233
779.559	0.0280168
779.694	0.0279558
779.828	0.0278337
779.963	0.0265519
780.098	0.0277727
780.232	0.0278948
780.367	0.0277727
780.501	0.0282
780.636	0.0283831
780.77	0.0274065
780.905	0.0291766
781.04	0.0272233
781.174	0.0269792
781.309	0.0272233
781.443	0.0276506
781.578	0.0272233
781.712	0.0273454
781.847	0.0281389
781.982	0.028261
782.116	0.0275896
782.251	0.0276506
782.385	0.0283831
782.52	0.0278337
782.654	0.0280779
782.789	0.0277727
782.924	0.0271623
783.058	0.0277117
783.193	0.028261
783.327	0.0272844
783.462	0.0271013
783.596	0.0286883
783.731	0.0284441
783.866	0.0280168
784	0.0285662
784.135	0.0285662
784.269	0.0273454
784.404	0.026735
784.538	0.0277727
784.673	0.0277727
784.808	0.0278948
784.942	0.0277117
785.077	0.0285052
785.211	0.0277117
785.346	0.0277117
785.48	0.0278337
785.615	0.0278948
785.75	0.0280779
785.884	0.028261
786.019	0.0275896
786.153	0.0277117
786.288	0.0279558
786.422	0.0278337
786.557	0.026735
786.691	0.0276506
786.826	0.0279558
786.961	0.0274675
787.095	0.0271623
787.23	0.0272233
787.364	0.0270402
787.499	0.0282
787.633	0.0277727
787.768	0.0277117
787.902	0.0281389
788.037	0.0285662
788.172	0.0270402
788.306	0.0278337
788.441	0.0269792
788.575	0.0281389
788.71	0.0278948
788.844	0.0276506
788.979	0.0272233
789.113	0.0280168
789.248	0.0272233
789.383	0.0281389
789.517	0.0270402
789.652	0.0275896
789.786	0.0289324
789.921	0.026674
790.055	0.0282
790.19	0.0274675
790.324	0.0280779
790.459	0.0284441
790.594	0.0278337
790.728	0.0270402
790.863	0.0279558
790.997	0.0280168
791.132	0.0281389
791.266	0.0278337
791.401	0.0279558
791.535	0.0279558
791.67	0.0274065
791.804	0.0271623
791.939	0.0274675
792.074	0.028322
792.208	0.0285052
792.343	0.0274675
792.477	0.0271623
792.612	0.0277727
792.746	0.0282
792.881	0.0286272
793.015	0.0277117
793.15	0.0281389
793.284	0.0280168
793.419	0.0285052
793.553	0.0272844
793.688	0.028261
793.823	0.0275285
793.957	0.0282
794.092	0.0280779
794.226	0.028261
794.361	0.0274675
794.495	0.0285662
794.63	0.0271623
794.764	0.0285052
794.899	0.0279558
795.033	0.0280779
795.168	0.0275896
795.302	0.0282
795.437	0.0285662
795.572	0.0284441
795.706	0.0280779
795.841	0.0288714
795.975	0.0285052
796.11	0.0278337
796.244	0.0277117
796.379	0.0281389
796.513	0.0265519
796.648	0.0278337
796.782	0.0272844
796.917	0.0279558
797.051	0.0277117
797.186	0.0278337
797.32	0.028261
797.455	0.0278337
797.589	0.0275285
797.724	0.028322
797.859	0.0274065
797.993	0.0293597
798.128	0.0290545
798.262	0.0276506
798.397	0.0278948
798.531	0.0286272
798.666	0.0279558
798.8	0.0274065
798.935	0.0289324
799.069	0.028322
799.204	0.0272233
799.338	0.0279558
799.473	0.0273454
799.607	0.0282
799.742	0.0286272
799.876	0.0282
800.011	0.0280168
800.145	0.0288714
800.28	0.0279558
800.414	0.0280779
800.549	0.028322
800.683	0.0287493
800.818	0.0292376
800.953	0.0283831
801.087	0.0280168
801.222	0.0281389
801.356	0.0282
801.491	0.0281389
801.625	0.0287493
801.76	0.0285052
801.894	0.0280779
802.029	0.0281389
802.163	0.0286272
802.298	0.0293597
802.432	0.028322
802.567	0.0272844
802.701	0.0286272
802.836	0.0285052
802.97	0.0288104
803.105	0.0286272
803.239	0.0294818
803.374	0.0284441
803.508	0.0281389
803.643	0.0283831
803.777	0.0289324
803.912	0.0288714
804.046	0.029848
804.181	0.0294207
804.315	0.0293597
804.45	0.0286883
804.584	0.0289935
804.719	0.0286272
804.853	0.0292376
804.988	0.0297259
805.122	0.0292376
805.257	0.0289324
805.391	0.0295428
805.526	0.0303974
805.66	0.0305805
805.795	0.0291766
805.929	0.0303363
806.064	0.0296649
806.198	0.0305805
806.333	0.0300922
806.467	0.0305805
806.602	0.0308857
806.736	0.0306415
806.871	0.0301532
807.005	0.031435
807.14	0.0312519
807.274	0.0318623
807.409	0.0322285
807.543	0.0319844
807.678	0.0321675
807.812	0.0317402
807.947	0.0330831
808.081	0.0341818
808.216	0.0325948
808.35	0.0341818
808.485	0.0341207
808.619	0.0348532
808.754	0.0357077
808.888	0.0358298
809.023	0.0369285
809.157	0.0376
809.292	0.0395532
809.426	0.0410181
809.561	0.0414454
809.695	0.042422
809.83	0.045535
809.964	0.0473662
810.099	0.0524324
810.233	0.0617103
810.368	0.106025
810.502	0.245804
810.637	0.677165
810.771	0.994507
810.906	1
811.04	1
811.175	1
811.309	1
811.444	1
811.578	1
811.713	1
811.847	1
811.982	0.999145
812.116	1
812.251	0.99469
812.385	0.999878
812.519	0.989868
812.654	0.996826
812.788	0.98236
812.923	0.991027
813.057	0.970762
813.192	0.981505
813.326	0.950253
813.461	0.962827
813.595	0.804737
813.73	0.346335
813.864	0.458219
813.999	0.550754
814.133	0.41659
814.268	0.106818
814.402	0.0477324
814.537	0.0432766
814.671	0.0412012
814.806	0.0385766
814.94	0.0382714
815.075	0.0363181
815.209	0.0357688
815.344	0.0352194
815.478	0.0343039
815.612	0.034548
815.747	0.0334493
815.881	0.0335714
816.016	0.033022
816.15	0.0316792
816.285	0.0321675
816.419	0.0326558
816.554	0.031435
816.688	0.0314961
816.823	0.0316181
816.957	0.0316792
817.092	0.031435
817.226	0.0313129
817.361	0.0315571
817.495	0.0302753
817.63	0.0300922
817.764	0.029848
817.898	0.0293597
818.033	0.0305194
818.167	0.029787
818.302	0.0292376
818.436	0.0288714
818.571	0.0290545
818.705	0.0288104
818.84	0.0291155
818.974	0.0292987
819.109	0.0277727
819.243	0.0292376
819.378	0.0286272
819.512	0.0290545
819.646	0.0299091
819.781	0.0284441
819.915	0.0290545
820.05	0.0286272
820.184	0.0284441
820.319	0.0283831
820.453	0.0281389
820.588	0.0284441
820.722	0.0279558
820.857	0.0285052
820.991	0.0283831
821.126	0.0289324
821.26	0.0286883
821.394	0.0281389
821.529	0.0288714
821.663	0.0288714
821.798	0.0294818
821.932	0.0294207
822.067	0.0280779
822.201	0.0280779
822.336	0.0288104
822.47	0.0286883
822.605	0.0291155
822.739	0.0292376
822.873	0.0289935
823.008	0.0279558
823.142	0.0281389
823.277	0.0291766
823.411	0.0271623
823.546	0.0275896
823.68	0.0284441
823.815	0.0277727
823.949	0.0276506
824.083	0.0279558
824.218	0.028322
824.352	0.0276506
824.487	0.0280168
824.621	0.0281389
824.756	0.0278948
824.89	0.0280779
825.025	0.0288714
825.159	0.0273454
825.293	0.0272233
825.428	0.0274675
825.562	0.0277117
825.697	0.0288714
825.831	0.0283831
825.966	0.0273454
826.1	0.0278337
826.235	0.028261
826.369	0.0285052
826.503	0.0276506
826.638	0.0273454
826.772	0.0278337
826.907	0.0275285
827.041	0.028261
827.176	0.0277117
827.31	0.0284441
827.445	0.0275285
827.579	0.0276506
827.713	0.0283831
827.848	0.0289324
827.982	0.0285052
828.117	0.0269181
828.251	0.0277727
828.386	0.0281389
828.52	0.0277117
828.654	0.0277117
828.789	0.0274675
828.923	0.0276506
829.058	0.0274675
829.192	0.0278337
829.327	0.026674
829.461	0.0280168
829.596	0.0282
829.73	0.0280779
829.864	0.028261
829.999	0.028322
830.133	0.0277727
830.268	0.0275285
830.402	0.0274065
830.537	0.0273454
830.671	0.0275896
830.805	0.0285052
830.94	0.028322
831.074	0.0277727
831.209	0.0272844
831.343	0.0275896
831.478	0.0281389
831.612	0.0286883
831.746	0.0268571
831.881	0.0280779
832.015	0.0275896
832.15	0.0269792
832.284	0.0284441
832.418	0.0271623
832.553	0.0277117
832.687	0.0277727
832.822	0.0281389
832.956	0.0275896
833.091	0.0267961
833.225	0.0276506
833.359	0.0285052
833.494	0.0281389
833.628	0.0275896
833.763	0.0275285
833.897	0.0279558
834.032	0.0275285
834.166	0.0278948
834.3	0.0277117
834.435	0.0282
834.569	0.0279558
834.704	0.0282
834.838	0.0280168
834.972	0.0275285
835.107	0.0272844
835.241	0.0278337
835.376	0.0279558
835.51	0.0281389
835.645	0.0275896
835.779	0.0271013
835.913	0.0269792
836.048	0.0272844
836.182	0.0275285
836.317	0.0280168
836.451	0.0284441
836.585	0.0272844
836.72	0.0280779
836.854	0.0271623
836.989	0.0281389
837.123	0.0274065
837.257	0.0285662
837.392	0.028261
837.526	0.0276506
837.661	0.0278948
837.795	0.0275896
837.929	0.0280779
838.064	0.0275285
838.198	0.0280779
838.333	0.0277117
838.467	0.0281389
838.602	0.0275896
838.736	0.0265519
838.87	0.0281389
839.005	0.0278337
839.139	0.0277117
839.274	0.0272844
839.408	0.0283831
839.542	0.0272844
839.677	0.0275285
839.811	0.0278337
839.946	0.0282
840.08	0.0273454
840.214	0.0274675
840.349	0.0275896
840.483	0.0284441
840.618	0.0263688
840.752	0.0273454
840.886	0.0277727
841.021	0.0280168
841.155	0.0275285
841.29	0.0277727
841.424	0.0274065
841.558	0.0280779
841.693	0.0280168
841.827	0.0273454
841.961	0.0275896
842.096	0.0280168
842.23	0.0276506
842.365	0.0282
842.499	0.0278337
842.633	0.0286883
842.768	0.0285052
842.902	0.0274675
843.037	0.0277117
843.171	0.0274675
843.305	0.0270402
843.44	0.0280168
843.574	0.028261
843.709	0.0278337
843.843	0.0274065
843.977	0.0279558
844.112	0.0280779
844.246	0.0269181
844.381	0.0277117
844.515	0.0277727
844.649	0.0274065
844.784	0.0274675
844.918	0.0276506
845.052	0.0280779
845.187	0.0276506
845.321	0.0280168
845.456	0.0284441
845.59	0.0274065
845.724	0.0274675
845.859	0.0272233
845.993	0.0275896
846.128	0.0274675
846.262	0.0280779
846.396	0.0277727
846.531	0.0275896
846.665	0.0275896
846.799	0.0281389
846.934	0.0271013
847.068	0.028261
847.203	0.0277117
847.337	0.0275896
847.471	0.0279558
847.606	0.0279558
847.74	0.0285052
847.874	0.0277727
848.009	0.0274675
848.143	0.0274675
848.278	0.0276506
848.412	0.0282
848.546	0.0282
848.681	0.0281389
848.815	0.0285052
848.949	0.0279558
849.084	0.0274675
849.218	0.0278948
849.353	0.0276506
849.487	0.0274065
849.621	0.0269792
849.756	0.0271013
849.89	0.0278337
850.024	0.0272233
850.159	0.0269181
850.293	0.0272233
850.428	0.0277727
850.562	0.0276506
850.696	0.0278948
850.831	0.028261
850.965	0.0280168
851.099	0.0276506
851.234	0.0271623
851.368	0.0278337
851.502	0.0271623
851.637	0.0277727
851.771	0.0274675
851.906	0.0278948
852.04	0.0280168
852.174	0.0270402
852.309	0.0278948
852.443	0.0280168
852.577	0.0285052
852.712	0.0280168
852.846	0.0274065
852.98	0.0284441
853.115	0.0277727
853.249	0.0277117
853.384	0.0280779
853.518	0.0277117
853.652	0.0276506
853.787	0.0269792
853.921	0.0276506
854.055	0.0273454
854.19	0.0280779
854.324	0.0269792
854.458	0.0278337
854.593	0.0281389
854.727	0.0280779
854.861	0.0263078
854.996	0.0272233
855.13	0.0274065
855.265	0.0275896
855.399	0.0275896
855.533	0.0285052
855.668	0.0275896
855.802	0.0277117
855.936	0.0272233
856.071	0.0273454
856.205	0.0272233
856.339	0.0273454
856.474	0.0278337
856.608	0.0275896
856.742	0.0272233
856.877	0.0271623
857.011	0.0285662
857.145	0.0271623
857.28	0.0277727
857.414	0.0274675
857.549	0.0283831
857.683	0.028322
857.817	0.0269792
857.952	0.028322
858.086	0.0275896
858.22	0.0278337
858.355	0.0281389
858.489	0.0273454
858.623	0.0274065
858.758	0.0271013
858.892	0.0271013
859.026	0.0272844
859.161	0.0270402
859.295	0.0282
859.429	0.0275896
859.564	0.0280779
859.698	0.0282
859.832	0.0273454
859.967	0.0279558
860.101	0.0273454
860.235	0.0269181
860.37	0.0272844
860.504	0.0286883
860.638	0.0277117
860.773	0.0278337
860.907	0.0271013
861.041	0.026735
861.176	0.0278948
861.31	0.0282
861.444	0.0275896
861.579	0.028261
861.713	0.0270402
861.847	0.0272844
861.982	0.0285052
862.116	0.0272844
862.25	0.0278948
862.385	0.028322
862.519	0.0277117
862.653	0.0284441
862.788	0.0272233
862.922	0.0277727
863.056	0.0274675
863.191	0.0278948
863.325	0.0269181
863.459	0.0286272
863.594	0.0280779
863.728	0.0280168
863.862	0.0280779
863.997	0.0280779
864.131	0.0275285
864.265	0.026674
864.4	0.0279558
864.534	0.0272233
864.668	0.0273454
864.803	0.0275285
864.937	0.0274675
865.071	0.0277117
865.206	0.0269792
865.34	0.0275285
865.474	0.0275285
865.609	0.0277727
865.743	0.0280168
865.877	0.0274675
866.012	0.0282
866.146	0.028322
866.28	0.0278948
866.415	0.0273454
866.549	0.0286272
866.683	0.0285052
866.818	0.0272233
866.952	0.028261
867.086	0.0271013
867.221	0.0272233
867.355	0.0278337
867.489	0.0274065
867.623	0.0281389
867.758	0.0272233
867.892	0.026735
868.026	0.0274675
868.161	0.0272233
868.295	0.0277727
868.429	0.0282
868.564	0.0277727
868.698	0.0288714
868.832	0.0279558
868.967	0.0278948
869.101	0.0281389
869.235	0.0277117
869.37	0.0279558
869.504	0.0279558
869.638	0.0275285
869.773	0.0276506
869.907	0.0275896
870.041	0.0272844
870.175	0.0276506
870.31	0.0267961
870.444	0.0273454
870.578	0.0277727
870.713	0.0272233
870.847	0.0278337
870.981	0.0286272
871.116	0.0267961
871.25	0.0283831
871.384	0.0279558
871.519	0.0278337
871.653	0.0275285
871.787	0.0280168
871.921	0.0275896
872.056	0.0286272
872.19	0.0277727
872.324	0.0274065
872.459	0.0278337
872.593	0.0275896
872.727	0.0278337
872.862	0.0278337
872.996	0.0281389
873.13	0.0276506
873.264	0.0264298
873.399	0.0278948
873.533	0.0279558
873.667	0.0273454
873.802	0.0285052
873.936	0.0275285
874.07	0.0277727
874.205	0.0275285
874.339	0.0276506
874.473	0.0285052
874.607	0.0272844
874.742	0.0275896
874.876	0.0273454
875.01	0.0278948
875.145	0.028322
875.279	0.0278948
875.413	0.0278948
875.548	0.0274675
875.682	0.0277117
875.816	0.0277727
875.95	0.0272844
876.085	0.0276506
876.219	0.0280779
876.353	0.0285052
876.488	0.0272233
876.622	0.0288104
876.756	0.0278337
876.89	0.028261
877.025	0.0270402
877.159	0.0286883
877.293	0.028322
877.428	0.0274675
877.562	0.0279558
877.696	0.026613
877.83	0.0274065
877.965	0.0275285
878.099	0.0282
878.233	0.0276506
878.368	0.0271013
878.502	0.028261
878.636	0.0275285
878.77	0.0270402
878.905	0.0281389
879.039	0.026674
879.173	0.0276506
879.308	0.0275896
879.442	0.0275285
879.576	0.0273454
879.71	0.0280168
879.845	0.0279558
879.979	0.0274065
880.113	0.0277727
880.248	0.0271013
880.382	0.0275896
880.516	0.0284441
880.65	0.0281389
880.785	0.0269792
880.919	0.0274065
881.053	0.0276506
881.188	0.0281389
881.322	0.0277727
881.456	0.0275896
881.59	0.0276506
881.725	0.0271013
881.859	0.0270402
881.993	0.0280779
882.127	0.0275896
882.262	0.0274065
882.396	0.0275285
882.53	0.0276506
882.665	0.0277727
882.799	0.0275285
882.933	0.0281389
883.067	0.0269181
883.202	0.0277117
883.336	0.0286272
883.47	0.0286883
883.604	0.0274065
883.739	0.0285052
883.873	0.0269181
884.007	0.0275285
884.142	0.0279558
884.276	0.0274675
884.41	0.026674
884.544	0.0286272
884.679	0.0271013
884.813	0.0286883
884.947	0.0285052
885.081	0.0277727
885.216	0.0280779
885.35	0.0278948
885.484	0.0280168
885.618	0.0279558
885.753	0.0282
885.887	0.0282
886.021	0.0278948
886.155	0.0274065
886.29	0.0269181
886.424	0.0274675
886.558	0.0274675
886.693	0.0272844
886.827	0.0280779
886.961	0.0283831
887.095	0.0275285
887.23	0.0275896
887.364	0.0274675
887.498	0.0280168
887.632	0.0271623
887.767	0.0262467
887.901	0.0274675
888.035	0.0274065
888.169	0.0275896
888.304	0.0274675
888.438	0.0283831
888.572	0.0276506
888.706	0.0278948
888.841	0.0277727
888.975	0.0274675
889.109	0.028322
889.243	0.0278948
889.378	0.0272844
889.512	0.0276506
889.646	0.0280168
889.78	0.0278337
889.915	0.0278948
890.049	0.0282
890.183	0.0285052
890.317	0.0275285
890.452	0.0277117
890.586	0.0277727
890.72	0.0275285
890.854	0.0274065
890.989	0.0271013
891.123	0.0279558
891.257	0.028261
891.391	0.0270402
891.526	0.0276506
891.66	0.028261
891.794	0.0283831
891.928	0.0271013
892.063	0.0277727
892.197	0.0277117
892.331	0.0285052
892.465	0.0274065
892.6	0.0277727
892.734	0.0271013
892.868	0.026674
893.002	0.0269181
893.137	0.0280779
893.271	0.0270402
893.405	0.0278337
893.539	0.0280168
893.674	0.0267961
893.808	0.028261
893.942	0.0277117
894.076	0.0276506
894.21	0.0274065
894.345	0.0269792
894.479	0.0278337
894.613	0.0282
894.747	0.0273454
894.882	0.0274065
895.016	0.0276506
895.15	0.0277117
895.284	0.0273454
895.419	0.026735
895.553	0.0287493
895.687	0.0273454
895.821	0.0278337
895.956	0.0277117
896.09	0.0272233
896.224	0.0273454
896.358	0.0279558
896.492	0.0269792
896.627	0.0271623
896.761	0.0269181
896.895	0.0267961
897.029	0.0275285
897.164	0.0269181
897.298	0.0270402
897.432	0.0272844
897.566	0.028261
897.701	0.0275896
897.835	0.026735
897.969	0.0278337
898.103	0.0277727
898.237	0.0279558
898.372	0.0274065
898.506	0.0272844
898.64	0.0285662
898.774	0.0274675
898.909	0.0278337
899.043	0.0261857
899.177	0.0267961
899.311	0.0275896
899.445	0.0272233
899.58	0.028322
899.714	0.0279558
899.848	0.0271013
899.982	0.0274675
900.117	0.0270402
900.251	0.0277727
900.385	0.0272233
900.519	0.0279558
900.653	0.0282
900.788	0.0280779
900.922	0.0271013
901.056	0.0263078
901.19	0.0272233
901.325	0.0278337
901.459	0.0272233
901.593	0.0277117
901.727	0.0270402
901.861	0.0278948
901.996	0.0277117
902.13	0.0279558
902.264	0.0275896
902.398	0.0272233
902.532	0.028322
902.667	0.0274065
902.801	0.0277727
902.935	0.0273454
903.069	0.0278948
903.204	0.0277727
903.338	0.0280779
903.472	0.0280779
903.606	0.0277117
903.74	0.0275896
903.875	0.0280779
904.009	0.0281389
904.143	0.0275896
904.277	0.0280168
904.411	0.0274675
904.546	0.0274675
904.68	0.0283831
904.814	0.0277727
904.948	0.0279558
905.082	0.028261
905.217	0.026735
905.351	0.0270402
905.485	0.0271623
905.619	0.0277117
905.753	0.0279558
905.888	0.0274675
906.022	0.0274675
906.156	0.0274675
906.29	0.0273454
906.424	0.0281389
906.559	0.0270402
906.693	0.0275285
906.827	0.0275285
906.961	0.0270402
907.095	0.0275896
907.23	0.0278337
907.364	0.026735
907.498	0.0274065
907.632	0.0282
907.766	0.0275285
907.901	0.0271013
908.035	0.0279558
908.169	0.0280168
908.303	0.0268571
908.437	0.0269181
908.572	0.0277727
908.706	0.028261
908.84	0.0269792
908.974	0.0280168
909.108	0.0275285
909.243	0.0277117
909.377	0.0277117
909.511	0.0282
909.645	0.0277727
909.779	0.0273454
909.914	0.0282
910.048	0.0277727
910.182	0.0274675
910.316	0.0283831
910.45	0.0273454
910.585	0.0271623
910.719	0.026735
910.853	0.0281389
910.987	0.026674
911.121	0.0282
911.255	0.0281389
911.39	0.0274675
911.524	0.0272844
911.658	0.0278948
911.792	0.0280779
911.926	0.0274065
912.061	0.0261857
912.195	0.0268571
912.329	0.0278337
912.463	0.0282
912.597	0.0276506
912.732	0.0274675
912.866	0.0277117
913	0.0276506
913.134	0.0276506
913.268	0.028322
913.402	0.0274675
913.537	0.0278337
913.671	0.0274675
913.805	0.0276506
913.939	0.0274675
914.073	0.0285052
914.208	0.0285052
914.342	0.0284441
914.476	0.0278337
914.61	0.0280779
914.744	0.0281389
914.878	0.0278337
915.013	0.0278337
915.147	0.0280168
915.281	0.0280168
915.415	0.0278337
915.549	0.0269792
915.683	0.0274065
915.818	0.0272844
915.952	0.0272233
916.086	0.0269181
916.22	0.0277727
916.354	0.0272233
916.488	0.0277117
916.623	0.0281389
916.757	0.0280779
916.891	0.0271623
917.025	0.0278337
917.159	0.0270402
917.293	0.0282
917.428	0.0270402
917.562	0.0272844
917.696	0.0286272
917.83	0.0273454
917.964	0.0275285
918.098	0.0275896
918.233	0.028261
918.367	0.0280779
918.501	0.0274675
918.635	0.028261
918.769	0.0280168
918.903	0.0281389
919.038	0.0278948
919.172	0.0272844
919.306	0.0274675
919.44	0.0271623
919.574	0.0268571
919.708	0.0272844
919.843	0.0270402
919.977	0.0278948
920.111	0.0286272
920.245	0.0278337
920.379	0.0275285
920.513	0.0271623
920.648	0.0288104
920.782	0.0275285
920.916	0.0277117
921.05	0.0267961
921.184	0.0274675
921.318	0.0275285
921.453	0.0271623
921.587	0.0278948
921.721	0.0278948
921.855	0.0274675
921.989	0.0277117
922.123	0.0275285
922.257	0.0275896
922.392	0.0265519
922.526	0.0280168
922.66	0.0275285
922.794	0.0275896
922.928	0.0283831
923.062	0.0275896
923.197	0.0278948
923.331	0.0281389
923.465	0.0277117
923.599	0.0277727
923.733	0.0281389
923.867	0.0271623
924.001	0.0284441
924.136	0.0280168
924.27	0.0275285
924.404	0.0277117
924.538	0.0273454
924.672	0.0270402
924.806	0.0286883
924.94	0.0277727
925.075	0.0280168
925.209	0.0279558
925.343	0.0282
925.477	0.0277117
925.611	0.0276506
925.745	0.0280168
925.879	0.0282
926.014	0.026613
926.148	0.0277117
926.282	0.0280168
926.416	0.0272233
926.55	0.0263688
926.684	0.0274675
926.818	0.0283831
926.953	0.0277117
927.087	0.0278337
927.221	0.0273454
927.355	0.0277117
927.489	0.0273454
927.623	0.0269792
927.757	0.0280779
927.892	0.0275896
928.026	0.0276506
928.16	0.0275285
928.294	0.0271623
928.428	0.0286272
928.562	0.0280779
928.696	0.0269792
928.831	0.0273454
928.965	0.0283831
929.099	0.0269792
929.233	0.0274675
929.367	0.0278337
929.501	0.0275285
929.635	0.0272844
929.769	0.0275285
929.904	0.0280168
930.038	0.0275896
930.172	0.0277727
930.306	0.0273454
930.44	0.0288104
930.574	0.0275896
930.708	0.0274675
930.843	0.0277117
930.977	0.0271013
931.111	0.0285052
931.245	0.0282
931.379	0.0264298
931.513	0.0270402
931.647	0.0274065
931.781	0.0273454
931.916	0.0277117
932.05	0.0277117
932.184	0.0275896
932.318	0.0275896
932.452	0.0280168
932.586	0.0281389
932.72	0.0269181
932.854	0.0280168
932.989	0.0268571
933.123	0.0273454
933.257	0.0276506
933.391	0.0274675
933.525	0.0280168
933.659	0.0280168
933.793	0.0272233
933.927	0.0275285
934.061	0.0267961
934.196	0.0280779
934.33	0.0275896
934.464	0.0277117
934.598	0.0274675
934.732	0.0271623
934.866	0.0278337
935	0.0271013
935.134	0.026735
935.269	0.0271013
935.403	0.0274065
935.537	0.028322
935.671	0.0268571
935.805	0.0279558
935.939	0.0277727
936.073	0.0280779
936.207	0.0279558
936.341	0.0286883
936.476	0.0280779
936.61	0.0267961
936.744	0.0275896
936.878	0.0279558
937.012	0.0278337
937.146	0.0281389
937.28	0.0277117
937.414	0.0277727
937.548	0.0271623
937.683	0.0273454
937.817	0.0275285
937.951	0.0272233
938.085	0.0272233
938.219	0.0277727
938.353	0.0282
938.487	0.0274675
938.621	0.0278337
938.755	0.0269181
938.889	0.0282
939.024	0.0271013
939.158	0.028261
939.292	0.0273454
939.426	0.0272844
939.56	0.0280168
939.694	0.0276506
939.828	0.0270402
939.962	0.0274065
940.096	0.0285052
940.231	0.0274675
940.365	0.0272844
940.499	0.0281389
940.633	0.0273454
940.767	0.0285052
940.901	0.0285662
941.035	0.0277727
941.169	0.0274065
941.303	0.0278337
941.437	0.0276506
941.571	0.0281389
941.706	0.0279558
941.84	0.0268571
941.974	0.0275285
942.108	0.0277727
942.242	0.0282
942.376	0.0263688
942.51	0.0275896
942.644	0.0260026
942.778	0.0277727
942.912	0.0284441
943.047	0.0275896
943.181	0.0274065
943.315	0.0271013
943.449	0.0279558
943.583	0.0278948
943.717	0.0285052
943.851	0.0274675
943.985	0.0274675
944.119	0.0280779
944.253	0.0273454
944.387	0.0276506
944.522	0.0274675
944.656	0.0275896
944.79	0.0283831
944.924	0.0276506
945.058	0.0274675
945.192	0.0271623
945.326	0.0274065
945.46	0.0276506
945.594	0.0275285
945.728	0.0285052
945.862	0.0280168
945.996	0.0271013
946.131	0.0276506
946.265	0.0275896
946.399	0.0276506
946.533	0.0278337
946.667	0.0277117
946.801	0.0275896
946.935	0.0275285
947.069	0.0278948
947.203	0.0282
947.337	0.0270402
947.471	0.0280168
947.605	0.0272844
947.739	0.0274675
947.874	0.0269792
948.008	0.0279558
948.142	0.0275285
948.276	0.0275896
948.41	0.0274065
948.544	0.0275896
948.678	0.0277117
948.812	0.0269181
948.946	0.0280168
949.08	0.0279558
949.214	0.0277117
949.348	0.0275896
949.482	0.0279558
949.617	0.0278337
949.751	0.0276506
949.885	0.0271013
950.019	0.0275896
950.153	0.0276506
950.287	0.0275896
950.421	0.0277117
950.555	0.0274065
950.689	0.0274675
950.823	0.0280779
950.957	0.0277117
951.091	0.0277727
951.225	0.0279558
951.359	0.0282
951.493	0.0279558
951.628	0.0283831
951.762	0.0269792
951.896	0.0277117
952.03	0.0272233
952.164	0.0292987
952.298	0.0280779
952.432	0.0285052
952.566	0.0281389
952.7	0.0275285
952.834	0.0268571
952.968	0.0272844
953.102	0.0274675
953.236	0.0274675
953.37	0.0272844
953.504	0.0285052
953.639	0.0274675
953.773	0.0274065
953.907	0.0277117
954.041	0.0269792
954.175	0.0273454
954.309	0.0288104
954.443	0.0283831
954.577	0.0277727
954.711	0.0269181
954.845	0.0276506
954.979	0.0284441
955.113	0.0274065
955.247	0.0277727
955.381	0.0278337
955.515	0.0279558
955.649	0.0278948
955.783	0.0269181
955.917	0.0272233
956.052	0.0282
956.186	0.0282
956.32	0.0274675
956.454	0.0278337
956.588	0.0275896
956.722	0.0271623
956.856	0.0272844
956.99	0.0282
957.124	0.0272233
957.258	0.0285662
957.392	0.0281389
957.526	0.0271623
957.66	0.0276506
957.794	0.0268571
957.928	0.0271623
958.062	0.0274065
958.196	0.0271013
958.33	0.0288104
958.464	0.0286883
958.598	0.0280779
958.733	0.0285052
958.867	0.0280168
959.001	0.0278337
959.135	0.028261
959.269	0.0269181
959.403	0.0272233
959.537	0.0274675
959.671	0.0279558
959.805	0.0281389
959.939	0.0276506
960.073	0.0272844
960.207	0.0282
960.341	0.0273454
960.475	0.0277117
960.609	0.0274065
960.743	0.0277117
960.877	0.0274065
961.011	0.028261
961.145	0.0273454
961.279	0.0277727
961.413	0.0280168
961.547	0.0273454
961.681	0.0283831
961.815	0.0277117
961.949	0.0269792
962.083	0.028261
962.218	0.028261
962.352	0.0271623
962.486	0.0278948
962.62	0.0279558
962.754	0.028322
962.888	0.0277727
963.022	0.0272844
963.156	0.0277117
963.29	0.0273454
963.424	0.0277727
963.558	0.0272844
963.692	0.0275896
963.826	0.0274065
963.96	0.0275896
964.094	0.0278948
964.228	0.0275896
964.362	0.0269792
964.496	0.0280779
964.63	0.0285662
964.764	0.0280779
964.898	0.0278337
965.032	0.0275285
965.166	0.028261
965.3	0.028322
965.434	0.028261
965.568	0.0277117
965.702	0.0274675
965.836	0.0267961
965.97	0.028261
966.104	0.0275896
966.238	0.0275285
966.372	0.0273454
966.506	0.0280779
966.64	0.0280168
966.774	0.0275896
966.908	0.0273454
967.043	0.0274065
967.177	0.0278948
967.311	0.0273454
967.445	0.0274675
967.579	0.0276506
967.713	0.0268571
967.847	0.0282
967.981	0.0279558
968.115	0.0277117
968.249	0.0280168
968.383	0.0277727
968.517	0.0273454
968.651	0.0278948
968.785	0.0285052
968.919	0.0269181
969.053	0.0267961
969.187	0.0270402
969.321	0.0281389
969.455	0.0275896
969.589	0.0285052
969.723	0.0274065
969.857	0.0282
969.991	0.0277117
970.125	0.0268571
970.259	0.0275896
970.393	0.0272233
970.527	0.0280779
970.661	0.0270402
970.795	0.0272844
970.929	0.0282
971.063	0.0267961
971.197	0.0279558
971.331	0.0281389
971.465	0.0277727
971.599	0.0275285
971.733	0.026735
971.867	0.0273454
972.001	0.0277117
972.135	0.0269792
972.269	0.0278948
972.403	0.0278948
972.537	0.0277117
972.671	0.0280779
972.805	0.0275896
972.939	0.026674
973.073	0.0280779
973.207	0.0276506
973.341	0.0276506
973.475	0.0272844
973.609	0.026613
973.743	0.0275285
973.877	0.0269792
974.011	0.0285662
974.145	0.0279558
974.279	0.0276506
974.413	0.0274065
974.547	0.0277727
974.681	0.028261
974.815	0.0272844
974.949	0.0272844
975.083	0.0274675
975.217	0.0286883
975.351	0.0278948
975.485	0.0280779
975.619	0.0274675
975.753	0.0273454
975.887	0.0272844
976.021	0.0274065
976.155	0.0281389
976.289	0.0275285
976.423	0.0286272
976.557	0.0274065
976.691	0.0277117
976.825	0.0278948
976.959	0.0281389
977.093	0.0278337
977.227	0.0280168
977.361	0.0275896
977.495	0.0272844
977.629	0.0274065
977.763	0.0272844
977.897	0.0280779
978.031	0.0274065
978.165	0.0287493
978.299	0.0272233
978.433	0.0274065
978.567	0.0277117
978.701	0.0279558
978.835	0.0267961
978.969	0.0278948
979.103	0.0274065
979.237	0.0269792
979.371	0.0282
979.505	0.0278948
979.639	0.0272844
979.773	0.0281389
979.907	0.0273454
980.041	0.0275285
980.175	0.0281389
980.308	0.0288104
980.442	0.0285052
980.576	0.028261
980.71	0.0272233
980.844	0.0280779
980.978	0.0280779
981.112	0.0284441
981.246	0.0269181
981.38	0.0275285
981.514	0.0275285
981.648	0.0275285
981.782	0.0280779
981.916	0.0281389
982.05	0.0272233
982.184	0.0274675
982.318	0.0284441
982.452	0.0281389
982.586	0.0272844
982.72	0.0271623
982.854	0.0274675
982.988	0.0265519
983.122	0.0274065
983.256	0.0275896
983.39	0.0278948
983.524	0.0274675
983.658	0.0275285
983.792	0.0273454
983.926	0.0282
984.06	0.0275285
984.194	0.0279558
984.328	0.0275285
984.462	0.026613
984.596	0.0271623
984.73	0.0273454
984.864	0.026674
984.998	0.0279558
985.132	0.0280779
985.265	0.0268571
985.399	0.026613
985.533	0.0272844
985.667	0.0274065
985.801	0.0275896
985.935	0.0277727
986.069	0.0277117
986.203	0.0284441
986.337	0.0278337
986.471	0.0268571
986.605	0.0275896
986.739	0.0277727
986.873	0.0277117
987.007	0.0263078
987.141	0.0277727
987.275	0.0282
987.409	0.0272844
987.543	0.0272844
987.677	0.026613
987.811	0.0277727
987.945	0.0280779
988.079	0.0277727
988.213	0.0272233
988.347	0.0275285
988.481	0.0267961
988.614	0.0283831
988.748	0.0277727
988.882	0.0281389
989.016	0.0274065
989.15	0.0286883
989.284	0.0277117
989.418	0.0280168
989.552	0.026735
989.686	0.0274675
989.82	0.0283831
989.954	0.028322
990.088	0.0273454
990.222	0.0273454
990.356	0.0269181
990.49	0.0281389
990.624	0.028261
990.758	0.0276506
990.892	0.0280779
991.026	0.0286272
991.16	0.0273454
991.294	0.0265519
991.427	0.0282
991.561	0.0278948
991.695	0.0272233
991.829	0.0278948
991.963	0.0274675
992.097	0.0282
992.231	0.0283831
992.365	0.0284441
992.499	0.0275285
992.633	0.0280168
992.767	0.026735
992.901	0.0274675
993.035	0.0274675
993.169	0.0286272
993.303	0.0275896
993.437	0.0283831
993.571	0.0277727
993.704	0.0277117
993.838	0.028261
993.972	0.0276506
994.106	0.0278337
994.24	0.0272233
994.374	0.0282
994.508	0.0271013
994.642	0.0280168
994.776	0.0280779
994.91	0.0275896
995.044	0.0270402
995.178	0.0273454
995.312	0.0276506
995.446	0.0271013
995.58	0.0278337
995.714	0.0275896
995.847	0.0280779
995.981	0.0275896
996.115	0.0271623
996.249	0.0280779
996.383	0.0272233
996.517	0.0273454
996.651	0.0272844
996.785	0.0275285
996.919	0.0270402
997.053	0.0272233
997.187	0.0286883
997.321	0.0280168
997.455	0.0275896
997.589	0.0280779
997.722	0.0278337
997.856	0.0275896
997.99	0.0271013
998.124	0.0270402
998.258	0.0279558
998.392	0.0270402
998.526	0.0277727
998.66	0.0268571
998.794	0.0285052
998.928	0.0272233
999.062	0.0280779
999.196	0.0282
999.33	0.0278948
999.464	0.0270402
999.597	0.0278337
999.731	0.0280779
999.865	0.0275285
999.999	0.0274065
1000.13	0.0285052
1000.27	0.0278337
1000.4	0.0276506
1000.53	0.0272233
1000.67	0.0271623
1000.8	0.0274675
1000.94	0.0270402
1001.07	0.0272844
1001.2	0.0270402
1001.34	0.0282
1001.47	0.0275285
1001.61	0.0272233
1001.74	0.0282
1001.87	0.0276506
1002.01	0.0279558
1002.14	0.0278337
1002.28	0.028322
1002.41	0.0271623
1002.54	0.0281389
1002.68	0.0278948
1002.81	0.0276506
1002.95	0.0270402
1003.08	0.0279558
1003.21	0.0277727
1003.35	0.0272844
1003.48	0.0274675
1003.61	0.0271623
1003.75	0.0276506
1003.88	0.0272844
1004.02	0.0272844
1004.15	0.0283831
1004.28	0.0281389
1004.42	0.0275896
1004.55	0.0275896
1004.69	0.0275896
1004.82	0.0280779
1004.95	0.0276506
1005.09	0.0270402
1005.22	0.028322
1005.36	0.0274675
1005.49	0.0264909
1005.62	0.0286883
1005.76	0.0277727
1005.89	0.0268571
1006.03	0.0268571
1006.16	0.026735
1006.29	0.0273454
1006.43	0.0272844
1006.56	0.0273454
1006.69	0.0277727
1006.83	0.0275896
1006.96	0.0272233
1007.1	0.0280779
1007.23	0.0277727
1007.36	0.0278337
1007.5	0.028322
1007.63	0.0275896
1007.77	0.0280168
1007.9	0.026735
1008.03	0.0277117
1008.17	0.0276506
1008.3	0.0276506
1008.44	0.0280779
1008.57	0.0279558
1008.7	0.0280168
1008.84	0.0282
1008.97	0.0274675
1009.1	0.0286883
1009.24	0.0291766
1009.37	0.0278948
1009.51	0.0277117
1009.64	0.0269181
1009.77	0.0274675
1009.91	0.0282
1010.04	0.0285052
1010.18	0.0278337
1010.31	0.0275285
1010.44	0.0280168
1010.58	0.0278337
1010.71	0.0272844
1010.85	0.0274065
1010.98	0.0279558
1011.11	0.0281389
1011.25	0.0275285
1011.38	0.0273454
1011.51	0.0272844
1011.65	0.0272844
1011.78	0.0273454
1011.92	0.0281389
1012.05	0.0276506
1012.18	0.0284441
1012.32	0.0280779
1012.45	0.0283831
1012.59	0.0287493
1012.72	0.0279558
1012.85	0.0270402
1012.99	0.0273454
1013.12	0.0271623
1013.26	0.0285052
1013.39	0.0278337
1013.52	0.0273454
1013.66	0.0278948
1013.79	0.0276506
1013.92	0.0280168
1014.06	0.0277117
1014.19	0.0280779
1014.33	0.0276506
1014.46	0.0272844
1014.59	0.0280779
1014.73	0.0276506
1014.86	0.0280168
1015	0.0276506
1015.13	0.0276506
1015.26	0.0272844
1015.4	0.0275896
1015.53	0.0274675
1015.67	0.0282
1015.8	0.0274675
1015.93	0.0269792
1016.07	0.0288714
1016.2	0.0280779
1016.33	0.0280168
1016.47	0.0274065
1016.6	0.0285052
1016.74	0.0276506
1016.87	0.0271623
1017	0.0276506
1017.14	0.0277727
1017.27	0.0285052
1017.41	0.026735
1017.54	0.0284441
1017.67	0.0277727
1017.81	0.0278337
1017.94	0.0276506
1018.07	0.0272233
1018.21	0.0284441
1018.34	0.0282
1018.48	0.0269792
1018.61	0.028261
1018.74	0.0274675
1018.88	0.0274065
1019.01	0.0270402
1019.15	0.0283831
1019.28	0.0272233
1019.41	0.0278948
1019.55	0.0275285
1019.68	0.0271623
1019.82	0.0267961
1019.95	0.0271013
1020.08	0.0279558
1020.22	0.0281389
1020.35	0.0276506
1020.48	0.0275896
1020.62	0.0284441
1020.75	0.0284441
1020.89	0.0277727
1021.02	0.0277117
1021.15	0.0279558
1021.29	0.0272844
1021.42	0.028261
1021.56	0.0269181
1021.69	0.0274675
1021.82	0.0272844
1021.96	0.0277117
1022.09	0.0277117
1022.22	0.0275896
1022.36	0.0275896
1022.49	0.0274675
1022.63	0.0284441
1022.76	0.0269792
1022.89	0.0277117
1023.03	0.0281389
1023.16	0.028322
1023.3	0.0272233
1023.43	0.0280168
1023.56	0.0276506
1023.7	0.0275896
1023.83	0.0268571
1023.96	0.0278948
1024.1	0.0275896
1024.23	0.0275896
1024.37	0.026735
1024.5	0.0280168
1024.63	0.0267961
1024.77	0.0275285
1024.9	0.0267961
1025.04	0.0269181
1025.17	0.0277727
1025.3	0.0286272
1025.44	0.028261
1025.57	0.0282
1025.7	0.0280168
1025.84	0.0268571
1025.97	0.0275285
1026.11	0.028322
1026.24	0.0269181
1026.37	0.0273454
1026.51	0.0273454
1026.64	0.0278948
1026.78	0.0278948
1026.91	0.0284441
1027.04	0.0277117
1027.18	0.0282
1027.31	0.026613
1027.44	0.0271013
1027.58	0.0287493
1027.71	0.0274065
1027.85	0.0270402
1027.98	0.0273454
1028.11	0.0277727
1028.25	0.0278337
1028.38	0.0280779
1028.52	0.0278337
1028.65	0.028261
1028.78	0.0272844
1028.92	0.0283831
1029.05	0.0274065
1029.18	0.0285052
1029.32	0.0272844
1029.45	0.0280168
1029.59	0.0278948
1029.72	0.0274065
1029.85	0.0277117
1029.99	0.0264909
1030.12	0.0272844
1030.26	0.0280168
1030.39	0.0275285
1030.52	0.0272233
1030.66	0.0275896
1030.79	0.0272233
1030.92	0.0275285
1031.06	0.028261
1031.19	0.0268571
1031.33	0.0268571
1031.46	0.0282
1031.59	0.0270402
1031.73	0.0279558
1031.86	0.0280168
1031.99	0.0277117
1032.13	0.026613
1032.26	0.0271623
1032.4	0.0276506
1032.53	0.0275896
1032.66	0.0280779
1032.8	0.0277117
1032.93	0.0275896
1033.07	0.0278337
1033.2	0.0278337
1033.33	0.0278337
1033.47	0.0280779
1033.6	0.0278337
1033.73	0.0272844
1033.87	0.0269181
1034	0.0282
1034.14	0.0276506
1034.27	0.0285662
1034.4	0.0271013
1034.54	0.0275285
1034.67	0.0272233
1034.81	0.0272844
1034.94	0.0294818
1035.07	0.0272844
1035.21	0.0271623
1035.34	0.0274065
1035.47	0.0281389
1035.61	0.0285052
1035.74	0.0279558
1035.88	0.0277727
1036.01	0.0285662
1036.14	0.0277117
1036.28	0.0281389
1036.41	0.0278948
1036.54	0.0278337
1036.68	0.0269181
1036.81	0.0278948
1036.95	0.0274675
1037.08	0.0277117
1037.21	0.0276506
1037.35	0.0274675
1037.48	0.0277117
1037.62	0.0274065
1037.75	0.0269181
1037.88	0.0275896
1038.02	0.0279558
1038.15	0.0282
1038.28	0.0280779
1038.42	0.0280168
1038.55	0.0275896
1038.69	0.0278337
1038.82	0.0277727
1038.95	0.0282
1039.09	0.0269181
1039.22	0.0277727
1039.35	0.026735
1039.49	0.0274675
1039.62	0.0271013
1039.76	0.0273454
1039.89	0.0284441
1040.02	0.0277117
1040.16	0.0278337
1040.29	0.0276506
1040.43	0.0279558
1040.56	0.0272844
1040.69	0.0270402
1040.83	0.0284441
1040.96	0.0289324
1041.09	0.028261
1041.23	0.0278337
1041.36	0.0274065
1041.5	0.0277117
1041.63	0.0280168
1041.76	0.0272844
1041.9	0.028322
1042.03	0.0275896
1042.16	0.0272233
1042.3	0.0286883
1042.43	0.0277117
1042.57	0.0289935
1042.7	0.0282
1042.83	0.026735
1042.97	0.0277727
1043.1	0.0273454
1043.23	0.0277117
1043.37	0.0275285
1043.5	0.0274675
1043.64	0.0274675
1043.77	0.0275896
1043.9	0.0285052
1044.04	0.0269792
1044.17	0.0269181
1044.31	0.0278337
1044.44	0.0269792
1044.57	0.0275896
1044.71	0.0277117
1044.84	0.0280779
1044.97	0.0276506
1045.11	0.0277727
1045.24	0.0273454
1045.38	0.0279558
1045.51	0.0273454
1045.64	0.0280779
1045.78	0.0270402
1045.91	0.0277727
1046.04	0.0273454
1046.18	0.0274065
1046.31	0.0278948
1046.45	0.0284441
1046.58	0.0275896
1046.71	0.0276506
1046.85	0.0278948
1046.98	0.0275896
1047.11	0.0274065
1047.25	0.0279558
1047.38	0.0278337
1047.52	0.0277727
1047.65	0.0275896
1047.78	0.0274675
1047.92	0.0269792
1048.05	0.0284441
1048.18	0.0269181
1048.32	0.0276506
1048.45	0.0274675
1048.59	0.0275896
1048.72	0.0279558
1048.85	0.0271623
1048.99	0.0274675
1049.12	0.0278337
1049.25	0.0281389
1049.39	0.0269792
1049.52	0.0276506
1049.66	0.0283831
1049.79	0.0273454
1049.92	0.0275285
1050.06	0.0279558
1050.19	0.028322
1050.33	0.0274065
1050.46	0.0282
1050.59	0.028261
1050.73	0.0284441
1050.86	0.0275285
1050.99	0.028322
1051.13	0.0264298
1051.26	0.0275285
1051.4	0.0275285
1051.53	0.0275896
1051.66	0.0280168
1051.8	0.0281389
1051.93	0.0274675
1052.06	0.0279558
1052.2	0.0281389
1052.33	0.0267961
1052.47	0.0275896
1052.6	0.0268571
1052.73	0.0271013
1052.87	0.0274675
1053	0.0278948
1053.13	0.0272844
1053.27	0.0275285
1053.4	0.028261
1053.54	0.0268571
1053.67	0.0274675
1053.8	0.0276506
1053.94	0.0278337
1054.07	0.0277117
1054.2	0.0275285
1054.34	0.0277117
1054.47	0.0274065
1054.61	0.0278948
1054.74	0.0281389
1054.87	0.0273454
1055.01	0.0286883
1055.14	0.0275896
1055.27	0.0276506
1055.41	0.0272233
1055.54	0.0274675
1055.68	0.0273454
1055.81	0.0277117
1055.94	0.0278337
1056.08	0.0273454
1056.21	0.0278337
1056.34	0.0278948
1056.48	0.0275285
1056.61	0.0286272
1056.75	0.0271623
1056.88	0.0272233
1057.01	0.0268571
1057.15	0.0288104
1057.28	0.0282
1057.41	0.0282
1057.55	0.0275285
1057.68	0.0280168
1057.82	0.0281389
1057.95	0.0279558
1058.08	0.0276506
1058.22	0.0275285
1058.35	0.0280168
1058.48	0.0282
1058.62	0.0279558
1058.75	0.0262467
1058.89	0.0286272
1059.02	0.0281389
1059.15	0.0268571
1059.29	0.0282
1059.42	0.0278337
1059.55	0.0283831
1059.69	0.0275285
1059.82	0.0276506
1059.96	0.0271013
1060.09	0.0269181
1060.22	0.0273454
1060.36	0.0277117
1060.49	0.0276506
1060.62	0.0279558
1060.76	0.0280168
1060.89	0.0281389
1061.03	0.0273454
1061.16	0.0269792
1061.29	0.0277727
1061.43	0.0279558
1061.56	0.0276506
1061.69	0.0278948
1061.83	0.0279558
1061.96	0.0282
1062.1	0.0276506
1062.23	0.0281389
1062.36	0.0274675
1062.5	0.0279558
1062.63	0.0275896
1062.76	0.0273454
1062.9	0.0276506
1063.03	0.0274675
1063.17	0.0272233
1063.3	0.0278948
1063.43	0.0279558
1063.57	0.0276506
1063.7	0.0272844
1063.83	0.0273454
1063.97	0.0274675
1064.1	0.0275896
1064.23	0.026735
1064.37	0.0275896
1064.5	0.0279558
1064.64	0.0280168
1064.77	0.0286883
1064.9	0.0282
1065.04	0.0272233
1065.17	0.0281389
1065.3	0.0280168
1065.44	0.0287493
1065.57	0.0275285
1065.71	0.0274675
1065.84	0.0285662
1065.97	0.0275896
1066.11	0.0278337
1066.24	0.0277117
1066.37	0.0267961
1066.51	0.028261
1066.64	0.026674
1066.78	0.0280779
1066.91	0.0276506
1067.04	0.0271013
1067.18	0.0281389
1067.31	0.0278337
1067.44	0.0275896
1067.58	0.0272844
1067.71	0.0274065
1067.85	0.0273454
1067.98	0.0272844
1068.11	0.0269792
1068.25	0.0278337
1068.38	0.0289324
1068.51	0.0277727
1068.65	0.0283831
1068.78	0.0277117
1068.92	0.0271623
1069.05	0.0280168
1069.18	0.0272844
1069.32	0.0280779
1069.45	0.0286272
1069.58	0.026735
1069.72	0.028322
1069.85	0.0269181
1069.98	0.0278337
1070.12	0.0272233
1070.25	0.0286883
1070.39	0.0280168
1070.52	0.0283831
1070.65	0.0276506
1070.79	0.0281389
1070.92	0.0280168
1071.05	0.0272233
1071.19	0.0280168
1071.32	0.0282
1071.46	0.0275896
1071.59	0.028261
1071.72	0.0270402
1071.86	0.0272844
1071.99	0.0273454
1072.12	0.0282
1072.26	0.0271013
1072.39	0.0285052
1072.53	0.0278948
1072.66	0.0274065
1072.79	0.0272233
1072.93	0.0277117
1073.06	0.0278337
1073.19	0.0284441
1073.33	0.0282
1073.46	0.0271013
1073.59	0.0273454
1073.73	0.0264909
1073.86	0.0273454
1074	0.0277117
1074.13	0.0278948
1074.26	0.028322
1074.4	0.0278337
1074.53	0.0278337
1074.66	0.0267961
1074.8	0.0274065
1074.93	0.0276506
1075.07	0.0277117
1075.2	0.0281389
1075.33	0.0272844
1075.47	0.0278337
1075.6	0.0278337
1075.73	0.0279558
1075.87	0.0275285
1076	0.0275285
1076.14	0.0278337
1076.27	0.0281389
1076.4	0.0277117
1076.54	0.0274065
1076.67	0.028322
1076.8	0.0272233
1076.94	0.0273454
1077.07	0.0274065
1077.2	0.0268571
1077.34	0.0272844
1077.47	0.0286883
1077.61	0.0276506
1077.74	0.0275896
1077.87	0.0280168
1078.01	0.0278337
1078.14	0.0278948
1078.27	0.0284441
1078.41	0.028261
1078.54	0.0278337
1078.68	0.0281389
1078.81	0.0277727
1078.94	0.0284441
1079.08	0.0285662
1079.21	0.0272233
1079.34	0.0274675
1079.48	0.0277727
1079.61	0.028322
1079.74	0.0270402
1079.88	0.0272844
1080.01	0.0269792
1080.15	0.0274675
1080.28	0.0275285
1080.41	0.0272844
1080.55	0.0274675
1080.68	0.0278337
1080.81	0.0280168
1080.95	0.0272233
1081.08	0.0278337
1081.22	0.0276506
1081.35	0.0276506
1081.48	0.0272233
1081.62	0.0278337
1081.75	0.0276506
1081.88	0.0275896
1082.02	0.0280168
1082.15	0.0279558
1082.28	0.0279558
1082.42	0.0269181
1082.55	0.026613
1082.69	0.0287493
1082.82	0.0274065
1082.95	0.0274675
1083.09	0.0274675
1083.22	0.0274065
1083.35	0.0282
1083.49	0.0285052
1083.62	0.0271623
1083.75	0.0269181
1083.89	0.0278337
1084.02	0.0274065
1084.16	0.0272844
1084.29	0.0277117
1084.42	0.0275896
1084.56	0.0271013
1084.69	0.0279558
1084.82	0.0277727
1084.96	0.0285662
1085.09	0.0278337
1085.23	0.0278337
1085.36	0.0274065
1085.49	0.0274065
1085.63	0.0273454
1085.76	0.0278948
1085.89	0.0280168
1086.03	0.0272844
1086.16	0.0278337
1086.29	0.028322
1086.43	0.0274065
1086.56	0.028322
1086.7	0.0272844
1086.83	0.0279558
1086.96	0.0274675
1087.1	0.028322
1087.23	0.026613
1087.36	0.0275285
1087.5	0.026674
1087.63	0.0278337
1087.76	0.0278337
1087.9	0.0287493
1088.03	0.0275896
1088.17	0.0274675
1088.3	0.0272844
1088.43	0.0271623
1088.57	0.0284441
1088.7	0.0277117
1088.83	0.0274065
1088.97	0.0279558
1089.1	0.0274675
1089.24	0.0277727
1089.37	0.0269181
1089.5	0.0278948
1089.64	0.0277117
1089.77	0.0274065
1089.9	0.0277117
1090.04	0.0272233
1090.17	0.0278948
1090.3	0.0272844
1090.44	0.0267961
1090.57	0.0276506
1090.71	0.0278948
1090.84	0.0275285
1090.97	0.0280779
1091.11	0.0275285
1091.24	0.0265519
1091.37	0.0281389
1091.51	0.0287493
1091.64	0.0282
1091.77	0.0284441
1091.91	0.0277117
1092.04	0.0272844
1092.18	0.0282
1092.31	0.0274065
1092.44	0.0273454
1092.58	0.0267961
1092.71	0.028261
1092.84	0.0272844
1092.98	0.0275896
1093.11	0.0277727
1093.24	0.0283831
1093.38	0.0277727
1093.51	0.0269181
1093.65	0.0277117
1093.78	0.0274675
1093.91	0.0273454
1094.05	0.0279558
1094.18	0.0276506
1094.31	0.0277117
1094.45	0.0269792
1094.58	0.0277727
1094.71	0.0276506
1094.85	0.0269181
1094.98	0.0280168
1095.12	0.0273454
1095.25	0.0273454
1095.38	0.0276506
1095.52	0.0279558
1095.65	0.028261
1095.78	0.0282
1095.92	0.0281389
1096.05	0.0274065
1096.18	0.0271013
1096.32	0.028261
1096.45	0.0271623
1096.59	0.0275896
1096.72	0.0277117
1096.85	0.0276506
1096.99	0.0277117
1097.12	0.0278337
1097.25	0.0272844
1097.39	0.028322
1097.52	0.0282
1097.65	0.0274675
1097.79	0.0279558
1097.92	0.0275896
1098.06	0.0271013
1098.19	0.0277117
1098.32	0.0278337
1098.46	0.0272844
1098.59	0.0277727
1098.72	0.0277727
1098.86	0.0269792
1098.99	0.0265519
1099.12	0.0275896
1099.26	0.0277727
1099.39	0.0271623
1099.53	0.028261
1099.66	0.0275285
1099.79	0.0280779
1099.93	0.0278337
1100.06	0.0277727
1100.19	0.0275896
1100.33	0.0280168
1100.46	0.0269181
1100.59	0.0275285
1100.73	0.0277727
1100.86	0.0278337
1100.99	0.0268571
1101.13	0.0262467
1101.26	0.0275896
1101.4	0.0277117
1101.53	0.0267961
1101.66	0.0275285
1101.8	0.0279558
1101.93	0.0276506
1102.06	0.0278337
1102.2	0.0271013
1102.33	0.0278948
1102.46	0.0274065
1102.6	0.0276506
1102.73	0.0282
1102.87	0.0278337
1103	0.0278948
1103.13	0.028322
1103.27	0.0278948
1103.4	0.0269792
1103.53	0.028322
1103.67	0.0272233
1103.8	0.0274675
1103.93	0.0284441
1104.07	0.026735
1104.2	0.0274675
1104.34	0.0272844
1104.47	0.0274675
1104.6	0.0279558
1104.74	0.0275896
1104.87	0.0270402
1105	0.0275285
1105.14	0.0276506
1105.27	0.0274065
1105.4	0.0277117
1105.54	0.0277117
1105.67	0.0272233
1105.8	0.0271623
1105.94	0.0277117
1106.07	0.0283831
1106.21	0.0275285
1106.34	0.0276506
1106.47	0.0274675
1106.61	0.0278337
1106.74	0.0277117
1106.87	0.0273454
1107.01	0.0277727
1107.14	0.0283831
1107.27	0.0274065
1107.41	0.0278337
1107.54	0.0275285

