Source: Spectrum Viewer

Chart: Pulse Spectrum

Series: 
Wavelength (nm)	S (a.u.)
617.638	0.029221
617.773	0.0307279
617.908	0.0288934
618.043	0.0302693
618.178	0.0297451
618.313	0.0302693
618.448	0.0300072
618.583	0.029352
618.718	0.029352
618.853	0.0286968
618.988	0.0298107
619.123	0.0299417
619.258	0.0304658
619.394	0.0304003
619.529	0.0302693
619.664	0.0285658
619.799	0.0294831
619.934	0.0288279
620.069	0.0297451
620.204	0.02909
620.339	0.0290244
620.474	0.0290244
620.609	0.0296141
620.744	0.029352
620.879	0.0294831
621.014	0.0292865
621.149	0.029352
621.284	0.0296141
621.419	0.0294175
621.554	0.0306624
621.689	0.0291555
621.825	0.0294175
621.96	0.0299417
622.095	0.0291555
622.23	0.0298762
622.365	0.0288934
622.5	0.0298762
622.635	0.0286313
622.77	0.0294175
622.905	0.0289589
623.04	0.0296141
623.175	0.0288279
623.31	0.0294831
623.445	0.0296796
623.58	0.029221
623.715	0.0301382
623.85	0.0300727
623.985	0.0300727
624.12	0.0297451
624.255	0.0298107
624.39	0.029221
624.525	0.0288934
624.661	0.0302693
624.796	0.0292865
624.931	0.0282382
625.066	0.0297451
625.201	0.0297451
625.336	0.0300727
625.471	0.0296796
625.606	0.029221
625.741	0.0288279
625.876	0.0296141
626.011	0.0290244
626.146	0.0298107
626.281	0.0290244
626.416	0.0292865
626.551	0.0286313
626.686	0.0302038
626.821	0.0300072
626.956	0.0300072
627.091	0.0296141
627.226	0.0294831
627.361	0.0294175
627.496	0.0302693
627.631	0.029352
627.766	0.0298762
627.901	0.0296141
628.036	0.0299417
628.171	0.0297451
628.307	0.0298107
628.442	0.0292865
628.577	0.0294175
628.712	0.0288934
628.847	0.0291555
628.982	0.0297451
629.117	0.0294175
629.252	0.0306624
629.387	0.0297451
629.522	0.0299417
629.657	0.0289589
629.792	0.0292865
629.927	0.0296796
630.062	0.029352
630.197	0.0289589
630.332	0.029352
630.467	0.0299417
630.602	0.0300072
630.737	0.0286968
630.872	0.0296796
631.007	0.0298107
631.142	0.0296796
631.277	0.0296796
631.412	0.0300727
631.547	0.0301382
631.682	0.0300072
631.817	0.0301382
631.952	0.0296796
632.087	0.0300072
632.222	0.0289589
632.357	0.0295486
632.492	0.0295486
632.627	0.0288279
632.762	0.0302038
632.897	0.0297451
633.032	0.029352
633.167	0.0296796
633.302	0.0299417
633.437	0.0305314
633.572	0.0296796
633.707	0.029352
633.842	0.0298107
633.978	0.0290244
634.113	0.0294831
634.248	0.0299417
634.383	0.0294831
634.518	0.029221
634.653	0.0298107
634.788	0.0282382
634.923	0.0295486
635.058	0.0294175
635.193	0.0290244
635.328	0.0295486
635.463	0.0294175
635.598	0.0295486
635.733	0.0297451
635.868	0.0289589
636.003	0.0290244
636.138	0.0297451
636.273	0.0296141
636.408	0.0296141
636.543	0.0291555
636.678	0.02909
636.813	0.0302693
636.948	0.0297451
637.083	0.0300072
637.218	0.029221
637.353	0.0300727
637.488	0.0298762
637.623	0.0299417
637.758	0.029221
637.893	0.029352
638.028	0.0296796
638.163	0.029221
638.298	0.0300727
638.433	0.029352
638.568	0.0300727
638.703	0.0298762
638.838	0.0292865
638.973	0.0305314
639.108	0.0292865
639.243	0.0290244
639.378	0.029221
639.513	0.0292865
639.648	0.0295486
639.783	0.0296141
639.918	0.0298107
640.053	0.0298762
640.188	0.0300727
640.323	0.0297451
640.458	0.029352
640.593	0.0295486
640.728	0.0297451
640.863	0.0301382
640.998	0.0288934
641.133	0.0288279
641.268	0.0308589
641.403	0.0294831
641.538	0.0294831
641.673	0.0304003
641.808	0.0287624
641.943	0.029352
642.078	0.0295486
642.213	0.0294831
642.348	0.0295486
642.483	0.0288279
642.618	0.029352
642.753	0.0290244
642.888	0.029221
643.023	0.0297451
643.158	0.0302693
643.293	0.0292865
643.428	0.0294175
643.563	0.0297451
643.698	0.0301382
643.833	0.0296796
643.968	0.0294175
644.103	0.0294831
644.237	0.0290244
644.372	0.0295486
644.507	0.0299417
644.642	0.0290244
644.777	0.0298107
644.912	0.0292865
645.047	0.029352
645.182	0.0298762
645.317	0.0294831
645.452	0.0300727
645.587	0.0301382
645.722	0.0283693
645.857	0.0291555
645.992	0.0297451
646.127	0.0296796
646.262	0.0307279
646.397	0.0298762
646.532	0.0307279
646.667	0.0298762
646.802	0.0297451
646.937	0.0287624
647.072	0.0302693
647.207	0.0300727
647.342	0.0301382
647.477	0.0294175
647.612	0.0302038
647.747	0.0279762
647.882	0.0299417
648.017	0.0296141
648.152	0.0298107
648.287	0.0300727
648.422	0.0296141
648.557	0.0285658
648.692	0.0295486
648.827	0.0306624
648.962	0.0296796
649.097	0.0292865
649.232	0.0302693
649.367	0.029221
649.502	0.0285003
649.637	0.0295486
649.772	0.0289589
649.906	0.0296141
650.041	0.0298107
650.176	0.0298762
650.311	0.0291555
650.446	0.0296141
650.581	0.0304003
650.716	0.0292865
650.851	0.0296796
650.986	0.0298107
651.121	0.0302038
651.256	0.0295486
651.391	0.029352
651.526	0.0295486
651.661	0.0305969
651.796	0.0292865
651.931	0.0303348
652.066	0.0300072
652.201	0.0302693
652.336	0.0291555
652.471	0.0300727
652.606	0.0304003
652.741	0.0292865
652.876	0.031121
653.011	0.0300072
653.146	0.0300727
653.281	0.0299417
653.415	0.0297451
653.55	0.0299417
653.685	0.0301382
653.82	0.0286968
653.955	0.0294175
654.09	0.0301382
654.225	0.0300072
654.36	0.0286968
654.495	0.0298762
654.63	0.0295486
654.765	0.0294831
654.9	0.0302693
655.035	0.0300072
655.17	0.02909
655.305	0.0303348
655.44	0.0299417
655.575	0.0288934
655.71	0.02909
655.845	0.0298762
655.98	0.0298762
656.115	0.0286313
656.25	0.0294175
656.384	0.0304003
656.519	0.0300072
656.654	0.0292865
656.789	0.0298107
656.924	0.0292865
657.059	0.0300727
657.194	0.0304658
657.329	0.0303348
657.464	0.0302038
657.599	0.0295486
657.734	0.0302038
657.869	0.0294175
658.004	0.0304658
658.139	0.0300727
658.274	0.0297451
658.409	0.0301382
658.544	0.0303348
658.679	0.0298762
658.813	0.0302693
658.948	0.0299417
659.083	0.0298762
659.218	0.0300727
659.353	0.0291555
659.488	0.0296141
659.623	0.0303348
659.758	0.0296141
659.893	0.029352
660.028	0.0287624
660.163	0.0294175
660.298	0.0300072
660.433	0.0299417
660.568	0.0289589
660.703	0.0295486
660.838	0.029352
660.972	0.0298762
661.107	0.0292865
661.242	0.0299417
661.377	0.0303348
661.512	0.0295486
661.647	0.0294175
661.782	0.029221
661.917	0.0295486
662.052	0.0303348
662.187	0.0301382
662.322	0.0300727
662.457	0.0288934
662.592	0.0289589
662.727	0.0303348
662.862	0.0301382
662.996	0.0304658
663.131	0.0298107
663.266	0.0296141
663.401	0.0294831
663.536	0.0300072
663.671	0.0290244
663.806	0.0289589
663.941	0.0306624
664.076	0.0296141
664.211	0.0290244
664.346	0.029352
664.481	0.0305314
664.616	0.0296141
664.75	0.0296796
664.885	0.0300727
665.02	0.0288934
665.155	0.0296796
665.29	0.0294175
665.425	0.0296141
665.56	0.0301382
665.695	0.0298762
665.83	0.0302038
665.965	0.0287624
666.1	0.029221
666.235	0.0303348
666.37	0.0292865
666.504	0.0300072
666.639	0.0300072
666.774	0.0295486
666.909	0.0298107
667.044	0.0304003
667.179	0.0296796
667.314	0.029221
667.449	0.0299417
667.584	0.0295486
667.719	0.0292865
667.854	0.0298107
667.989	0.0288934
668.123	0.029352
668.258	0.0299417
668.393	0.0299417
668.528	0.0299417
668.663	0.0287624
668.798	0.0298107
668.933	0.0297451
669.068	0.0306624
669.203	0.0295486
669.338	0.0288934
669.473	0.029221
669.607	0.0300727
669.742	0.029352
669.877	0.0302038
670.012	0.0291555
670.147	0.0301382
670.282	0.0310555
670.417	0.029221
670.552	0.0298762
670.687	0.0288934
670.822	0.0296141
670.957	0.0305314
671.091	0.0290244
671.226	0.0300072
671.361	0.0301382
671.496	0.0300727
671.631	0.0294831
671.766	0.0294175
671.901	0.0299417
672.036	0.0290244
672.171	0.0307934
672.306	0.0288279
672.44	0.0309245
672.575	0.0295486
672.71	0.0302693
672.845	0.0300072
672.98	0.0296141
673.115	0.0300727
673.25	0.0297451
673.385	0.0308589
673.52	0.0297451
673.655	0.0288934
673.789	0.0295486
673.924	0.0298107
674.059	0.0302693
674.194	0.029221
674.329	0.0300072
674.464	0.0300072
674.599	0.0302693
674.734	0.0290244
674.869	0.0296141
675.003	0.0296141
675.138	0.0295486
675.273	0.0296796
675.408	0.029221
675.543	0.0294175
675.678	0.0298107
675.813	0.0294831
675.948	0.0303348
676.083	0.0303348
676.217	0.0298107
676.352	0.0300072
676.487	0.0302038
676.622	0.0298762
676.757	0.0294175
676.892	0.0294831
677.027	0.0295486
677.162	0.029221
677.297	0.0292865
677.431	0.0295486
677.566	0.0292865
677.701	0.0295486
677.836	0.0288934
677.971	0.0287624
678.106	0.0307279
678.241	0.0308589
678.376	0.0294175
678.511	0.0291555
678.645	0.0294175
678.78	0.0299417
678.915	0.0298107
679.05	0.0296141
679.185	0.0303348
679.32	0.0300072
679.455	0.0294831
679.59	0.0298762
679.724	0.0301382
679.859	0.0300072
679.994	0.0287624
680.129	0.0296796
680.264	0.0294175
680.399	0.0296796
680.534	0.0299417
680.669	0.0303348
680.803	0.0298107
680.938	0.0294175
681.073	0.0295486
681.208	0.0294831
681.343	0.0298762
681.478	0.0290244
681.613	0.0299417
681.748	0.0298107
681.882	0.0306624
682.017	0.0297451
682.152	0.0294175
682.287	0.0301382
682.422	0.0288279
682.557	0.0296796
682.692	0.02909
682.827	0.0307279
682.961	0.0310555
683.096	0.0291555
683.231	0.0296796
683.366	0.0283037
683.501	0.0300072
683.636	0.0300727
683.771	0.0296796
683.906	0.0295486
684.04	0.0288934
684.175	0.0286313
684.31	0.0298107
684.445	0.0302693
684.58	0.0300072
684.715	0.0291555
684.85	0.0295486
684.984	0.0304658
685.119	0.0289589
685.254	0.0289589
685.389	0.0294175
685.524	0.0295486
685.659	0.0294831
685.794	0.02909
685.928	0.0299417
686.063	0.029352
686.198	0.0297451
686.333	0.0297451
686.468	0.0300727
686.603	0.0294175
686.738	0.0297451
686.872	0.0296796
687.007	0.0299417
687.142	0.0296796
687.277	0.0302038
687.412	0.0302693
687.547	0.0310555
687.682	0.0298762
687.816	0.0292865
687.951	0.029221
688.086	0.0311865
688.221	0.0303348
688.356	0.029221
688.491	0.0300072
688.626	0.0294831
688.76	0.0296796
688.895	0.0301382
689.03	0.0286968
689.165	0.0298107
689.3	0.0292865
689.435	0.0288934
689.57	0.0286968
689.704	0.0284348
689.839	0.0305969
689.974	0.0305314
690.109	0.0294831
690.244	0.0288934
690.379	0.0302038
690.513	0.0296796
690.648	0.0300727
690.783	0.0294175
690.918	0.0296796
691.053	0.0300072
691.188	0.0297451
691.323	0.029352
691.457	0.0299417
691.592	0.0298762
691.727	0.029352
691.862	0.0285658
691.997	0.0294175
692.132	0.0295486
692.266	0.0302038
692.401	0.0300727
692.536	0.0296141
692.671	0.0298762
692.806	0.0295486
692.941	0.0300727
693.075	0.0304658
693.21	0.0298762
693.345	0.0294175
693.48	0.0297451
693.615	0.0292865
693.75	0.0299417
693.885	0.0298107
694.019	0.02909
694.154	0.0298107
694.289	0.0288279
694.424	0.0297451
694.559	0.0291555
694.694	0.0297451
694.828	0.029221
694.963	0.0285003
695.098	0.0296141
695.233	0.0300727
695.368	0.0294831
695.503	0.0300072
695.637	0.0287624
695.772	0.0296796
695.907	0.0302693
696.042	0.0296796
696.177	0.0286313
696.312	0.0298107
696.446	0.0299417
696.581	0.0288934
696.716	0.0295486
696.851	0.0299417
696.986	0.029221
697.12	0.0294175
697.255	0.0294831
697.39	0.0292865
697.525	0.0292865
697.66	0.0300727
697.795	0.0285658
697.929	0.0289589
698.064	0.0296796
698.199	0.0288279
698.334	0.0298107
698.469	0.0298762
698.604	0.0296796
698.738	0.0297451
698.873	0.0307279
699.008	0.0298107
699.143	0.0286313
699.278	0.0294175
699.412	0.0289589
699.547	0.029352
699.682	0.0300072
699.817	0.0304003
699.952	0.0301382
700.087	0.0284348
700.221	0.0296796
700.356	0.029352
700.491	0.0298762
700.626	0.0296141
700.761	0.0291555
700.895	0.0300072
701.03	0.0298762
701.165	0.0295486
701.3	0.0298107
701.435	0.0292865
701.57	0.0300727
701.704	0.0294831
701.839	0.0286313
701.974	0.029352
702.109	0.0300727
702.244	0.0296141
702.378	0.0304003
702.513	0.0302693
702.648	0.0292865
702.783	0.0288934
702.918	0.0294831
703.052	0.0291555
703.187	0.0300072
703.322	0.0296141
703.457	0.0294175
703.592	0.0302038
703.727	0.0296796
703.861	0.0288934
703.996	0.0298762
704.131	0.0290244
704.266	0.0294831
704.401	0.0299417
704.535	0.029352
704.67	0.0297451
704.805	0.0294175
704.94	0.0306624
705.075	0.029221
705.209	0.0288279
705.344	0.0299417
705.479	0.0296141
705.614	0.02909
705.749	0.029221
705.883	0.0291555
706.018	0.0297451
706.153	0.0298762
706.288	0.02909
706.423	0.0302038
706.557	0.0288934
706.692	0.0294831
706.827	0.0295486
706.962	0.0299417
707.097	0.0302693
707.231	0.029352
707.366	0.0298107
707.501	0.0301382
707.636	0.0300727
707.771	0.0307934
707.905	0.0295486
708.04	0.0296141
708.175	0.029352
708.31	0.0294831
708.445	0.0303348
708.579	0.02909
708.714	0.0296141
708.849	0.0286968
708.984	0.0304003
709.118	0.0294831
709.253	0.029221
709.388	0.0303348
709.523	0.0298107
709.658	0.0294831
709.792	0.0296796
709.927	0.029352
710.062	0.0290244
710.197	0.0304003
710.332	0.0295486
710.466	0.0296796
710.601	0.0294175
710.736	0.0300072
710.871	0.0292865
711.006	0.0303348
711.14	0.0288279
711.275	0.0307279
711.41	0.029221
711.545	0.0294175
711.679	0.0299417
711.814	0.0295486
711.949	0.029352
712.084	0.0305314
712.219	0.0296796
712.353	0.0297451
712.488	0.0289589
712.623	0.0301382
712.758	0.0295486
712.892	0.0304003
713.027	0.0298107
713.162	0.0295486
713.297	0.0289589
713.432	0.0291555
713.566	0.0305314
713.701	0.0300727
713.836	0.0298107
713.971	0.0298762
714.105	0.0294175
714.24	0.0286313
714.375	0.0298762
714.51	0.0294831
714.645	0.0305314
714.779	0.0298107
714.914	0.029221
715.049	0.0300072
715.184	0.0296141
715.318	0.0303348
715.453	0.0289589
715.588	0.0292865
715.723	0.0304003
715.858	0.0294175
715.992	0.0296796
716.127	0.0292865
716.262	0.0296796
716.397	0.0300072
716.531	0.029352
716.666	0.0296796
716.801	0.0296796
716.936	0.0305314
717.07	0.0300072
717.205	0.0296141
717.34	0.0302038
717.475	0.0294831
717.61	0.0298107
717.744	0.0288279
717.879	0.0300072
718.014	0.0296796
718.149	0.0300727
718.283	0.0297451
718.418	0.0295486
718.553	0.0302693
718.688	0.0304658
718.822	0.029352
718.957	0.03099
719.092	0.0298107
719.227	0.0306624
719.361	0.0295486
719.496	0.0300072
719.631	0.0288279
719.766	0.0294175
719.9	0.0294831
720.035	0.0299417
720.17	0.0300727
720.305	0.0300727
720.44	0.0305314
720.574	0.0296141
720.709	0.0303348
720.844	0.0297451
720.979	0.0286313
721.113	0.0282382
721.248	0.0290244
721.383	0.0298107
721.518	0.0304003
721.652	0.0296796
721.787	0.0299417
721.922	0.0303348
722.057	0.0295486
722.191	0.0299417
722.326	0.0296796
722.461	0.029221
722.596	0.0296796
722.73	0.0281727
722.865	0.0303348
723	0.029352
723.135	0.029221
723.269	0.0294831
723.404	0.0290244
723.539	0.0297451
723.674	0.0299417
723.808	0.0303348
723.943	0.0298762
724.078	0.0291555
724.213	0.0291555
724.347	0.0302038
724.482	0.0300072
724.617	0.0296141
724.752	0.0298762
724.886	0.0292865
725.021	0.0300727
725.156	0.029221
725.291	0.0291555
725.425	0.0297451
725.56	0.0300072
725.695	0.0292865
725.829	0.0290244
725.964	0.029221
726.099	0.0306624
726.234	0.0296796
726.368	0.029352
726.503	0.0295486
726.638	0.0288934
726.773	0.0291555
726.907	0.02909
727.042	0.0287624
727.177	0.0298107
727.312	0.0296141
727.446	0.0300727
727.581	0.02909
727.716	0.0302038
727.851	0.0300072
727.985	0.0296796
728.12	0.0294175
728.255	0.0300727
728.389	0.0294175
728.524	0.0298107
728.659	0.0300727
728.794	0.0283037
728.928	0.0285003
729.063	0.02909
729.198	0.0297451
729.333	0.0297451
729.467	0.0299417
729.602	0.0298107
729.737	0.029221
729.872	0.0298762
730.006	0.0303348
730.141	0.0297451
730.276	0.0298107
730.41	0.0292865
730.545	0.0303348
730.68	0.0300727
730.815	0.0296141
730.949	0.0298107
731.084	0.0296141
731.219	0.0294831
731.354	0.0295486
731.488	0.0303348
731.623	0.0294831
731.758	0.0300072
731.892	0.0294175
732.027	0.0299417
732.162	0.0294175
732.297	0.0303348
732.431	0.029221
732.566	0.0297451
732.701	0.0297451
732.835	0.0299417
732.97	0.0298762
733.105	0.0288934
733.24	0.0298107
733.374	0.0302038
733.509	0.029221
733.644	0.0302038
733.779	0.0309245
733.913	0.0301382
734.048	0.0288279
734.183	0.0294831
734.317	0.0296796
734.452	0.0300072
734.587	0.0302693
734.722	0.0295486
734.856	0.0295486
734.991	0.0308589
735.126	0.0298762
735.26	0.0297451
735.395	0.0287624
735.53	0.0298107
735.665	0.029221
735.799	0.0295486
735.934	0.0300072
736.069	0.0303348
736.203	0.0298107
736.338	0.0303348
736.473	0.029221
736.607	0.0296141
736.742	0.029352
736.877	0.0289589
737.012	0.0296796
737.146	0.0307934
737.281	0.0301382
737.416	0.0297451
737.55	0.0290244
737.685	0.0304003
737.82	0.0302038
737.955	0.0302038
738.089	0.0303348
738.224	0.029352
738.359	0.0290244
738.493	0.0287624
738.628	0.029352
738.763	0.0292865
738.897	0.02909
739.032	0.0299417
739.167	0.0294831
739.302	0.0302693
739.436	0.0300072
739.571	0.0296141
739.706	0.0302693
739.84	0.0298107
739.975	0.0302693
740.11	0.029352
740.244	0.0300727
740.379	0.0297451
740.514	0.0295486
740.649	0.029221
740.783	0.0289589
740.918	0.031121
741.053	0.0288934
741.187	0.02909
741.322	0.0299417
741.457	0.0299417
741.591	0.0297451
741.726	0.0296796
741.861	0.0298107
741.996	0.0297451
742.13	0.0292865
742.265	0.0298762
742.4	0.0289589
742.534	0.0298107
742.669	0.0302693
742.804	0.0296141
742.938	0.029352
743.073	0.0290244
743.208	0.0294831
743.342	0.0294175
743.477	0.0288279
743.612	0.0298107
743.747	0.0288279
743.881	0.0294175
744.016	0.0298107
744.151	0.0300727
744.285	0.0298107
744.42	0.0305969
744.555	0.029352
744.689	0.0298762
744.824	0.0294175
744.959	0.0291555
745.093	0.0300727
745.228	0.02909
745.363	0.0294831
745.497	0.0305314
745.632	0.029352
745.767	0.0300727
745.901	0.0292865
746.036	0.0290244
746.171	0.0303348
746.305	0.0298107
746.44	0.0298107
746.575	0.0305969
746.71	0.0292865
746.844	0.0301382
746.979	0.0292865
747.114	0.0298107
747.248	0.0288934
747.383	0.0294175
747.518	0.0304658
747.652	0.0306624
747.787	0.0295486
747.922	0.0300072
748.056	0.0302038
748.191	0.0294175
748.326	0.0299417
748.46	0.0301382
748.595	0.0305969
748.73	0.0300072
748.864	0.0294175
748.999	0.0295486
749.134	0.0299417
749.268	0.0305314
749.403	0.0291555
749.538	0.029221
749.672	0.0294175
749.807	0.0303348
749.942	0.02909
750.076	0.0299417
750.211	0.0294175
750.346	0.0297451
750.48	0.0300072
750.615	0.0297451
750.75	0.0283693
750.884	0.0298107
751.019	0.0297451
751.154	0.0296796
751.288	0.0296141
751.423	0.029352
751.558	0.0310555
751.692	0.029352
751.827	0.0294175
751.962	0.0295486
752.096	0.0300727
752.231	0.031121
752.366	0.0296796
752.5	0.029352
752.635	0.0294831
752.77	0.0300072
752.904	0.0294175
753.039	0.0291555
753.174	0.0295486
753.308	0.0299417
753.443	0.0298107
753.578	0.0297451
753.712	0.029221
753.847	0.0301382
753.982	0.029221
754.116	0.0295486
754.251	0.0289589
754.386	0.0297451
754.52	0.0298107
754.655	0.0297451
754.79	0.0290244
754.924	0.0294831
755.059	0.0288934
755.194	0.0305314
755.328	0.0294175
755.463	0.0296141
755.597	0.0304003
755.732	0.0302038
755.867	0.0301382
756.001	0.0298107
756.136	0.0294175
756.271	0.0286968
756.405	0.0299417
756.54	0.0296141
756.675	0.0298762
756.809	0.0299417
756.944	0.0297451
757.079	0.0306624
757.213	0.0289589
757.348	0.0296796
757.483	0.0290244
757.617	0.0296796
757.752	0.0295486
757.887	0.0298762
758.021	0.0294175
758.156	0.0296141
758.29	0.0302038
758.425	0.0296141
758.56	0.0295486
758.694	0.0296141
758.829	0.0295486
758.964	0.0300072
759.098	0.0296796
759.233	0.0299417
759.368	0.0294831
759.502	0.0306624
759.637	0.0300727
759.772	0.0298107
759.906	0.0302038
760.041	0.0302693
760.175	0.0297451
760.31	0.0294831
760.445	0.0296796
760.579	0.0288934
760.714	0.0302693
760.849	0.0302693
760.983	0.0303348
761.118	0.0301382
761.253	0.0294831
761.387	0.0295486
761.522	0.0283693
761.656	0.0290244
761.791	0.0301382
761.926	0.0302693
762.06	0.0294831
762.195	0.0292865
762.33	0.0294175
762.464	0.0300727
762.599	0.0300072
762.733	0.0298107
762.868	0.0303348
763.003	0.0294175
763.137	0.0283037
763.272	0.029352
763.407	0.0280417
763.541	0.0294175
763.676	0.0291555
763.811	0.0292865
763.945	0.0287624
764.08	0.0302693
764.214	0.0300072
764.349	0.0297451
764.484	0.0302038
764.618	0.0296141
764.753	0.02909
764.888	0.0300072
765.022	0.0296796
765.157	0.0288279
765.291	0.0310555
765.426	0.0299417
765.561	0.0304658
765.695	0.0296141
765.83	0.0291555
765.965	0.0283037
766.099	0.0294831
766.234	0.0295486
766.368	0.0294175
766.503	0.0301382
766.638	0.0295486
766.772	0.0292865
766.907	0.0297451
767.041	0.0291555
767.176	0.0290244
767.311	0.0294831
767.445	0.0298107
767.58	0.0286968
767.715	0.0296796
767.849	0.0298107
767.984	0.0289589
768.118	0.0300072
768.253	0.0287624
768.388	0.0296796
768.522	0.0294175
768.657	0.0299417
768.791	0.0294175
768.926	0.0299417
769.061	0.0297451
769.195	0.0301382
769.33	0.0294175
769.465	0.0297451
769.599	0.029352
769.734	0.0300727
769.868	0.0294831
770.003	0.0300072
770.138	0.0296141
770.272	0.0297451
770.407	0.0305314
770.541	0.0299417
770.676	0.0287624
770.811	0.0297451
770.945	0.0295486
771.08	0.0292865
771.214	0.0294831
771.349	0.0290244
771.484	0.0301382
771.618	0.0304658
771.753	0.0299417
771.887	0.0298762
772.022	0.0301382
772.157	0.0302038
772.291	0.029221
772.426	0.0305314
772.56	0.0291555
772.695	0.0291555
772.83	0.0295486
772.964	0.0294831
773.099	0.0298107
773.233	0.0296141
773.368	0.029352
773.503	0.0297451
773.637	0.0300727
773.772	0.0292865
773.906	0.029352
774.041	0.0309245
774.176	0.0301382
774.31	0.0300072
774.445	0.0288934
774.579	0.0297451
774.714	0.0296796
774.849	0.0294831
774.983	0.0296796
775.118	0.029221
775.252	0.0289589
775.387	0.0282382
775.522	0.029221
775.656	0.0298107
775.791	0.0277141
775.925	0.0302038
776.06	0.0304658
776.195	0.0301382
776.329	0.0300727
776.464	0.0300072
776.598	0.0296141
776.733	0.0301382
776.868	0.029221
777.002	0.0294831
777.137	0.0297451
777.271	0.0288279
777.406	0.0288279
777.54	0.0302693
777.675	0.0286313
777.81	0.029221
777.944	0.0296141
778.079	0.0292865
778.213	0.0292865
778.348	0.0298107
778.483	0.0301382
778.617	0.02909
778.752	0.0286313
778.886	0.0299417
779.021	0.0303348
779.155	0.0300072
779.29	0.0295486
779.425	0.0298762
779.559	0.0305969
779.694	0.029352
779.828	0.029352
779.963	0.0303348
780.098	0.0307279
780.232	0.0300072
780.367	0.029352
780.501	0.02909
780.636	0.0296141
780.77	0.029221
780.905	0.0294175
781.04	0.0297451
781.174	0.0288279
781.309	0.0300727
781.443	0.0297451
781.578	0.0295486
781.712	0.0295486
781.847	0.0287624
781.982	0.0302038
782.116	0.0301382
782.251	0.0296796
782.385	0.029221
782.52	0.0304003
782.654	0.0300727
782.789	0.0290244
782.924	0.02909
783.058	0.0298107
783.193	0.0287624
783.327	0.0299417
783.462	0.0307279
783.596	0.0298762
783.731	0.0292865
783.866	0.0295486
784	0.0292865
784.135	0.029352
784.269	0.029221
784.404	0.0300072
784.538	0.0291555
784.673	0.0288934
784.808	0.0306624
784.942	0.0290244
785.077	0.0302038
785.211	0.0300072
785.346	0.0295486
785.48	0.0292865
785.615	0.0299417
785.75	0.0290244
785.884	0.0299417
786.019	0.0298107
786.153	0.0304003
786.288	0.0296796
786.422	0.0295486
786.557	0.0289589
786.691	0.0294175
786.826	0.0294831
786.961	0.0300727
787.095	0.0294175
787.23	0.0287624
787.364	0.0295486
787.499	0.029221
787.633	0.029221
787.768	0.0296796
787.902	0.0292865
788.037	0.0299417
788.172	0.0286968
788.306	0.0303348
788.441	0.029352
788.575	0.0296141
788.71	0.0284348
788.844	0.0296796
788.979	0.0297451
789.113	0.0298107
789.248	0.0302693
789.383	0.0300727
789.517	0.0296796
789.652	0.0296796
789.786	0.0297451
789.921	0.0299417
790.055	0.0296141
790.19	0.0298107
790.324	0.0306624
790.459	0.029221
790.594	0.0301382
790.728	0.0298107
790.863	0.0297451
790.997	0.0305314
791.132	0.0295486
791.266	0.0300072
791.401	0.0294175
791.535	0.0307934
791.67	0.0301382
791.804	0.0298762
791.939	0.0303348
792.074	0.0300072
792.208	0.0300727
792.343	0.0296796
792.477	0.029221
792.612	0.0300727
792.746	0.0296141
792.881	0.0297451
793.015	0.0302038
793.15	0.029352
793.284	0.0291555
793.419	0.0295486
793.553	0.0302693
793.688	0.0290244
793.823	0.0288934
793.957	0.0303348
794.092	0.0301382
794.226	0.0292865
794.361	0.029352
794.495	0.0298107
794.63	0.0297451
794.764	0.0297451
794.899	0.0295486
795.033	0.0300727
795.168	0.0294175
795.302	0.0304658
795.437	0.0295486
795.572	0.029221
795.706	0.0296796
795.841	0.0296141
795.975	0.0294831
796.11	0.0292865
796.244	0.0304003
796.379	0.0294831
796.513	0.0300072
796.648	0.0294831
796.782	0.0303348
796.917	0.0292865
797.051	0.0307279
797.186	0.029221
797.32	0.0303348
797.455	0.0296796
797.589	0.0306624
797.724	0.0306624
797.859	0.0301382
797.993	0.0300727
798.128	0.0305969
798.262	0.0305314
798.397	0.0307279
798.531	0.0300072
798.666	0.0288934
798.8	0.0297451
798.935	0.0299417
799.069	0.0296796
799.204	0.0297451
799.338	0.0294175
799.473	0.0299417
799.607	0.0302038
799.742	0.0288279
799.876	0.0298107
800.011	0.0289589
800.145	0.0299417
800.28	0.0296141
800.414	0.0295486
800.549	0.0303348
800.683	0.029221
800.818	0.0300072
800.953	0.0296141
801.087	0.029221
801.222	0.0302693
801.356	0.0304003
801.491	0.0300727
801.625	0.0295486
801.76	0.029221
801.894	0.0292865
802.029	0.0298107
802.163	0.0303348
802.298	0.0298107
802.432	0.0304658
802.567	0.0292865
802.701	0.0306624
802.836	0.0307279
802.97	0.0291555
803.105	0.031121
803.239	0.0299417
803.374	0.0300072
803.508	0.0305969
803.643	0.029352
803.777	0.0300727
803.912	0.0305314
804.046	0.0307279
804.181	0.0298762
804.315	0.0300072
804.45	0.0307934
804.584	0.0302038
804.719	0.0298762
804.853	0.0304658
804.988	0.0296796
805.122	0.0295486
805.257	0.0314486
805.391	0.0305314
805.526	0.0305314
805.66	0.0304658
805.795	0.0305969
805.929	0.0302038
806.064	0.0313831
806.198	0.0300727
806.333	0.0305314
806.467	0.0315141
806.602	0.0316452
806.736	0.0309245
806.871	0.0305969
807.005	0.0310555
807.14	0.0319727
807.274	0.0316452
807.409	0.0318417
807.543	0.0308589
807.678	0.0315796
807.812	0.0311865
807.947	0.0315796
808.081	0.0324969
808.216	0.0342004
808.35	0.0330865
808.485	0.03289
808.619	0.0340038
808.754	0.0338728
808.888	0.0342004
809.023	0.0345279
809.157	0.0359038
809.292	0.0358383
809.426	0.0362969
809.561	0.0377383
809.695	0.0379349
809.83	0.0387866
809.964	0.0401625
810.099	0.0452074
810.233	0.0539212
810.368	0.0748215
810.502	0.114394
810.637	0.163467
810.771	0.208413
810.906	0.278713
811.04	0.455808
811.175	0.548254
811.309	0.470746
811.444	0.428225
811.578	0.573937
811.713	0.970648
811.847	0.933827
811.982	0.774815
812.116	1
812.251	0.834895
812.385	0.322217
812.519	0.217388
812.654	0.203826
812.788	0.129857
812.923	0.0600799
813.057	0.0397039
813.192	0.036559
813.326	0.0349866
813.461	0.034659
813.595	0.0338728
813.73	0.0334797
813.864	0.0328245
813.999	0.0332176
814.133	0.0331521
814.268	0.0334141
814.402	0.0329555
814.537	0.0322348
814.671	0.0325624
814.806	0.0324969
814.94	0.0317762
815.075	0.0318417
815.209	0.031121
815.344	0.0311865
815.478	0.0319727
815.612	0.0300727
815.747	0.0316452
815.881	0.0308589
816.016	0.0306624
816.15	0.0307934
816.285	0.0298762
816.419	0.0300727
816.554	0.0308589
816.688	0.0309245
816.823	0.0305969
816.957	0.0308589
817.092	0.0302693
817.226	0.0303348
817.361	0.0308589
817.495	0.031121
817.63	0.0300072
817.764	0.0308589
817.898	0.0301382
818.033	0.0298762
818.167	0.0305969
818.302	0.0297451
818.436	0.0292865
818.571	0.0302038
818.705	0.0302038
818.84	0.0296796
818.974	0.0298107
819.109	0.0300727
819.243	0.0303348
819.378	0.0304003
819.512	0.0301382
819.646	0.0307934
819.781	0.0304003
819.915	0.0305314
820.05	0.0295486
820.184	0.0298107
820.319	0.0300072
820.453	0.0300072
820.588	0.0303348
820.722	0.0295486
820.857	0.031252
820.991	0.0294175
821.126	0.0300072
821.26	0.0301382
821.394	0.0291555
821.529	0.029352
821.663	0.0304003
821.798	0.0299417
821.932	0.0294831
822.067	0.0300727
822.201	0.0299417
822.336	0.0313831
822.47	0.02909
822.605	0.029221
822.739	0.0288934
822.873	0.0307279
823.008	0.0302038
823.142	0.0304003
823.277	0.0294831
823.411	0.0294831
823.546	0.0298762
823.68	0.0286968
823.815	0.0301382
823.949	0.0288934
824.083	0.0299417
824.218	0.0301382
824.352	0.0298107
824.487	0.0294831
824.621	0.0302693
824.756	0.0301382
824.89	0.0294175
825.025	0.029221
825.159	0.029221
825.293	0.0304003
825.428	0.0292865
825.562	0.0298762
825.697	0.0297451
825.831	0.0295486
825.966	0.0297451
826.1	0.0292865
826.235	0.0296141
826.369	0.0298762
826.503	0.0300072
826.638	0.0297451
826.772	0.0297451
826.907	0.0300072
827.041	0.0290244
827.176	0.0302038
827.31	0.0306624
827.445	0.0301382
827.579	0.0296141
827.713	0.0295486
827.848	0.0288934
827.982	0.0302038
828.117	0.0295486
828.251	0.0296796
828.386	0.0296141
828.52	0.0301382
828.654	0.0295486
828.789	0.0298107
828.923	0.0302038
829.058	0.0294175
829.192	0.0300727
829.327	0.0295486
829.461	0.0297451
829.596	0.0298762
829.73	0.0294831
829.864	0.0296141
829.999	0.0289589
830.133	0.0297451
830.268	0.0294175
830.402	0.0286313
830.537	0.0295486
830.671	0.0296796
830.805	0.0304658
830.94	0.0305314
831.074	0.0294175
831.209	0.0295486
831.343	0.0295486
831.478	0.0296796
831.612	0.0305969
831.746	0.0298762
831.881	0.0300072
832.015	0.0292865
832.15	0.0300727
832.284	0.0292865
832.418	0.0301382
832.553	0.0295486
832.687	0.0302693
832.822	0.0298107
832.956	0.0296141
833.091	0.0296796
833.225	0.0298762
833.359	0.0305314
833.494	0.029352
833.628	0.0296141
833.763	0.0296796
833.897	0.0295486
834.032	0.0301382
834.166	0.0304003
834.3	0.0298762
834.435	0.0296141
834.569	0.0300727
834.704	0.0303348
834.838	0.0294831
834.972	0.0302038
835.107	0.0295486
835.241	0.0294831
835.376	0.0302038
835.51	0.0292865
835.645	0.0299417
835.779	0.029352
835.913	0.0297451
836.048	0.0286968
836.182	0.0292865
836.317	0.0286968
836.451	0.0292865
836.585	0.0288934
836.72	0.0300072
836.854	0.0298762
836.989	0.0289589
837.123	0.0292865
837.257	0.0292865
837.392	0.0305314
837.526	0.0294175
837.661	0.029221
837.795	0.0301382
837.929	0.0300072
838.064	0.0299417
838.198	0.0286313
838.333	0.0296796
838.467	0.0295486
838.602	0.02909
838.736	0.0300727
838.87	0.0302038
839.005	0.0289589
839.139	0.0298762
839.274	0.0303348
839.408	0.0298762
839.542	0.0290244
839.677	0.0294831
839.811	0.0298107
839.946	0.029221
840.08	0.029221
840.214	0.0301382
840.349	0.0300072
840.483	0.0289589
840.618	0.0291555
840.752	0.0300727
840.886	0.0296141
841.021	0.0306624
841.155	0.0301382
841.29	0.0302038
841.424	0.029221
841.558	0.0282382
841.693	0.0302038
841.827	0.0299417
841.961	0.0291555
842.096	0.0300727
842.23	0.0301382
842.365	0.0292865
842.499	0.0298107
842.633	0.0297451
842.768	0.0294831
842.902	0.0301382
843.037	0.0302038
843.171	0.0300072
843.305	0.0294175
843.44	0.0285003
843.574	0.0304003
843.709	0.0302038
843.843	0.0283037
843.977	0.0296796
844.112	0.0298762
844.246	0.0304003
844.381	0.0297451
844.515	0.0292865
844.649	0.0298762
844.784	0.0298107
844.918	0.0292865
845.052	0.0294831
845.187	0.0303348
845.321	0.0297451
845.456	0.0298107
845.59	0.0298107
845.724	0.029352
845.859	0.0300727
845.993	0.0290244
846.128	0.0295486
846.262	0.0298762
846.396	0.0294831
846.531	0.0302038
846.665	0.0286968
846.799	0.0290244
846.934	0.0287624
847.068	0.0304003
847.203	0.0294175
847.337	0.0297451
847.471	0.0302693
847.606	0.0297451
847.74	0.0288279
847.874	0.0296796
848.009	0.0300072
848.143	0.0294175
848.278	0.0301382
848.412	0.0302693
848.546	0.0300072
848.681	0.0299417
848.815	0.0294175
848.949	0.0296141
849.084	0.0292865
849.218	0.0292865
849.353	0.0286968
849.487	0.0300727
849.621	0.0309245
849.756	0.029352
849.89	0.029352
850.024	0.0292865
850.159	0.0296141
850.293	0.0298107
850.428	0.0297451
850.562	0.0299417
850.696	0.0299417
850.831	0.0306624
850.965	0.0307279
851.099	0.0295486
851.234	0.0296141
851.368	0.0297451
851.502	0.029221
851.637	0.0295486
851.771	0.0305969
851.906	0.029221
852.04	0.0294831
852.174	0.0298107
852.309	0.0298107
852.443	0.0304003
852.577	0.029221
852.712	0.029352
852.846	0.0305969
852.98	0.0301382
853.115	0.0291555
853.249	0.0299417
853.384	0.02909
853.518	0.0298762
853.652	0.0304003
853.787	0.0296141
853.921	0.0295486
854.055	0.0295486
854.19	0.0298762
854.324	0.0288279
854.458	0.0294175
854.593	0.0294831
854.727	0.0286968
854.861	0.029352
854.996	0.0298762
855.13	0.029221
855.265	0.0291555
855.399	0.0294831
855.533	0.0296141
855.668	0.0288279
855.802	0.0296796
855.936	0.0307279
856.071	0.0283693
856.205	0.0309245
856.339	0.0297451
856.474	0.03099
856.608	0.0288934
856.742	0.0297451
856.877	0.02909
857.011	0.0296141
857.145	0.0298107
857.28	0.0300072
857.414	0.0296141
857.549	0.0303348
857.683	0.029352
857.817	0.0295486
857.952	0.0295486
858.086	0.029221
858.22	0.0305314
858.355	0.0299417
858.489	0.0301382
858.623	0.0296141
858.758	0.0291555
858.892	0.0290244
859.026	0.0298762
859.161	0.0307934
859.295	0.0296796
859.429	0.0303348
859.564	0.0301382
859.698	0.0297451
859.832	0.0294175
859.967	0.0288934
860.101	0.0288934
860.235	0.0296141
860.37	0.0300727
860.504	0.0286313
860.638	0.0297451
860.773	0.0288279
860.907	0.0296796
861.041	0.0301382
861.176	0.0290244
861.31	0.0305314
861.444	0.0295486
861.579	0.0288934
861.713	0.0300072
861.847	0.0292865
861.982	0.0292865
862.116	0.0297451
862.25	0.0302693
862.385	0.02909
862.519	0.0294831
862.653	0.0297451
862.788	0.0298762
862.922	0.0298762
863.056	0.0302693
863.191	0.0295486
863.325	0.0296796
863.459	0.0295486
863.594	0.0305969
863.728	0.0302038
863.862	0.0297451
863.997	0.0305314
864.131	0.0305969
864.265	0.0290244
864.4	0.029221
864.534	0.0294831
864.668	0.0304658
864.803	0.0298762
864.937	0.0289589
865.071	0.0291555
865.206	0.0296141
865.34	0.0294831
865.474	0.0294175
865.609	0.0288934
865.743	0.0304003
865.877	0.02909
866.012	0.0296141
866.146	0.0290244
866.28	0.0300727
866.415	0.0297451
866.549	0.0288934
866.683	0.0292865
866.818	0.0295486
866.952	0.0294831
867.086	0.0297451
867.221	0.0301382
867.355	0.0298762
867.489	0.0299417
867.623	0.0300072
867.758	0.0285003
867.892	0.0294175
868.026	0.0303348
868.161	0.0292865
868.295	0.029352
868.429	0.0295486
868.564	0.0300072
868.698	0.0291555
868.832	0.0302038
868.967	0.0300727
869.101	0.0283693
869.235	0.0303348
869.37	0.029352
869.504	0.0296141
869.638	0.02909
869.773	0.0302038
869.907	0.0298107
870.041	0.0300072
870.175	0.0288934
870.31	0.0291555
870.444	0.0290244
870.578	0.0296796
870.713	0.0290244
870.847	0.0287624
870.981	0.0300727
871.116	0.0300072
871.25	0.0294831
871.384	0.0300727
871.519	0.0298107
871.653	0.0296796
871.787	0.0296141
871.921	0.0291555
872.056	0.0297451
872.19	0.0298107
872.324	0.0295486
872.459	0.029352
872.593	0.0291555
872.727	0.02909
872.862	0.0291555
872.996	0.0297451
873.13	0.0295486
873.264	0.0292865
873.399	0.0302693
873.533	0.02909
873.667	0.0302693
873.802	0.0300072
873.936	0.0296141
874.07	0.0298762
874.205	0.029221
874.339	0.0296141
874.473	0.0296141
874.607	0.0304003
874.742	0.0289589
874.876	0.0297451
875.01	0.0301382
875.145	0.0298762
875.279	0.0292865
875.413	0.0297451
875.548	0.0294175
875.682	0.0305969
875.816	0.0305314
875.95	0.0301382
876.085	0.029221
876.219	0.0296141
876.353	0.029221
876.488	0.0290244
876.622	0.0289589
876.756	0.0289589
876.89	0.0292865
877.025	0.0296141
877.159	0.0301382
877.293	0.0294831
877.428	0.0298107
877.562	0.0294175
877.696	0.02909
877.83	0.0289589
877.965	0.0298107
878.099	0.0297451
878.233	0.0298107
878.368	0.0297451
878.502	0.0301382
878.636	0.0287624
878.77	0.0289589
878.905	0.0296796
879.039	0.0301382
879.173	0.0296796
879.308	0.0304003
879.442	0.029221
879.576	0.0297451
879.71	0.0300727
879.845	0.0302038
879.979	0.0294831
880.113	0.0297451
880.248	0.0292865
880.382	0.029352
880.516	0.0302693
880.65	0.0292865
880.785	0.0297451
880.919	0.029221
881.053	0.0287624
881.188	0.0292865
881.322	0.0287624
881.456	0.0298107
881.59	0.0298107
881.725	0.0294175
881.859	0.0296141
881.993	0.0298762
882.127	0.029221
882.262	0.0294831
882.396	0.0300072
882.53	0.0294831
882.665	0.0296141
882.799	0.0289589
882.933	0.0299417
883.067	0.0305314
883.202	0.0298107
883.336	0.0296141
883.47	0.0302038
883.604	0.0292865
883.739	0.029221
883.873	0.0296141
884.007	0.02909
884.142	0.0300072
884.276	0.0300727
884.41	0.0296796
884.544	0.0296796
884.679	0.0296141
884.813	0.0296796
884.947	0.0305969
885.081	0.0304003
885.216	0.0299417
885.35	0.0298107
885.484	0.0298762
885.618	0.0294175
885.753	0.0305314
885.887	0.0305314
886.021	0.0298107
886.155	0.0300727
886.29	0.0291555
886.424	0.0295486
886.558	0.0296796
886.693	0.0300072
886.827	0.0304658
886.961	0.0302693
887.095	0.0296796
887.23	0.029352
887.364	0.0296796
887.498	0.0296141
887.632	0.0295486
887.767	0.0300727
887.901	0.0296796
888.035	0.029221
888.169	0.0290244
888.304	0.0287624
888.438	0.029352
888.572	0.0302693
888.706	0.029221
888.841	0.0294175
888.975	0.029352
889.109	0.0290244
889.243	0.0288934
889.378	0.0298762
889.512	0.0294175
889.646	0.0291555
889.78	0.0298762
889.915	0.0304003
890.049	0.0294175
890.183	0.0294831
890.317	0.0294831
890.452	0.0294831
890.586	0.0292865
890.72	0.029221
890.854	0.0291555
890.989	0.0294175
891.123	0.0294831
891.257	0.0300727
891.391	0.0296141
891.526	0.0296141
891.66	0.029352
891.794	0.0292865
891.928	0.0296796
892.063	0.0299417
892.197	0.0298107
892.331	0.0298107
892.465	0.0298107
892.6	0.0302693
892.734	0.0290244
892.868	0.0295486
893.002	0.0286313
893.137	0.0302693
893.271	0.0294831
893.405	0.0294175
893.539	0.0298107
893.674	0.0298762
893.808	0.0296141
893.942	0.0302038
894.076	0.0288934
894.21	0.0294175
894.345	0.0303348
894.479	0.0294175
894.613	0.0296141
894.747	0.0300072
894.882	0.0300072
895.016	0.0294175
895.15	0.0302693
895.284	0.0307934
895.419	0.0287624
895.553	0.0301382
895.687	0.0300727
895.821	0.0296796
895.956	0.0292865
896.09	0.0291555
896.224	0.0302693
896.358	0.0294831
896.492	0.02909
896.627	0.0294831
896.761	0.0305314
896.895	0.0304658
897.029	0.0298107
897.164	0.02909
897.298	0.0294831
897.432	0.0298107
897.566	0.0298762
897.701	0.0299417
897.835	0.0295486
897.969	0.0290244
898.103	0.0299417
898.237	0.0291555
898.372	0.0287624
898.506	0.0310555
898.64	0.0295486
898.774	0.0294831
898.909	0.0298762
899.043	0.0297451
899.177	0.0285658
899.311	0.02909
899.445	0.0294831
899.58	0.0296796
899.714	0.0294175
899.848	0.0302693
899.982	0.0298107
900.117	0.0298762
900.251	0.0298107
900.385	0.029352
900.519	0.02909
900.653	0.0298107
900.788	0.0290244
900.922	0.0297451
901.056	0.0295486
901.19	0.0298107
901.325	0.0298107
901.459	0.0294831
901.593	0.0294831
901.727	0.0304003
901.861	0.0300072
901.996	0.0298107
902.13	0.0288934
902.264	0.029221
902.398	0.0299417
902.532	0.0297451
902.667	0.0300727
902.801	0.0287624
902.935	0.029221
903.069	0.0306624
903.204	0.0307279
903.338	0.0309245
903.472	0.0294175
903.606	0.0290244
903.74	0.0302693
903.875	0.0292865
904.009	0.0297451
904.143	0.0291555
904.277	0.0285003
904.411	0.0298762
904.546	0.0296141
904.68	0.0310555
904.814	0.0307934
904.948	0.029221
905.082	0.029352
905.217	0.029221
905.351	0.0286968
905.485	0.0294175
905.619	0.0287624
905.753	0.0303348
905.888	0.029352
906.022	0.0298762
906.156	0.0298762
906.29	0.0297451
906.424	0.0292865
906.559	0.0301382
906.693	0.0294175
906.827	0.0294831
906.961	0.0298107
907.095	0.0300072
907.23	0.0299417
907.364	0.0302038
907.498	0.0304003
907.632	0.0291555
907.766	0.0308589
907.901	0.0294175
908.035	0.0302038
908.169	0.02909
908.303	0.0296796
908.437	0.0297451
908.572	0.0298107
908.706	0.029352
908.84	0.0294831
908.974	0.0300727
909.108	0.0298762
909.243	0.0294175
909.377	0.029352
909.511	0.0297451
909.645	0.0296796
909.779	0.0298762
909.914	0.0288279
910.048	0.0303348
910.182	0.0301382
910.316	0.0294831
910.45	0.0294175
910.585	0.0301382
910.719	0.0297451
910.853	0.029352
910.987	0.0297451
911.121	0.0300072
911.255	0.0305314
911.39	0.0297451
911.524	0.0302038
911.658	0.0287624
911.792	0.029221
911.926	0.0302038
912.061	0.0292865
912.195	0.0295486
912.329	0.0289589
912.463	0.0295486
912.597	0.02909
912.732	0.0296141
912.866	0.029352
913	0.0305314
913.134	0.0300727
913.268	0.029352
913.402	0.0299417
913.537	0.029221
913.671	0.0298107
913.805	0.0291555
913.939	0.0289589
914.073	0.029352
914.208	0.029352
914.342	0.0292865
914.476	0.0294175
914.61	0.0300072
914.744	0.0296141
914.878	0.0296141
915.013	0.029352
915.147	0.0301382
915.281	0.0302693
915.415	0.0295486
915.549	0.029352
915.683	0.0295486
915.818	0.0294175
915.952	0.0286968
916.086	0.0302038
916.22	0.0289589
916.354	0.0292865
916.488	0.0294175
916.623	0.029352
916.757	0.0302038
916.891	0.0301382
917.025	0.0297451
917.159	0.0296796
917.293	0.0302038
917.428	0.0302038
917.562	0.0299417
917.696	0.0298762
917.83	0.0302038
917.964	0.02909
918.098	0.0294831
918.233	0.0288934
918.367	0.0294175
918.501	0.0298107
918.635	0.0294175
918.769	0.0295486
918.903	0.0299417
919.038	0.0300072
919.172	0.0300072
919.306	0.0285003
919.44	0.0297451
919.574	0.02909
919.708	0.0298762
919.843	0.0296796
919.977	0.0298762
920.111	0.0300727
920.245	0.0289589
920.379	0.0285003
920.513	0.0298762
920.648	0.0295486
920.782	0.0300727
920.916	0.0302693
921.05	0.0298107
921.184	0.0296796
921.318	0.0296141
921.453	0.0297451
921.587	0.0296141
921.721	0.0291555
921.855	0.029221
921.989	0.0300072
922.123	0.0288279
922.257	0.0297451
922.392	0.0294175
922.526	0.0288934
922.66	0.0289589
922.794	0.029352
922.928	0.0301382
923.062	0.0307934
923.197	0.0296796
923.331	0.029221
923.465	0.0282382
923.599	0.0294175
923.733	0.029221
923.867	0.0298107
924.001	0.0297451
924.136	0.0285003
924.27	0.02909
924.404	0.0300072
924.538	0.0295486
924.672	0.0297451
924.806	0.0291555
924.94	0.0300072
925.075	0.02909
925.209	0.0285658
925.343	0.029352
925.477	0.0294831
925.611	0.0296141
925.745	0.0295486
925.879	0.0301382
926.014	0.0295486
926.148	0.0297451
926.282	0.0295486
926.416	0.029221
926.55	0.0297451
926.684	0.0296796
926.818	0.0296796
926.953	0.0294831
927.087	0.02909
927.221	0.029221
927.355	0.0298107
927.489	0.0288934
927.623	0.029352
927.757	0.0290244
927.892	0.029352
928.026	0.0300727
928.16	0.0295486
928.294	0.02909
928.428	0.0298762
928.562	0.02909
928.696	0.0281072
928.831	0.0302693
928.965	0.0289589
929.099	0.0302038
929.233	0.0308589
929.367	0.0303348
929.501	0.0301382
929.635	0.0300727
929.769	0.0298107
929.904	0.0302038
930.038	0.0294175
930.172	0.0294831
930.306	0.0298107
930.44	0.0288934
930.574	0.0300727
930.708	0.0301382
930.843	0.0288934
930.977	0.0292865
931.111	0.0285003
931.245	0.0296796
931.379	0.0304658
931.513	0.029352
931.647	0.0298107
931.781	0.0298107
931.916	0.0295486
932.05	0.029221
932.184	0.0299417
932.318	0.0290244
932.452	0.0303348
932.586	0.029221
932.72	0.0294831
932.854	0.0298762
932.989	0.0294831
933.123	0.0294831
933.257	0.0301382
933.391	0.0294831
933.525	0.0303348
933.659	0.0290244
933.793	0.0288934
933.927	0.0300072
934.061	0.0302038
934.196	0.0301382
934.33	0.0288934
934.464	0.0298107
934.598	0.0294175
934.732	0.0297451
934.866	0.0288279
935	0.0299417
935.134	0.0296141
935.269	0.0297451
935.403	0.0297451
935.537	0.0295486
935.671	0.03099
935.805	0.0298762
935.939	0.0296141
936.073	0.0300727
936.207	0.029352
936.341	0.0296796
936.476	0.0298762
936.61	0.0301382
936.744	0.0298762
936.878	0.0294175
937.012	0.0301382
937.146	0.0302038
937.28	0.0300727
937.414	0.0296141
937.548	0.0305314
937.683	0.0299417
937.817	0.0295486
937.951	0.0300072
938.085	0.0288279
938.219	0.0297451
938.353	0.0295486
938.487	0.0304003
938.621	0.0298107
938.755	0.0302038
938.889	0.0288934
939.024	0.0296796
939.158	0.0288934
939.292	0.0292865
939.426	0.0302038
939.56	0.0299417
939.694	0.0292865
939.828	0.0302693
939.962	0.0290244
940.096	0.0289589
940.231	0.0305314
940.365	0.0300072
940.499	0.0301382
940.633	0.0285658
940.767	0.0296141
940.901	0.029221
941.035	0.0291555
941.169	0.0302038
941.303	0.0294831
941.437	0.0297451
941.571	0.02909
941.706	0.0299417
941.84	0.0294831
941.974	0.029221
942.108	0.0304658
942.242	0.02909
942.376	0.0294175
942.51	0.0303348
942.644	0.0298107
942.778	0.0301382
942.912	0.0294831
943.047	0.0292865
943.181	0.0298762
943.315	0.0300072
943.449	0.0297451
943.583	0.0301382
943.717	0.0287624
943.851	0.02909
943.985	0.0292865
944.119	0.029221
944.253	0.0296141
944.387	0.0300072
944.522	0.0307279
944.656	0.0302038
944.79	0.029221
944.924	0.0294831
945.058	0.0298762
945.192	0.0296141
945.326	0.0298762
945.46	0.029352
945.594	0.0300727
945.728	0.0296796
945.862	0.0286313
945.996	0.0292865
946.131	0.0290244
946.265	0.0298762
946.399	0.0294831
946.533	0.0300072
946.667	0.0294175
946.801	0.0298107
946.935	0.0288279
947.069	0.0300727
947.203	0.0288934
947.337	0.0304003
947.471	0.0307934
947.605	0.0296141
947.739	0.0294831
947.874	0.0287624
948.008	0.0288934
948.142	0.0299417
948.276	0.0294175
948.41	0.0300072
948.544	0.0294175
948.678	0.0301382
948.812	0.0308589
948.946	0.0291555
949.08	0.0301382
949.214	0.0309245
949.348	0.02909
949.482	0.029221
949.617	0.0305314
949.751	0.0291555
949.885	0.0298107
950.019	0.0299417
950.153	0.0289589
950.287	0.0305314
950.421	0.0292865
950.555	0.0301382
950.689	0.029221
950.823	0.0296796
950.957	0.0295486
951.091	0.0283693
951.225	0.0299417
951.359	0.0297451
951.493	0.0300727
951.628	0.0300072
951.762	0.0284348
951.896	0.0298107
952.03	0.0310555
952.164	0.0294831
952.298	0.0298107
952.432	0.029221
952.566	0.0298107
952.7	0.0298762
952.834	0.0287624
952.968	0.0291555
953.102	0.029221
953.236	0.0285658
953.37	0.0300072
953.504	0.0291555
953.639	0.0294175
953.773	0.0298107
953.907	0.0283037
954.041	0.0301382
954.175	0.0287624
954.309	0.0288279
954.443	0.0290244
954.577	0.0297451
954.711	0.0304658
954.845	0.0296796
954.979	0.0296141
955.113	0.0286968
955.247	0.0292865
955.381	0.0297451
955.515	0.0285658
955.649	0.029221
955.783	0.0292865
955.917	0.0300072
956.052	0.0285003
956.186	0.0285003
956.32	0.0297451
956.454	0.029352
956.588	0.0296141
956.722	0.0300727
956.856	0.0304658
956.99	0.029352
957.124	0.0297451
957.258	0.0295486
957.392	0.0296141
957.526	0.0297451
957.66	0.02909
957.794	0.0291555
957.928	0.0286968
958.062	0.0297451
958.196	0.0294175
958.33	0.0300727
958.464	0.0304658
958.598	0.0296141
958.733	0.0286313
958.867	0.0295486
959.001	0.0300072
959.135	0.0287624
959.269	0.0298107
959.403	0.0294175
959.537	0.02909
959.671	0.0296141
959.805	0.0295486
959.939	0.0307279
960.073	0.0291555
960.207	0.0301382
960.341	0.0303348
960.475	0.0301382
960.609	0.0295486
960.743	0.0299417
960.877	0.0296796
961.011	0.0296796
961.145	0.0295486
961.279	0.0300072
961.413	0.0296141
961.547	0.0295486
961.681	0.0289589
961.815	0.0295486
961.949	0.0291555
962.083	0.0297451
962.218	0.0298107
962.352	0.0299417
962.486	0.0294175
962.62	0.0292865
962.754	0.0292865
962.888	0.0298107
963.022	0.029352
963.156	0.0298107
963.29	0.0301382
963.424	0.0296796
963.558	0.0294175
963.692	0.0287624
963.826	0.0294175
963.96	0.0297451
964.094	0.0302038
964.228	0.0285658
964.362	0.0300727
964.496	0.0299417
964.63	0.0297451
964.764	0.0289589
964.898	0.0291555
965.032	0.0298107
965.166	0.0298762
965.3	0.0295486
965.434	0.0297451
965.568	0.0295486
965.702	0.0304003
965.836	0.0296141
965.97	0.0295486
966.104	0.0294175
966.238	0.0294175
966.372	0.0285658
966.506	0.0302693
966.64	0.0296141
966.774	0.0305314
966.908	0.0294175
967.043	0.0299417
967.177	0.0294175
967.311	0.02909
967.445	0.029221
967.579	0.029352
967.713	0.0294831
967.847	0.0299417
967.981	0.029221
968.115	0.0296141
968.249	0.0300727
968.383	0.029221
968.517	0.0292865
968.651	0.0304003
968.785	0.0301382
968.919	0.0295486
969.053	0.0290244
969.187	0.0304658
969.321	0.0298762
969.455	0.0279106
969.589	0.0292865
969.723	0.0299417
969.857	0.0290244
969.991	0.029221
970.125	0.0303348
970.259	0.0295486
970.393	0.029352
970.527	0.0296796
970.661	0.0288934
970.795	0.0295486
970.929	0.0295486
971.063	0.0288934
971.197	0.0302693
971.331	0.0300727
971.465	0.0296796
971.599	0.0298107
971.733	0.0305314
971.867	0.029352
972.001	0.0294831
972.135	0.0299417
972.269	0.03099
972.403	0.0290244
972.537	0.0298762
972.671	0.0303348
972.805	0.0296796
972.939	0.0294831
973.073	0.0303348
973.207	0.0305314
973.341	0.0302038
973.475	0.0296796
973.609	0.0295486
973.743	0.0287624
973.877	0.0300072
974.011	0.029221
974.145	0.0299417
974.279	0.0301382
974.413	0.0295486
974.547	0.0299417
974.681	0.029352
974.815	0.0305969
974.949	0.029221
975.083	0.0294175
975.217	0.0300072
975.351	0.0299417
975.485	0.0297451
975.619	0.0302693
975.753	0.0290244
975.887	0.0297451
976.021	0.0298762
976.155	0.029221
976.289	0.0296796
976.423	0.0296141
976.557	0.0297451
976.691	0.0301382
976.825	0.0300727
976.959	0.0304003
977.093	0.0300727
977.227	0.0294175
977.361	0.0291555
977.495	0.0291555
977.629	0.029221
977.763	0.0295486
977.897	0.0301382
978.031	0.029352
978.165	0.0296141
978.299	0.0287624
978.433	0.0296141
978.567	0.0300072
978.701	0.0297451
978.835	0.0296141
978.969	0.0291555
979.103	0.029352
979.237	0.0292865
979.371	0.0298107
979.505	0.0300072
979.639	0.0302693
979.773	0.0296141
979.907	0.0296796
980.041	0.0302693
980.175	0.0290244
980.308	0.0302693
980.442	0.0289589
980.576	0.0296796
980.71	0.0283693
980.844	0.0296141
980.978	0.0294831
981.112	0.0294831
981.246	0.029221
981.38	0.0302693
981.514	0.0285658
981.648	0.02909
981.782	0.0296796
981.916	0.0305314
982.05	0.0297451
982.184	0.029352
982.318	0.0300072
982.452	0.0290244
982.586	0.0298107
982.72	0.0300727
982.854	0.0300727
982.988	0.0298762
983.122	0.0294831
983.256	0.0294831
983.39	0.0289589
983.524	0.029221
983.658	0.0292865
983.792	0.0294175
983.926	0.0294831
984.06	0.0298762
984.194	0.0300727
984.328	0.0300727
984.462	0.029352
984.596	0.0296141
984.73	0.0294175
984.864	0.0291555
984.998	0.0305314
985.132	0.0291555
985.265	0.0301382
985.399	0.0295486
985.533	0.029221
985.667	0.0294175
985.801	0.029221
985.935	0.0292865
986.069	0.0298107
986.203	0.0295486
986.337	0.0296141
986.471	0.0300072
986.605	0.0300727
986.739	0.02909
986.873	0.0300727
987.007	0.0297451
987.141	0.0299417
987.275	0.0298107
987.409	0.0304003
987.543	0.0294175
987.677	0.0300072
987.811	0.0303348
987.945	0.0301382
988.079	0.0292865
988.213	0.0296796
988.347	0.0298762
988.481	0.0300072
988.614	0.0292865
988.748	0.0302693
988.882	0.0297451
989.016	0.0299417
989.15	0.0288934
989.284	0.0299417
989.418	0.0296141
989.552	0.0298107
989.686	0.029352
989.82	0.0302038
989.954	0.0292865
990.088	0.0300727
990.222	0.0299417
990.356	0.0292865
990.49	0.0305969
990.624	0.0296796
990.758	0.0288934
990.892	0.0291555
991.026	0.0297451
991.16	0.0294175
991.294	0.0297451
991.427	0.0305969
991.561	0.0291555
991.695	0.0295486
991.829	0.029221
991.963	0.0292865
992.097	0.0298762
992.231	0.0296141
992.365	0.029221
992.499	0.0294831
992.633	0.0306624
992.767	0.0302693
992.901	0.029221
993.035	0.0298107
993.169	0.0302693
993.303	0.0291555
993.437	0.0299417
993.571	0.0296141
993.704	0.0304658
993.838	0.0294831
993.972	0.0310555
994.106	0.029221
994.24	0.0302693
994.374	0.0292865
994.508	0.0307279
994.642	0.0297451
994.776	0.0294831
994.91	0.0296141
995.044	0.0306624
995.178	0.0291555
995.312	0.0298107
995.446	0.0298107
995.58	0.0295486
995.714	0.0300727
995.847	0.0289589
995.981	0.0285003
996.115	0.0290244
996.249	0.0284348
996.383	0.0294175
996.517	0.0295486
996.651	0.029221
996.785	0.0291555
996.919	0.0300072
997.053	0.029221
997.187	0.0300727
997.321	0.0307279
997.455	0.0302038
997.589	0.0302038
997.722	0.0294831
997.856	0.029221
997.99	0.0286968
998.124	0.0296141
998.258	0.0302038
998.392	0.0304003
998.526	0.0302693
998.66	0.0294175
998.794	0.0296796
998.928	0.0296796
999.062	0.0298762
999.196	0.029221
999.33	0.0305969
999.464	0.0300072
999.597	0.02909
999.731	0.0302693
999.865	0.0300727
999.999	0.0288934
1000.13	0.0307934
1000.27	0.0296796
1000.4	0.0299417
1000.53	0.029221
1000.67	0.0296796
1000.8	0.0298762
1000.94	0.0304003
1001.07	0.0289589
1001.2	0.0296141
1001.34	0.0300727
1001.47	0.0298762
1001.61	0.0300727
1001.74	0.0294831
1001.87	0.0290244
1002.01	0.0302038
1002.14	0.0294831
1002.28	0.0295486
1002.41	0.0299417
1002.54	0.0295486
1002.68	0.0301382
1002.81	0.0300072
1002.95	0.029352
1003.08	0.0300727
1003.21	0.02909
1003.35	0.0296796
1003.48	0.0304003
1003.61	0.0291555
1003.75	0.029221
1003.88	0.0301382
1004.02	0.0297451
1004.15	0.0309245
1004.28	0.0298107
1004.42	0.0291555
1004.55	0.0296796
1004.69	0.0298107
1004.82	0.0286968
1004.95	0.0294175
1005.09	0.0302038
1005.22	0.0298762
1005.36	0.0297451
1005.49	0.0294831
1005.62	0.0301382
1005.76	0.0291555
1005.89	0.0291555
1006.03	0.0300727
1006.16	0.0290244
1006.29	0.0298107
1006.43	0.0301382
1006.56	0.0303348
1006.69	0.0301382
1006.83	0.0298762
1006.96	0.0294831
1007.1	0.0298762
1007.23	0.0308589
1007.36	0.0294175
1007.5	0.0294831
1007.63	0.0295486
1007.77	0.0294831
1007.9	0.0302693
1008.03	0.029352
1008.17	0.0294831
1008.3	0.0291555
1008.44	0.0298107
1008.57	0.0302693
1008.7	0.0295486
1008.84	0.0294831
1008.97	0.0292865
1009.1	0.0301382
1009.24	0.0300727
1009.37	0.029352
1009.51	0.0298107
1009.64	0.029352
1009.77	0.029221
1009.91	0.0300727
1010.04	0.0302038
1010.18	0.0300072
1010.31	0.0296141
1010.44	0.0288279
1010.58	0.0286968
1010.71	0.0299417
1010.85	0.0302693
1010.98	0.0298107
1011.11	0.0301382
1011.25	0.0292865
1011.38	0.029352
1011.51	0.0291555
1011.65	0.0298762
1011.78	0.02909
1011.92	0.0296141
1012.05	0.029352
1012.18	0.029221
1012.32	0.0305969
1012.45	0.029352
1012.59	0.0303348
1012.72	0.0303348
1012.85	0.0298762
1012.99	0.0305969
1013.12	0.0303348
1013.26	0.0309245
1013.39	0.0295486
1013.52	0.0297451
1013.66	0.0297451
1013.79	0.0292865
1013.92	0.0297451
1014.06	0.0296141
1014.19	0.0294831
1014.33	0.0296141
1014.46	0.0302038
1014.59	0.0296141
1014.73	0.0298762
1014.86	0.0287624
1015	0.0290244
1015.13	0.0294831
1015.26	0.0294831
1015.4	0.0297451
1015.53	0.0292865
1015.67	0.0307279
1015.8	0.029221
1015.93	0.0298762
1016.07	0.0302038
1016.2	0.0287624
1016.33	0.029352
1016.47	0.0303348
1016.6	0.0297451
1016.74	0.0299417
1016.87	0.0299417
1017	0.0296141
1017.14	0.0289589
1017.27	0.0294831
1017.41	0.0281727
1017.54	0.0288934
1017.67	0.0301382
1017.81	0.0292865
1017.94	0.0296141
1018.07	0.029352
1018.21	0.0289589
1018.34	0.0302693
1018.48	0.0302038
1018.61	0.0298762
1018.74	0.0296796
1018.88	0.0302693
1019.01	0.0288279
1019.15	0.0296796
1019.28	0.0300727
1019.41	0.0301382
1019.55	0.0305969
1019.68	0.0305314
1019.82	0.0288934
1019.95	0.0286968
1020.08	0.0295486
1020.22	0.029221
1020.35	0.0292865
1020.48	0.029352
1020.62	0.0297451
1020.75	0.0297451
1020.89	0.0305969
1021.02	0.0304658
1021.15	0.0288279
1021.29	0.0300072
1021.42	0.0294831
1021.56	0.0290244
1021.69	0.0304658
1021.82	0.0284348
1021.96	0.0301382
1022.09	0.0301382
1022.22	0.02909
1022.36	0.0288279
1022.49	0.0287624
1022.63	0.0294831
1022.76	0.0296796
1022.89	0.0292865
1023.03	0.0299417
1023.16	0.0303348
1023.3	0.0297451
1023.43	0.02909
1023.56	0.0301382
1023.7	0.0295486
1023.83	0.0294831
1023.96	0.0302693
1024.1	0.0300727
1024.23	0.0298762
1024.37	0.029352
1024.5	0.0298762
1024.63	0.0286968
1024.77	0.0292865
1024.9	0.02909
1025.04	0.0296796
1025.17	0.0299417
1025.3	0.0300072
1025.44	0.0302693
1025.57	0.0286968
1025.7	0.029352
1025.84	0.0291555
1025.97	0.0301382
1026.11	0.0295486
1026.24	0.0298762
1026.37	0.0302693
1026.51	0.0288934
1026.64	0.0291555
1026.78	0.0290244
1026.91	0.0303348
1027.04	0.0304003
1027.18	0.0295486
1027.31	0.0300072
1027.44	0.0296141
1027.58	0.0292865
1027.71	0.0301382
1027.85	0.0298762
1027.98	0.0296141
1028.11	0.0289589
1028.25	0.0290244
1028.38	0.0296796
1028.52	0.0295486
1028.65	0.0300072
1028.78	0.0292865
1028.92	0.0286313
1029.05	0.0289589
1029.18	0.0295486
1029.32	0.0297451
1029.45	0.0290244
1029.59	0.0299417
1029.72	0.029221
1029.85	0.0305969
1029.99	0.0299417
1030.12	0.0305314
1030.26	0.0296796
1030.39	0.029352
1030.52	0.0296796
1030.66	0.029221
1030.79	0.0296796
1030.92	0.0300072
1031.06	0.0294831
1031.19	0.0295486
1031.33	0.0297451
1031.46	0.029352
1031.59	0.0295486
1031.73	0.0300072
1031.86	0.0287624
1031.99	0.0305314
1032.13	0.0295486
1032.26	0.0302693
1032.4	0.0298107
1032.53	0.0301382
1032.66	0.0296141
1032.8	0.0304658
1032.93	0.0303348
1033.07	0.0294175
1033.2	0.0296141
1033.33	0.0295486
1033.47	0.0295486
1033.6	0.0300727
1033.73	0.0295486
1033.87	0.0295486
1034	0.0304003
1034.14	0.0291555
1034.27	0.0296796
1034.4	0.029352
1034.54	0.0313831
1034.67	0.0298107
1034.81	0.0298762
1034.94	0.0295486
1035.07	0.0289589
1035.21	0.0297451
1035.34	0.0292865
1035.47	0.029221
1035.61	0.0297451
1035.74	0.0296796
1035.88	0.0294831
1036.01	0.0305314
1036.14	0.0306624
1036.28	0.0292865
1036.41	0.0300072
1036.54	0.0295486
1036.68	0.0302038
1036.81	0.0287624
1036.95	0.0302693
1037.08	0.0301382
1037.21	0.0290244
1037.35	0.0290244
1037.48	0.0309245
1037.62	0.0304658
1037.75	0.0298762
1037.88	0.0287624
1038.02	0.0287624
1038.15	0.0292865
1038.28	0.029352
1038.42	0.0296141
1038.55	0.0295486
1038.69	0.0290244
1038.82	0.0301382
1038.95	0.0300727
1039.09	0.0294175
1039.22	0.029352
1039.35	0.0304003
1039.49	0.0299417
1039.62	0.0304658
1039.76	0.0307279
1039.89	0.0302038
1040.02	0.0285658
1040.16	0.0300072
1040.29	0.0288279
1040.43	0.0291555
1040.56	0.0289589
1040.69	0.0287624
1040.83	0.0310555
1040.96	0.0294831
1041.09	0.0294175
1041.23	0.0299417
1041.36	0.0296141
1041.5	0.0295486
1041.63	0.0296141
1041.76	0.0296796
1041.9	0.0300727
1042.03	0.0297451
1042.16	0.0303348
1042.3	0.0298762
1042.43	0.0295486
1042.57	0.0296796
1042.7	0.0303348
1042.83	0.0294831
1042.97	0.0288934
1043.1	0.0292865
1043.23	0.0304658
1043.37	0.0298107
1043.5	0.0288279
1043.64	0.0298107
1043.77	0.0300072
1043.9	0.029221
1044.04	0.0300727
1044.17	0.0287624
1044.31	0.0304658
1044.44	0.0292865
1044.57	0.0294831
1044.71	0.0301382
1044.84	0.0291555
1044.97	0.0298762
1045.11	0.0296141
1045.24	0.0288934
1045.38	0.029352
1045.51	0.02909
1045.64	0.0302038
1045.78	0.0291555
1045.91	0.0297451
1046.04	0.0296141
1046.18	0.0309245
1046.31	0.029352
1046.45	0.0294831
1046.58	0.0296141
1046.71	0.0302038
1046.85	0.0298762
1046.98	0.0296141
1047.11	0.0300072
1047.25	0.0294831
1047.38	0.0297451
1047.52	0.0290244
1047.65	0.0294175
1047.78	0.0294831
1047.92	0.0296141
1048.05	0.0296796
1048.18	0.02909
1048.32	0.029352
1048.45	0.029221
1048.59	0.0295486
1048.72	0.0294831
1048.85	0.0298107
1048.99	0.029352
1049.12	0.0286968
1049.25	0.0305969
1049.39	0.02909
1049.52	0.0288934
1049.66	0.0304003
1049.79	0.0296796
1049.92	0.0306624
1050.06	0.0295486
1050.19	0.0303348
1050.33	0.0300072
1050.46	0.0294175
1050.59	0.0282382
1050.73	0.0300727
1050.86	0.029221
1050.99	0.0294831
1051.13	0.0295486
1051.26	0.0301382
1051.4	0.0284348
1051.53	0.0294175
1051.66	0.0288279
1051.8	0.02909
1051.93	0.0300727
1052.06	0.0296796
1052.2	0.0299417
1052.33	0.0289589
1052.47	0.0295486
1052.6	0.0300727
1052.73	0.029221
1052.87	0.0296141
1053	0.0302693
1053.13	0.0292865
1053.27	0.029352
1053.4	0.0297451
1053.54	0.0289589
1053.67	0.0300727
1053.8	0.0296796
1053.94	0.0296796
1054.07	0.029352
1054.2	0.0294831
1054.34	0.0288934
1054.47	0.0300727
1054.61	0.029352
1054.74	0.0294831
1054.87	0.0290244
1055.01	0.029352
1055.14	0.0300727
1055.27	0.0296141
1055.41	0.0300072
1055.54	0.0296796
1055.68	0.0299417
1055.81	0.0294175
1055.94	0.029352
1056.08	0.0299417
1056.21	0.0294831
1056.34	0.0305969
1056.48	0.0292865
1056.61	0.0301382
1056.75	0.029221
1056.88	0.0300727
1057.01	0.0305314
1057.15	0.0302038
1057.28	0.0291555
1057.41	0.0295486
1057.55	0.0294831
1057.68	0.0300727
1057.82	0.0304003
1057.95	0.0298762
1058.08	0.0294175
1058.22	0.0296796
1058.35	0.029352
1058.48	0.0289589
1058.62	0.0302038
1058.75	0.029221
1058.89	0.0305314
1059.02	0.0298107
1059.15	0.0299417
1059.29	0.0287624
1059.42	0.0307279
1059.55	0.0303348
1059.69	0.0296796
1059.82	0.0296141
1059.96	0.0296141
1060.09	0.0304658
1060.22	0.0299417
1060.36	0.0300727
1060.49	0.0294175
1060.62	0.029352
1060.76	0.0296796
1060.89	0.0302693
1061.03	0.0294175
1061.16	0.0291555
1061.29	0.0299417
1061.43	0.0301382
1061.56	0.0300727
1061.69	0.0294831
1061.83	0.0302693
1061.96	0.0294175
1062.1	0.0297451
1062.23	0.0296141
1062.36	0.029352
1062.5	0.029352
1062.63	0.0296141
1062.76	0.0301382
1062.9	0.0288934
1063.03	0.0298107
1063.17	0.029352
1063.3	0.0302693
1063.43	0.0291555
1063.57	0.0294831
1063.7	0.0297451
1063.83	0.0294831
1063.97	0.0294831
1064.1	0.0304658
1064.23	0.0300727
1064.37	0.0303348
1064.5	0.0294831
1064.64	0.0295486
1064.77	0.0295486
1064.9	0.0303348
1065.04	0.0295486
1065.17	0.0303348
1065.3	0.0296141
1065.44	0.0303348
1065.57	0.0304003
1065.71	0.0295486
1065.84	0.0291555
1065.97	0.029352
1066.11	0.029221
1066.24	0.0296796
1066.37	0.0303348
1066.51	0.0296141
1066.64	0.0302693
1066.78	0.0295486
1066.91	0.0288279
1067.04	0.0301382
1067.18	0.0299417
1067.31	0.0288934
1067.44	0.0301382
1067.58	0.0294831
1067.71	0.0294831
1067.85	0.0300072
1067.98	0.0304003
1068.11	0.0305314
1068.25	0.0294831
1068.38	0.029352
1068.51	0.0296141
1068.65	0.0302038
1068.78	0.0304003
1068.92	0.0302693
1069.05	0.0290244
1069.18	0.0297451
1069.32	0.0295486
1069.45	0.0295486
1069.58	0.02909
1069.72	0.0292865
1069.85	0.0300727
1069.98	0.029352
1070.12	0.0290244
1070.25	0.0295486
1070.39	0.0294175
1070.52	0.029352
1070.65	0.0297451
1070.79	0.0299417
1070.92	0.0298762
1071.05	0.0299417
1071.19	0.0300072
1071.32	0.0302038
1071.46	0.0297451
1071.59	0.0304658
1071.72	0.0295486
1071.86	0.0296141
1071.99	0.0291555
1072.12	0.0289589
1072.26	0.0295486
1072.39	0.0295486
1072.53	0.0286313
1072.66	0.0299417
1072.79	0.0285003
1072.93	0.0294831
1073.06	0.0302693
1073.19	0.0300727
1073.33	0.0298762
1073.46	0.0294831
1073.59	0.0291555
1073.73	0.0289589
1073.86	0.0301382
1074	0.0302038
1074.13	0.0290244
1074.26	0.0289589
1074.4	0.0298762
1074.53	0.0304658
1074.66	0.0297451
1074.8	0.0288934
1074.93	0.0288279
1075.07	0.0294831
1075.2	0.0300727
1075.33	0.0298107
1075.47	0.0283037
1075.6	0.0300727
1075.73	0.0296141
1075.87	0.0296796
1076	0.0300727
1076.14	0.0306624
1076.27	0.0298107
1076.4	0.0299417
1076.54	0.0297451
1076.67	0.0300727
1076.8	0.0303348
1076.94	0.0295486
1077.07	0.0290244
1077.2	0.0295486
1077.34	0.0296796
1077.47	0.029221
1077.61	0.0299417
1077.74	0.029221
1077.87	0.0300727
1078.01	0.0289589
1078.14	0.0296796
1078.27	0.0299417
1078.41	0.029221
1078.54	0.029221
1078.68	0.0296141
1078.81	0.029352
1078.94	0.0277796
1079.08	0.029352
1079.21	0.0302038
1079.34	0.0300072
1079.48	0.0295486
1079.61	0.0289589
1079.74	0.0300727
1079.88	0.0291555
1080.01	0.0295486
1080.15	0.0296141
1080.28	0.0296141
1080.41	0.0299417
1080.55	0.029352
1080.68	0.0299417
1080.81	0.0291555
1080.95	0.0298762
1081.08	0.0295486
1081.22	0.0304003
1081.35	0.0298107
1081.48	0.0298762
1081.62	0.0305314
1081.75	0.0295486
1081.88	0.0288934
1082.02	0.0302038
1082.15	0.0294175
1082.28	0.0296141
1082.42	0.0297451
1082.55	0.0296141
1082.69	0.0298107
1082.82	0.029352
1082.95	0.0301382
1083.09	0.0296796
1083.22	0.0305314
1083.35	0.0302693
1083.49	0.0300072
1083.62	0.0297451
1083.75	0.0291555
1083.89	0.0300072
1084.02	0.0290244
1084.16	0.0294831
1084.29	0.0298762
1084.42	0.0297451
1084.56	0.0297451
1084.69	0.0283693
1084.82	0.0294175
1084.96	0.0300072
1085.09	0.0291555
1085.23	0.0305314
1085.36	0.0297451
1085.49	0.0307279
1085.63	0.0294175
1085.76	0.0306624
1085.89	0.0302693
1086.03	0.0303348
1086.16	0.0291555
1086.29	0.0285658
1086.43	0.0295486
1086.56	0.0309245
1086.7	0.0299417
1086.83	0.0291555
1086.96	0.0291555
1087.1	0.0298107
1087.23	0.0292865
1087.36	0.0300727
1087.5	0.0300072
1087.63	0.0296796
1087.76	0.0290244
1087.9	0.0302693
1088.03	0.0298107
1088.17	0.0295486
1088.3	0.0298762
1088.43	0.0304003
1088.57	0.0302693
1088.7	0.0298762
1088.83	0.0300072
1088.97	0.02909
1089.1	0.0305969
1089.24	0.0299417
1089.37	0.0284348
1089.5	0.0298107
1089.64	0.029221
1089.77	0.02909
1089.9	0.0304003
1090.04	0.02909
1090.17	0.0297451
1090.3	0.029352
1090.44	0.0307934
1090.57	0.0292865
1090.71	0.029221
1090.84	0.0300072
1090.97	0.0288934
1091.11	0.0290244
1091.24	0.0294831
1091.37	0.0302693
1091.51	0.0301382
1091.64	0.0300072
1091.77	0.0298762
1091.91	0.0297451
1092.04	0.029221
1092.18	0.0296141
1092.31	0.0292865
1092.44	0.0286968
1092.58	0.0309245
1092.71	0.0285658
1092.84	0.0300072
1092.98	0.0296796
1093.11	0.0300072
1093.24	0.0291555
1093.38	0.0291555
1093.51	0.0298762
1093.65	0.029221
1093.78	0.0288934
1093.91	0.0289589
1094.05	0.0298762
1094.18	0.0285003
1094.31	0.0294175
1094.45	0.0294831
1094.58	0.0297451
1094.71	0.0296796
1094.85	0.0295486
1094.98	0.0290244
1095.12	0.0295486
1095.25	0.0297451
1095.38	0.0290244
1095.52	0.0292865
1095.65	0.0301382
1095.78	0.0303348
1095.92	0.0284348
1096.05	0.0299417
1096.18	0.0295486
1096.32	0.029221
1096.45	0.0294175
1096.59	0.0294831
1096.72	0.0292865
1096.85	0.0298762
1096.99	0.0294175
1097.12	0.0285658
1097.25	0.0297451
1097.39	0.0298762
1097.52	0.0301382
1097.65	0.029221
1097.79	0.0302038
1097.92	0.02909
1098.06	0.0298107
1098.19	0.0284348
1098.32	0.0295486
1098.46	0.0294175
1098.59	0.0298107
1098.72	0.0298107
1098.86	0.0305314
1098.99	0.0303348
1099.12	0.0296141
1099.26	0.0299417
1099.39	0.0300727
1099.53	0.02909
1099.66	0.0296141
1099.79	0.0292865
1099.93	0.0296141
1100.06	0.0283037
1100.19	0.0300072
1100.33	0.03099
1100.46	0.0299417
1100.59	0.0294831
1100.73	0.0305314
1100.86	0.0295486
1100.99	0.0298107
1101.13	0.0286968
1101.26	0.0287624
1101.4	0.029352
1101.53	0.0294831
1101.66	0.0296796
1101.8	0.0298762
1101.93	0.0295486
1102.06	0.0286968
1102.2	0.0304003
1102.33	0.02909
1102.46	0.02909
1102.6	0.0285658
1102.73	0.0296141
1102.87	0.0298107
1103	0.029221
1103.13	0.0300072
1103.27	0.0288279
1103.4	0.0288934
1103.53	0.0291555
1103.67	0.0285658
1103.8	0.0298762
1103.93	0.0291555
1104.07	0.0292865
1104.2	0.0296796
1104.34	0.0298107
1104.47	0.029352
1104.6	0.0292865
1104.74	0.0294831
1104.87	0.0291555
1105	0.0288279
1105.14	0.0290244
1105.27	0.0296141
1105.4	0.0291555
1105.54	0.0292865
1105.67	0.0299417
1105.8	0.0296141
1105.94	0.0290244
1106.07	0.0294175
1106.21	0.0290244
1106.34	0.0295486
1106.47	0.029352
1106.61	0.0298107
1106.74	0.0298107
1106.87	0.0298762
1107.01	0.0299417
1107.14	0.0288934
1107.27	0.0288279
1107.41	0.0300727
1107.54	0.0291555

