Source: Spectrum Viewer

Chart: Pulse Spectrum

Series: 
Wavelength (nm)	S (a.u.)
617.638	0.0320613
617.773	0.0315648
617.908	0.0320613
618.043	0.0312101
618.178	0.032345
618.313	0.0329834
618.448	0.0327706
618.583	0.0324869
618.718	0.0317066
618.853	0.0326287
618.988	0.0314229
619.123	0.0304298
619.258	0.0319194
619.394	0.0317776
619.529	0.0314229
619.664	0.0320613
619.799	0.032345
619.934	0.0310682
620.069	0.0311392
620.204	0.0311392
620.339	0.031281
620.474	0.0322741
620.609	0.0326997
620.744	0.0318485
620.879	0.031281
621.014	0.031352
621.149	0.032345
621.284	0.0314938
621.419	0.0314229
621.554	0.0324159
621.689	0.0319194
621.825	0.0319194
621.96	0.0320613
622.095	0.0319194
622.23	0.0314938
622.365	0.0317776
622.5	0.0308554
622.635	0.0315648
622.77	0.0314229
622.905	0.032345
623.04	0.0317776
623.175	0.0324869
623.31	0.0314229
623.445	0.0311392
623.58	0.0322031
623.715	0.0309973
623.85	0.0324869
623.985	0.0312101
624.12	0.0324159
624.255	0.0314229
624.39	0.0317066
624.525	0.0309973
624.661	0.0305008
624.796	0.0320613
624.931	0.0322741
625.066	0.0321322
625.201	0.0322741
625.336	0.0314938
625.471	0.0316357
625.606	0.0319194
625.741	0.0327706
625.876	0.0319904
626.011	0.0314938
626.146	0.0321322
626.281	0.0312101
626.416	0.0314938
626.551	0.0316357
626.686	0.0301461
626.821	0.0324869
626.956	0.0319194
627.091	0.0326287
627.226	0.0305008
627.361	0.0322031
627.496	0.031281
627.631	0.0325578
627.766	0.0324159
627.901	0.0311392
628.036	0.0310682
628.171	0.0314938
628.307	0.0317066
628.442	0.0317776
628.577	0.0309973
628.712	0.0315648
628.847	0.0322031
628.982	0.0319194
629.117	0.0314938
629.252	0.0307845
629.387	0.0318485
629.522	0.031352
629.657	0.031281
629.792	0.0319194
629.927	0.0314938
630.062	0.0324159
630.197	0.0319904
630.332	0.0307845
630.467	0.0310682
630.602	0.0307845
630.737	0.0312101
630.872	0.0310682
631.007	0.032345
631.142	0.0319904
631.277	0.0317066
631.412	0.0320613
631.547	0.0321322
631.682	0.0309264
631.817	0.031281
631.952	0.031352
632.087	0.032345
632.222	0.0315648
632.357	0.0319194
632.492	0.0312101
632.627	0.031352
632.762	0.0317066
632.897	0.0311392
633.032	0.0319904
633.167	0.0314229
633.302	0.0320613
633.437	0.0319194
633.572	0.0316357
633.707	0.0314229
633.842	0.0314938
633.978	0.0307136
634.113	0.0309973
634.248	0.0312101
634.383	0.0309264
634.518	0.0322031
634.653	0.0322031
634.788	0.0303589
634.923	0.0312101
635.058	0.0324869
635.193	0.0312101
635.328	0.0330543
635.463	0.0305717
635.598	0.0314229
635.733	0.0322031
635.868	0.0317066
636.003	0.0309264
636.138	0.0315648
636.273	0.0322031
636.408	0.0319194
636.543	0.0315648
636.678	0.0309973
636.813	0.0317066
636.948	0.0318485
637.083	0.031352
637.218	0.0320613
637.353	0.0312101
637.488	0.0317066
637.623	0.031352
637.758	0.0315648
637.893	0.0326287
638.028	0.0322031
638.163	0.032345
638.298	0.0322031
638.433	0.0324159
638.568	0.0319904
638.703	0.0324159
638.838	0.0317776
638.973	0.0314938
639.108	0.0319904
639.243	0.0308554
639.378	0.0309973
639.513	0.0322741
639.648	0.0314229
639.783	0.0320613
639.918	0.0319194
640.053	0.0329125
640.188	0.0316357
640.323	0.0327706
640.458	0.0317066
640.593	0.0319194
640.728	0.0322741
640.863	0.0325578
640.998	0.0316357
641.133	0.0327706
641.268	0.0309973
641.403	0.0307845
641.538	0.0317066
641.673	0.0317776
641.808	0.0307845
641.943	0.0330543
642.078	0.031281
642.213	0.0317776
642.348	0.031352
642.483	0.0311392
642.618	0.0309264
642.753	0.0318485
642.888	0.0322741
643.023	0.0318485
643.158	0.0320613
643.293	0.0324159
643.428	0.0304298
643.563	0.0316357
643.698	0.032345
643.833	0.0322031
643.968	0.0326287
644.103	0.0309264
644.237	0.0321322
644.372	0.0315648
644.507	0.0316357
644.642	0.0315648
644.777	0.0308554
644.912	0.0312101
645.047	0.0315648
645.182	0.0315648
645.317	0.0314229
645.452	0.0318485
645.587	0.0317066
645.722	0.0326997
645.857	0.0322741
645.992	0.0324159
646.127	0.0308554
646.262	0.0321322
646.397	0.0315648
646.532	0.0320613
646.667	0.0310682
646.802	0.0317066
646.937	0.0319194
647.072	0.0314229
647.207	0.031352
647.342	0.0318485
647.477	0.0329125
647.612	0.0318485
647.747	0.032345
647.882	0.032345
648.017	0.0314938
648.152	0.032345
648.287	0.0306426
648.422	0.0325578
648.557	0.0309264
648.692	0.0319194
648.827	0.0316357
648.962	0.0312101
649.097	0.0320613
649.232	0.032345
649.367	0.0326287
649.502	0.0320613
649.637	0.0318485
649.772	0.0317776
649.906	0.0315648
650.041	0.0316357
650.176	0.0307136
650.311	0.0316357
650.446	0.0325578
650.581	0.0317776
650.716	0.0309264
650.851	0.0324159
650.986	0.0311392
651.121	0.0309973
651.256	0.0307136
651.391	0.0326287
651.526	0.0309973
651.661	0.0314229
651.796	0.0314229
651.931	0.0319904
652.066	0.032345
652.201	0.0317776
652.336	0.0310682
652.471	0.0320613
652.606	0.0328415
652.741	0.0321322
652.876	0.0318485
653.011	0.0317066
653.146	0.0317066
653.281	0.0320613
653.415	0.0314938
653.55	0.0322031
653.685	0.0317776
653.82	0.031281
653.955	0.0317066
654.09	0.0305008
654.225	0.0306426
654.36	0.0316357
654.495	0.0318485
654.63	0.0315648
654.765	0.0319904
654.9	0.0315648
655.035	0.0316357
655.17	0.0324869
655.305	0.0314938
655.44	0.0311392
655.575	0.0310682
655.71	0.0321322
655.845	0.0317066
655.98	0.0322741
656.115	0.0311392
656.25	0.0307136
656.384	0.0320613
656.519	0.0316357
656.654	0.0307136
656.789	0.031352
656.924	0.0320613
657.059	0.0317776
657.194	0.0330543
657.329	0.0322741
657.464	0.0322031
657.599	0.0320613
657.734	0.0321322
657.869	0.0318485
658.004	0.0322741
658.139	0.032345
658.274	0.0322741
658.409	0.0324869
658.544	0.0320613
658.679	0.0305008
658.813	0.0309973
658.948	0.0305717
659.083	0.0302171
659.218	0.0318485
659.353	0.0324869
659.488	0.0315648
659.623	0.0324159
659.758	0.0321322
659.893	0.0318485
660.028	0.031352
660.163	0.0311392
660.298	0.031352
660.433	0.0318485
660.568	0.0324159
660.703	0.0316357
660.838	0.0317776
660.972	0.0312101
661.107	0.0311392
661.242	0.0321322
661.377	0.0317066
661.512	0.032345
661.647	0.0316357
661.782	0.0315648
661.917	0.0327706
662.052	0.0319194
662.187	0.0326287
662.322	0.0315648
662.457	0.0316357
662.592	0.0321322
662.727	0.0318485
662.862	0.0319194
662.996	0.0317776
663.131	0.0317776
663.266	0.0321322
663.401	0.031352
663.536	0.0319904
663.671	0.0312101
663.806	0.0309264
663.941	0.0314938
664.076	0.0309973
664.211	0.0315648
664.346	0.0321322
664.481	0.0316357
664.616	0.0314229
664.75	0.0319904
664.885	0.0318485
665.02	0.031281
665.155	0.0315648
665.29	0.0322741
665.425	0.0319194
665.56	0.0322031
665.695	0.032345
665.83	0.031352
665.965	0.0315648
666.1	0.031352
666.235	0.0326997
666.37	0.0314938
666.504	0.0327706
666.639	0.0307845
666.774	0.032345
666.909	0.0312101
667.044	0.0314938
667.179	0.031352
667.314	0.0321322
667.449	0.0316357
667.584	0.031281
667.719	0.0311392
667.854	0.0321322
667.989	0.0319904
668.123	0.0319194
668.258	0.0307845
668.393	0.0322741
668.528	0.0322031
668.663	0.0309264
668.798	0.0317066
668.933	0.0324869
669.068	0.0314938
669.203	0.0319194
669.338	0.031352
669.473	0.031352
669.607	0.0310682
669.742	0.0324869
669.877	0.031281
670.012	0.0319904
670.147	0.0315648
670.282	0.0326287
670.417	0.0315648
670.552	0.0324869
670.687	0.0324159
670.822	0.031352
670.957	0.031281
671.091	0.0316357
671.226	0.0318485
671.361	0.0327706
671.496	0.0316357
671.631	0.0319194
671.766	0.0318485
671.901	0.0314938
672.036	0.0319194
672.171	0.0307845
672.306	0.0312101
672.44	0.0314229
672.575	0.0315648
672.71	0.031281
672.845	0.0321322
672.98	0.031352
673.115	0.0319194
673.25	0.0322031
673.385	0.0312101
673.52	0.0321322
673.655	0.0317776
673.789	0.0311392
673.924	0.0308554
674.059	0.0319194
674.194	0.0320613
674.329	0.0311392
674.464	0.0322031
674.599	0.0311392
674.734	0.0317776
674.869	0.0322031
675.003	0.0317776
675.138	0.0321322
675.273	0.031352
675.408	0.0319904
675.543	0.0319904
675.678	0.0317776
675.813	0.0324869
675.948	0.0303589
676.083	0.0327706
676.217	0.031352
676.352	0.0312101
676.487	0.0316357
676.622	0.0319194
676.757	0.0317066
676.892	0.0322741
677.027	0.0314229
677.162	0.0322031
677.297	0.031352
677.431	0.032345
677.566	0.0316357
677.701	0.0317066
677.836	0.0317776
677.971	0.0321322
678.106	0.0309973
678.241	0.0314938
678.376	0.0326287
678.511	0.0307845
678.645	0.031281
678.78	0.0317776
678.915	0.0314938
679.05	0.0319194
679.185	0.0317776
679.32	0.0319194
679.455	0.0325578
679.59	0.0319904
679.724	0.0303589
679.859	0.0324869
679.994	0.0322741
680.129	0.0322031
680.264	0.0314229
680.399	0.0322031
680.534	0.0324869
680.669	0.0316357
680.803	0.0325578
680.938	0.0320613
681.073	0.031352
681.208	0.0317776
681.343	0.0309264
681.478	0.0317776
681.613	0.031352
681.748	0.0318485
681.882	0.032345
682.017	0.0328415
682.152	0.031352
682.287	0.031352
682.422	0.0315648
682.557	0.0319194
682.692	0.0319904
682.827	0.0314938
682.961	0.0308554
683.096	0.031352
683.231	0.0315648
683.366	0.0326997
683.501	0.0322031
683.636	0.0309264
683.771	0.0321322
683.906	0.0319194
684.04	0.0325578
684.175	0.031352
684.31	0.0317066
684.445	0.0315648
684.58	0.0318485
684.715	0.0324159
684.85	0.0312101
684.984	0.031352
685.119	0.0325578
685.254	0.031352
685.389	0.0336218
685.524	0.031352
685.659	0.0320613
685.794	0.032345
685.928	0.0306426
686.063	0.0317066
686.198	0.0322741
686.333	0.0320613
686.468	0.0311392
686.603	0.031281
686.738	0.0317066
686.872	0.0308554
687.007	0.0321322
687.142	0.0310682
687.277	0.0318485
687.412	0.0330543
687.547	0.0321322
687.682	0.031281
687.816	0.0320613
687.951	0.0315648
688.086	0.0311392
688.221	0.0319904
688.356	0.0317776
688.491	0.0322741
688.626	0.0322031
688.76	0.0315648
688.895	0.0318485
689.03	0.0309264
689.165	0.0315648
689.3	0.0314229
689.435	0.0318485
689.57	0.0314938
689.704	0.0320613
689.839	0.0326997
689.974	0.031352
690.109	0.0319904
690.244	0.0319904
690.379	0.0324159
690.513	0.0314938
690.648	0.0325578
690.783	0.0317066
690.918	0.0307845
691.053	0.0315648
691.188	0.0314938
691.323	0.031352
691.457	0.0321322
691.592	0.0310682
691.727	0.0314938
691.862	0.031281
691.997	0.0314229
692.132	0.0314938
692.266	0.0324869
692.401	0.0311392
692.536	0.0316357
692.671	0.0319194
692.806	0.0319904
692.941	0.0324869
693.075	0.0326287
693.21	0.0320613
693.345	0.0319904
693.48	0.031281
693.615	0.031352
693.75	0.0320613
693.885	0.0306426
694.019	0.0310682
694.154	0.031352
694.289	0.031352
694.424	0.0308554
694.559	0.0314938
694.694	0.0307136
694.828	0.0316357
694.963	0.0318485
695.098	0.0325578
695.233	0.031352
695.368	0.0322031
695.503	0.0309973
695.637	0.0316357
695.772	0.0314938
695.907	0.0309973
696.042	0.0327706
696.177	0.0322741
696.312	0.0310682
696.446	0.0326287
696.581	0.0318485
696.716	0.0321322
696.851	0.0322031
696.986	0.0317066
697.12	0.0316357
697.255	0.031281
697.39	0.0317066
697.525	0.0316357
697.66	0.0315648
697.795	0.031281
697.929	0.0309973
698.064	0.0326287
698.199	0.0317776
698.334	0.0326287
698.469	0.0319904
698.604	0.0307845
698.738	0.0314938
698.873	0.0309973
699.008	0.0322031
699.143	0.0321322
699.278	0.0317066
699.412	0.0321322
699.547	0.0322031
699.682	0.0319904
699.817	0.0316357
699.952	0.0320613
700.087	0.0325578
700.221	0.0317776
700.356	0.0320613
700.491	0.0314938
700.626	0.0319194
700.761	0.0318485
700.895	0.0322031
701.03	0.0314938
701.165	0.0324159
701.3	0.0317776
701.435	0.0312101
701.57	0.0316357
701.704	0.0327706
701.839	0.0315648
701.974	0.0303589
702.109	0.0311392
702.244	0.0318485
702.378	0.0306426
702.513	0.0311392
702.648	0.0309264
702.783	0.0322031
702.918	0.0319194
703.052	0.0325578
703.187	0.0317066
703.322	0.0314938
703.457	0.0315648
703.592	0.0310682
703.727	0.0306426
703.861	0.0312101
703.996	0.0317776
704.131	0.0318485
704.266	0.0324159
704.401	0.0324159
704.535	0.031281
704.67	0.031281
704.805	0.0324159
704.94	0.0314229
705.075	0.0307136
705.209	0.0315648
705.344	0.0317066
705.479	0.0314229
705.614	0.0310682
705.749	0.0312101
705.883	0.0319904
706.018	0.0322741
706.153	0.0318485
706.288	0.0315648
706.423	0.031352
706.557	0.0318485
706.692	0.0328415
706.827	0.0316357
706.962	0.0322031
707.097	0.0322741
707.231	0.0325578
707.366	0.0324159
707.501	0.0314938
707.636	0.0329125
707.771	0.0314938
707.905	0.0320613
708.04	0.0326287
708.175	0.0322741
708.31	0.0324869
708.445	0.0319904
708.579	0.0320613
708.714	0.0314229
708.849	0.0322031
708.984	0.0305008
709.118	0.0312101
709.253	0.0314229
709.388	0.0311392
709.523	0.0324869
709.658	0.0314229
709.792	0.0324159
709.927	0.0304298
710.062	0.0320613
710.197	0.0305717
710.332	0.0322741
710.466	0.0314938
710.601	0.0312101
710.736	0.0317776
710.871	0.0314938
711.006	0.0317776
711.14	0.0324159
711.275	0.0325578
711.41	0.0311392
711.545	0.031352
711.679	0.031281
711.814	0.0319904
711.949	0.031281
712.084	0.0310682
712.219	0.0315648
712.353	0.0333381
712.488	0.0320613
712.623	0.0314938
712.758	0.0324159
712.892	0.0321322
713.027	0.0328415
713.162	0.0316357
713.297	0.0317066
713.432	0.031281
713.566	0.0318485
713.701	0.0310682
713.836	0.0317776
713.971	0.0329834
714.105	0.032345
714.24	0.0321322
714.375	0.0317776
714.51	0.0311392
714.645	0.031281
714.779	0.0321322
714.914	0.0317776
715.049	0.0321322
715.184	0.0324869
715.318	0.0309973
715.453	0.0317066
715.588	0.0318485
715.723	0.0311392
715.858	0.031281
715.992	0.031352
716.127	0.0309973
716.262	0.0317066
716.397	0.0324159
716.531	0.0324159
716.666	0.0310682
716.801	0.0307136
716.936	0.0317776
717.07	0.0315648
717.205	0.0307136
717.34	0.0314938
717.475	0.0317066
717.61	0.0317776
717.744	0.0316357
717.879	0.031281
718.014	0.0311392
718.149	0.0317776
718.283	0.0315648
718.418	0.0317066
718.553	0.0322741
718.688	0.0316357
718.822	0.0310682
718.957	0.0322741
719.092	0.0316357
719.227	0.0320613
719.361	0.0314938
719.496	0.0322741
719.631	0.0316357
719.766	0.0324159
719.9	0.0327706
720.035	0.0314229
720.17	0.0324869
720.305	0.0318485
720.44	0.0317776
720.574	0.031352
720.709	0.0322741
720.844	0.0319194
720.979	0.0311392
721.113	0.0321322
721.248	0.0309264
721.383	0.0322741
721.518	0.0317066
721.652	0.0314938
721.787	0.0319194
721.922	0.0316357
722.057	0.0309264
722.191	0.0317066
722.326	0.0310682
722.461	0.0320613
722.596	0.0312101
722.73	0.0325578
722.865	0.0320613
723	0.0316357
723.135	0.0308554
723.269	0.0317066
723.404	0.0317066
723.539	0.031281
723.674	0.0314229
723.808	0.0300752
723.943	0.0325578
724.078	0.0314229
724.213	0.0316357
724.347	0.0314938
724.482	0.0326997
724.617	0.0308554
724.752	0.0320613
724.886	0.0306426
725.021	0.0314938
725.156	0.0309973
725.291	0.0311392
725.425	0.0314938
725.56	0.0329125
725.695	0.031352
725.829	0.0327706
725.964	0.0319904
726.099	0.0307845
726.234	0.031281
726.368	0.0316357
726.503	0.0319194
726.638	0.0320613
726.773	0.0314938
726.907	0.0317066
727.042	0.0309973
727.177	0.0321322
727.312	0.0314938
727.446	0.0319904
727.581	0.031281
727.716	0.0317066
727.851	0.0322741
727.985	0.0310682
728.12	0.0317776
728.255	0.0326997
728.389	0.0314938
728.524	0.0314229
728.659	0.0322741
728.794	0.0314938
728.928	0.031281
729.063	0.0320613
729.198	0.0312101
729.333	0.0310682
729.467	0.0322741
729.602	0.0317066
729.737	0.0314938
729.872	0.0317776
730.006	0.0318485
730.141	0.0318485
730.276	0.0308554
730.41	0.0317776
730.545	0.0318485
730.68	0.0314938
730.815	0.0315648
730.949	0.0322741
731.084	0.0329834
731.219	0.0320613
731.354	0.0322031
731.488	0.0321322
731.623	0.0311392
731.758	0.0324869
731.892	0.0308554
732.027	0.0317066
732.162	0.0312101
732.297	0.0322741
732.431	0.0319904
732.566	0.0319904
732.701	0.0329125
732.835	0.0322031
732.97	0.0309264
733.105	0.0317066
733.24	0.0316357
733.374	0.0316357
733.509	0.0319904
733.644	0.0309973
733.779	0.0317066
733.913	0.0320613
734.048	0.0309973
734.183	0.0314938
734.317	0.0318485
734.452	0.0308554
734.587	0.0324869
734.722	0.0317776
734.856	0.0322741
734.991	0.0318485
735.126	0.0314229
735.26	0.0320613
735.395	0.0322741
735.53	0.0312101
735.665	0.0310682
735.799	0.0318485
735.934	0.0319194
736.069	0.0311392
736.203	0.0322031
736.338	0.032345
736.473	0.0324869
736.607	0.031281
736.742	0.0310682
736.877	0.0322031
737.012	0.0321322
737.146	0.0317066
737.281	0.032345
737.416	0.0317066
737.55	0.0309264
737.685	0.0314938
737.82	0.0306426
737.955	0.0317776
738.089	0.0319194
738.224	0.032345
738.359	0.031352
738.493	0.0322741
738.628	0.0316357
738.763	0.0318485
738.897	0.0307845
739.032	0.0322031
739.167	0.0314938
739.302	0.0320613
739.436	0.031281
739.571	0.032345
739.706	0.0317776
739.84	0.0320613
739.975	0.0320613
740.11	0.0322741
740.244	0.0317776
740.379	0.0325578
740.514	0.0311392
740.649	0.0326997
740.783	0.0309264
740.918	0.032345
741.053	0.0319194
741.187	0.0324869
741.322	0.0306426
741.457	0.0319904
741.591	0.031281
741.726	0.0318485
741.861	0.0318485
741.996	0.0312101
742.13	0.0317776
742.265	0.0317066
742.4	0.0322741
742.534	0.0318485
742.669	0.0317066
742.804	0.0310682
742.938	0.0309264
743.073	0.0317776
743.208	0.031281
743.342	0.0316357
743.477	0.0317776
743.612	0.0315648
743.747	0.0324869
743.881	0.0316357
744.016	0.0307845
744.151	0.0310682
744.285	0.0316357
744.42	0.0317776
744.555	0.0321322
744.689	0.0318485
744.824	0.0309264
744.959	0.0312101
745.093	0.0322741
745.228	0.0311392
745.363	0.0324159
745.497	0.0320613
745.632	0.0309973
745.767	0.0320613
745.901	0.032345
746.036	0.0318485
746.171	0.0319904
746.305	0.0322031
746.44	0.031352
746.575	0.0319904
746.71	0.0322741
746.844	0.0320613
746.979	0.0322741
747.114	0.0318485
747.248	0.0319194
747.383	0.0316357
747.518	0.031352
747.652	0.0325578
747.787	0.0319904
747.922	0.0315648
748.056	0.0312101
748.191	0.0317776
748.326	0.0309264
748.46	0.0314938
748.595	0.0320613
748.73	0.0311392
748.864	0.0314938
748.999	0.0315648
749.134	0.031352
749.268	0.0322031
749.403	0.0307136
749.538	0.0322741
749.672	0.0317066
749.807	0.0319194
749.942	0.0317066
750.076	0.0325578
750.211	0.0319194
750.346	0.0327706
750.48	0.0316357
750.615	0.0314938
750.75	0.0307136
750.884	0.0312101
751.019	0.0310682
751.154	0.0309264
751.288	0.0327706
751.423	0.0307136
751.558	0.0306426
751.692	0.0310682
751.827	0.0316357
751.962	0.0309264
752.096	0.0325578
752.231	0.0319904
752.366	0.0319904
752.5	0.0319904
752.635	0.032345
752.77	0.0315648
752.904	0.0307136
753.039	0.0328415
753.174	0.0311392
753.308	0.0320613
753.443	0.031281
753.578	0.0321322
753.712	0.0310682
753.847	0.0310682
753.982	0.0317066
754.116	0.0326997
754.251	0.0310682
754.386	0.0317066
754.52	0.0306426
754.655	0.0309973
754.79	0.0320613
754.924	0.0317066
755.059	0.0303589
755.194	0.0318485
755.328	0.0314229
755.463	0.0317066
755.597	0.0307136
755.732	0.0324159
755.867	0.0325578
756.001	0.031281
756.136	0.0327706
756.271	0.0327706
756.405	0.0326287
756.54	0.0316357
756.675	0.0307845
756.809	0.0320613
756.944	0.0314229
757.079	0.0322031
757.213	0.0320613
757.348	0.0318485
757.483	0.031281
757.617	0.0309264
757.752	0.0319194
757.887	0.0329834
758.021	0.031281
758.156	0.0322741
758.29	0.0326287
758.425	0.0319904
758.56	0.0319904
758.694	0.0319194
758.829	0.0316357
758.964	0.0311392
759.098	0.0314938
759.233	0.0324869
759.368	0.0306426
759.502	0.0309264
759.637	0.0317776
759.772	0.0311392
759.906	0.0319904
760.041	0.0324159
760.175	0.0325578
760.31	0.0329834
760.445	0.0325578
760.579	0.0314938
760.714	0.0312101
760.849	0.0314938
760.983	0.0310682
761.118	0.0322741
761.253	0.0319904
761.387	0.0310682
761.522	0.0317066
761.656	0.032345
761.791	0.0325578
761.926	0.0322031
762.06	0.0319904
762.195	0.0317066
762.33	0.0314938
762.464	0.0311392
762.599	0.0316357
762.733	0.0318485
762.868	0.0318485
763.003	0.0315648
763.137	0.0317776
763.272	0.0319904
763.407	0.0305717
763.541	0.0307845
763.676	0.0322741
763.811	0.0325578
763.945	0.0328415
764.08	0.0319194
764.214	0.0312101
764.349	0.0319904
764.484	0.0333381
764.618	0.032345
764.753	0.0315648
764.888	0.0307845
765.022	0.0324869
765.157	0.0322031
765.291	0.0317066
765.426	0.0317776
765.561	0.0312101
765.695	0.0317066
765.83	0.0315648
765.965	0.0321322
766.099	0.0317066
766.234	0.0317066
766.368	0.032345
766.503	0.0307845
766.638	0.0318485
766.772	0.031281
766.907	0.031352
767.041	0.0318485
767.176	0.0311392
767.311	0.0316357
767.445	0.0311392
767.58	0.0329834
767.715	0.0310682
767.849	0.0314229
767.984	0.0303589
768.118	0.0318485
768.253	0.0307845
768.388	0.0311392
768.522	0.0319194
768.657	0.0314229
768.791	0.031281
768.926	0.0318485
769.061	0.0308554
769.195	0.0320613
769.33	0.0306426
769.465	0.0322741
769.599	0.0324869
769.734	0.0309973
769.868	0.0307845
770.003	0.0326287
770.138	0.0309973
770.272	0.0304298
770.407	0.0321322
770.541	0.0328415
770.676	0.0307136
770.811	0.0320613
770.945	0.0325578
771.08	0.0317066
771.214	0.031352
771.349	0.032345
771.484	0.0309973
771.618	0.0326287
771.753	0.0310682
771.887	0.0319194
772.022	0.0319194
772.157	0.0319194
772.291	0.0321322
772.426	0.0316357
772.56	0.0310682
772.695	0.0318485
772.83	0.0317776
772.964	0.0316357
773.099	0.0327706
773.233	0.0315648
773.368	0.0307845
773.503	0.0317066
773.637	0.0320613
773.772	0.032345
773.906	0.031281
774.041	0.0316357
774.176	0.0309973
774.31	0.0326287
774.445	0.0317776
774.579	0.0322031
774.714	0.0315648
774.849	0.0310682
774.983	0.0328415
775.118	0.0316357
775.252	0.0307136
775.387	0.0325578
775.522	0.0326287
775.656	0.0316357
775.791	0.0321322
775.925	0.0324869
776.06	0.0318485
776.195	0.032345
776.329	0.0311392
776.464	0.0317776
776.598	0.0329125
776.733	0.0329834
776.868	0.0322031
777.002	0.0319194
777.137	0.031281
777.271	0.031352
777.406	0.0315648
777.54	0.0317776
777.675	0.0319904
777.81	0.032345
777.944	0.0324159
778.079	0.0308554
778.213	0.0318485
778.348	0.0317776
778.483	0.0316357
778.617	0.0317066
778.752	0.0311392
778.886	0.0315648
779.021	0.0311392
779.155	0.0315648
779.29	0.0311392
779.425	0.0319194
779.559	0.0320613
779.694	0.0320613
779.828	0.0316357
779.963	0.0314938
780.098	0.0315648
780.232	0.0308554
780.367	0.0315648
780.501	0.0309264
780.636	0.0324869
780.77	0.0322031
780.905	0.0319194
781.04	0.0318485
781.174	0.0317066
781.309	0.0324159
781.443	0.0319904
781.578	0.0324159
781.712	0.0314229
781.847	0.0308554
781.982	0.0316357
782.116	0.0317066
782.251	0.0315648
782.385	0.0319194
782.52	0.031281
782.654	0.0319904
782.789	0.0309973
782.924	0.0321322
783.058	0.0319904
783.193	0.0319194
783.327	0.0315648
783.462	0.0317776
783.596	0.0316357
783.731	0.0324159
783.866	0.0317776
784	0.0322031
784.135	0.0307136
784.269	0.0317066
784.404	0.0318485
784.538	0.0322031
784.673	0.0316357
784.808	0.0306426
784.942	0.0319904
785.077	0.031281
785.211	0.0321322
785.346	0.0322031
785.48	0.0317066
785.615	0.0314229
785.75	0.0319904
785.884	0.0318485
786.019	0.0325578
786.153	0.0307136
786.288	0.032345
786.422	0.0322031
786.557	0.0315648
786.691	0.0317776
786.826	0.0317066
786.961	0.0318485
787.095	0.0319194
787.23	0.0319194
787.364	0.0307845
787.499	0.0307136
787.633	0.0317066
787.768	0.0324869
787.902	0.0319194
788.037	0.0322031
788.172	0.0321322
788.306	0.0324159
788.441	0.0307136
788.575	0.0310682
788.71	0.0324159
788.844	0.0314938
788.979	0.0307136
789.113	0.031352
789.248	0.0308554
789.383	0.0316357
789.517	0.0316357
789.652	0.0322741
789.786	0.0319194
789.921	0.0320613
790.055	0.0320613
790.19	0.0317776
790.324	0.0319904
790.459	0.0325578
790.594	0.0317776
790.728	0.0309264
790.863	0.0322031
790.997	0.0324869
791.132	0.0325578
791.266	0.0314229
791.401	0.032345
791.535	0.0328415
791.67	0.0314229
791.804	0.0317776
791.939	0.0314938
792.074	0.0319904
792.208	0.0314938
792.343	0.0314938
792.477	0.0317776
792.612	0.0322741
792.746	0.0319194
792.881	0.0322031
793.015	0.0329125
793.15	0.0312101
793.284	0.0324159
793.419	0.0321322
793.553	0.0309264
793.688	0.0322031
793.823	0.0316357
793.957	0.0324159
794.092	0.0320613
794.226	0.0321322
794.361	0.0307136
794.495	0.0325578
794.63	0.0326287
794.764	0.0318485
794.899	0.0318485
795.033	0.0314229
795.168	0.0319904
795.302	0.0319904
795.437	0.0321322
795.572	0.0325578
795.706	0.031352
795.841	0.0321322
795.975	0.0314229
796.11	0.0328415
796.244	0.0315648
796.379	0.0327706
796.513	0.0306426
796.648	0.0324159
796.782	0.0317066
796.917	0.0318485
797.051	0.0328415
797.186	0.0322031
797.32	0.0321322
797.455	0.0318485
797.589	0.0328415
797.724	0.0317066
797.859	0.0319194
797.993	0.0327706
798.128	0.0315648
798.262	0.0317066
798.397	0.0325578
798.531	0.0327706
798.666	0.032345
798.8	0.0317776
798.935	0.0317066
799.069	0.0330543
799.204	0.0317066
799.338	0.0318485
799.473	0.0326997
799.607	0.0317776
799.742	0.0314229
799.876	0.0317776
800.011	0.0320613
800.145	0.0326287
800.28	0.0336927
800.414	0.031352
800.549	0.0320613
800.683	0.0328415
800.818	0.0319904
800.953	0.032345
801.087	0.0331253
801.222	0.0320613
801.356	0.0327706
801.491	0.031352
801.625	0.0339765
801.76	0.0328415
801.894	0.0326997
802.029	0.0331962
802.163	0.0331253
802.298	0.0326997
802.432	0.0329834
802.567	0.0325578
802.701	0.0329125
802.836	0.0320613
802.97	0.0329125
803.105	0.0340474
803.239	0.0331962
803.374	0.034473
803.508	0.0337637
803.643	0.0339765
803.777	0.0324869
803.912	0.0326287
804.046	0.0333381
804.181	0.0333381
804.315	0.0340474
804.45	0.0342602
804.584	0.0348276
804.719	0.035466
804.853	0.0359625
804.988	0.0351823
805.122	0.0356788
805.257	0.0366009
805.391	0.0373812
805.526	0.0375231
805.66	0.0370975
805.795	0.0378068
805.929	0.0376649
806.064	0.0399347
806.198	0.0392964
806.333	0.0418499
806.467	0.041708
806.602	0.0422755
806.736	0.0443325
806.871	0.0463896
807.005	0.0481629
807.14	0.0544049
807.274	0.0733437
807.409	0.106682
807.543	0.0995177
807.678	0.101078
807.812	0.218825
807.947	0.453043
808.081	0.568166
808.216	0.812598
808.35	0.893389
808.485	0.774507
808.619	0.685842
808.754	0.912612
808.888	1
809.023	0.926869
809.157	0.873244
809.292	0.768691
809.426	0.619591
809.561	0.79068
809.695	0.698113
809.83	0.286636
809.964	0.157114
810.099	0.159597
810.233	0.103135
810.368	0.0683076
810.502	0.0456093
810.637	0.0402894
810.771	0.0381614
810.906	0.037594
811.04	0.0379486
811.175	0.0356788
811.309	0.0363881
811.444	0.0366719
811.578	0.034473
811.713	0.0357498
811.847	0.0351114
811.982	0.035466
812.116	0.0346148
812.251	0.0336218
812.385	0.0334799
812.519	0.0338346
812.654	0.0337637
812.788	0.0332671
812.923	0.0341183
813.057	0.0336218
813.192	0.0329834
813.326	0.0336927
813.461	0.0332671
813.595	0.033409
813.73	0.0331253
813.864	0.0339765
813.999	0.0331253
814.133	0.0326997
814.268	0.0325578
814.402	0.0330543
814.537	0.0329125
814.671	0.0327706
814.806	0.0324869
814.94	0.0319194
815.075	0.0332671
815.209	0.0332671
815.344	0.0324159
815.478	0.0326287
815.612	0.0325578
815.747	0.0319194
815.881	0.0320613
816.016	0.0318485
816.15	0.0322741
816.285	0.0327706
816.419	0.0328415
816.554	0.0317066
816.688	0.032345
816.823	0.0321322
816.957	0.0324159
817.092	0.0318485
817.226	0.0324869
817.361	0.0317776
817.495	0.0311392
817.63	0.0317776
817.764	0.0319904
817.898	0.0317776
818.033	0.0316357
818.167	0.0322741
818.302	0.0318485
818.436	0.0320613
818.571	0.0316357
818.705	0.0330543
818.84	0.0320613
818.974	0.0321322
819.109	0.0322031
819.243	0.0315648
819.378	0.0317776
819.512	0.0317066
819.646	0.0305717
819.781	0.0317776
819.915	0.0311392
820.05	0.0319904
820.184	0.0318485
820.319	0.0317066
820.453	0.0324869
820.588	0.0325578
820.722	0.0319194
820.857	0.0309973
820.991	0.0320613
821.126	0.0314938
821.26	0.0317066
821.394	0.032345
821.529	0.0322031
821.663	0.0319194
821.798	0.0326287
821.932	0.0317776
822.067	0.0317776
822.201	0.0319194
822.336	0.0307845
822.47	0.0303589
822.605	0.0319194
822.739	0.0319194
822.873	0.0312101
823.008	0.0325578
823.142	0.031281
823.277	0.0319904
823.411	0.0314938
823.546	0.0319194
823.68	0.0314229
823.815	0.0327706
823.949	0.0320613
824.083	0.031352
824.218	0.0309973
824.352	0.0324869
824.487	0.031281
824.621	0.0324159
824.756	0.0309973
824.89	0.0314938
825.025	0.0322031
825.159	0.0319904
825.293	0.0329834
825.428	0.0319904
825.562	0.0324869
825.697	0.0310682
825.831	0.0326287
825.966	0.0322741
826.1	0.0324159
826.235	0.0314938
826.369	0.0319904
826.503	0.0321322
826.638	0.0321322
826.772	0.031352
826.907	0.0319194
827.041	0.0331253
827.176	0.030288
827.31	0.031281
827.445	0.0329834
827.579	0.0322741
827.713	0.0317776
827.848	0.0317776
827.982	0.0319904
828.117	0.0316357
828.251	0.0312101
828.386	0.0330543
828.52	0.0316357
828.654	0.0322031
828.789	0.0318485
828.923	0.0319904
829.058	0.0315648
829.192	0.0319194
829.327	0.0311392
829.461	0.0314229
829.596	0.0322741
829.73	0.0322741
829.864	0.0311392
829.999	0.0319904
830.133	0.0317776
830.268	0.0322741
830.402	0.0322031
830.537	0.032345
830.671	0.031281
830.805	0.0320613
830.94	0.0319904
831.074	0.0322741
831.209	0.0314229
831.343	0.0317066
831.478	0.0317066
831.612	0.0318485
831.746	0.0316357
831.881	0.0316357
832.015	0.032345
832.15	0.0316357
832.284	0.0316357
832.418	0.0310682
832.553	0.0319904
832.687	0.0331962
832.822	0.0311392
832.956	0.0317776
833.091	0.030288
833.225	0.0314938
833.359	0.0314229
833.494	0.031281
833.628	0.0318485
833.763	0.0314938
833.897	0.0318485
834.032	0.0314938
834.166	0.031352
834.3	0.0321322
834.435	0.0318485
834.569	0.0319194
834.704	0.0317066
834.838	0.0316357
834.972	0.0325578
835.107	0.0318485
835.241	0.0307845
835.376	0.031281
835.51	0.0309973
835.645	0.0315648
835.779	0.0321322
835.913	0.0319904
836.048	0.0311392
836.182	0.0314229
836.317	0.0317776
836.451	0.0314229
836.585	0.032345
836.72	0.0324869
836.854	0.032345
836.989	0.0309264
837.123	0.031352
837.257	0.0312101
837.392	0.0310682
837.526	0.032345
837.661	0.0324159
837.795	0.0322031
837.929	0.0312101
838.064	0.0316357
838.198	0.0320613
838.333	0.031281
838.467	0.0315648
838.602	0.0314938
838.736	0.0322031
838.87	0.0322741
839.005	0.0306426
839.139	0.0314229
839.274	0.0317066
839.408	0.0307136
839.542	0.0317066
839.677	0.0317776
839.811	0.0318485
839.946	0.0319904
840.08	0.0326287
840.214	0.0326997
840.349	0.0312101
840.483	0.0318485
840.618	0.0322741
840.752	0.0318485
840.886	0.0311392
841.021	0.0317776
841.155	0.0314938
841.29	0.0322031
841.424	0.031281
841.558	0.0319904
841.693	0.0314229
841.827	0.0322741
841.961	0.0324159
842.096	0.0309264
842.23	0.0316357
842.365	0.0311392
842.499	0.0322741
842.633	0.0314229
842.768	0.0316357
842.902	0.0318485
843.037	0.0318485
843.171	0.0324869
843.305	0.0314938
843.44	0.0319904
843.574	0.0322741
843.709	0.031352
843.843	0.0309973
843.977	0.0318485
844.112	0.0324159
844.246	0.0316357
844.381	0.0324159
844.515	0.0308554
844.649	0.0316357
844.784	0.0326997
844.918	0.0327706
845.052	0.0314938
845.187	0.0315648
845.321	0.0320613
845.456	0.0320613
845.59	0.0310682
845.724	0.0319194
845.859	0.0314229
845.993	0.0309973
846.128	0.0311392
846.262	0.0316357
846.396	0.0312101
846.531	0.0310682
846.665	0.0308554
846.799	0.0316357
846.934	0.0321322
847.068	0.0311392
847.203	0.0316357
847.337	0.0322741
847.471	0.0322031
847.606	0.0314229
847.74	0.0326287
847.874	0.0314229
848.009	0.0319904
848.143	0.031352
848.278	0.0314938
848.412	0.0319904
848.546	0.0317066
848.681	0.0321322
848.815	0.0318485
848.949	0.0319904
849.084	0.0309973
849.218	0.0314229
849.353	0.0309264
849.487	0.0315648
849.621	0.0316357
849.756	0.0322031
849.89	0.0319904
850.024	0.0321322
850.159	0.0314229
850.293	0.0314229
850.428	0.0326997
850.562	0.031281
850.696	0.031281
850.831	0.0314229
850.965	0.0316357
851.099	0.0314938
851.234	0.0321322
851.368	0.0304298
851.502	0.0324869
851.637	0.0319194
851.771	0.0310682
851.906	0.0305008
852.04	0.031281
852.174	0.0310682
852.309	0.0322031
852.443	0.0314938
852.577	0.0326997
852.712	0.0312101
852.846	0.0307136
852.98	0.0318485
853.115	0.0328415
853.249	0.0321322
853.384	0.0317776
853.518	0.0319904
853.652	0.0321322
853.787	0.0315648
853.921	0.0318485
854.055	0.0315648
854.19	0.0318485
854.324	0.0317066
854.458	0.0317066
854.593	0.0324159
854.727	0.0317776
854.861	0.0311392
854.996	0.0307845
855.13	0.031352
855.265	0.0319904
855.399	0.0310682
855.533	0.0319194
855.668	0.0319194
855.802	0.0319904
855.936	0.0315648
856.071	0.0317776
856.205	0.0322031
856.339	0.0311392
856.474	0.0314938
856.608	0.0317776
856.742	0.0311392
856.877	0.0305717
857.011	0.0309973
857.145	0.0312101
857.28	0.0317066
857.414	0.0321322
857.549	0.0317066
857.683	0.0317066
857.817	0.0315648
857.952	0.0314229
858.086	0.0317776
858.22	0.0322031
858.355	0.0320613
858.489	0.0315648
858.623	0.0326287
858.758	0.0320613
858.892	0.031281
859.026	0.0306426
859.161	0.0321322
859.295	0.031281
859.429	0.0320613
859.564	0.0322741
859.698	0.0314229
859.832	0.031281
859.967	0.0314938
860.101	0.031281
860.235	0.0322741
860.37	0.031281
860.504	0.0319904
860.638	0.0314938
860.773	0.0314229
860.907	0.0319904
861.041	0.031352
861.176	0.0318485
861.31	0.0325578
861.444	0.0322741
861.579	0.0322741
861.713	0.031352
861.847	0.0315648
861.982	0.0320613
862.116	0.0316357
862.25	0.0320613
862.385	0.0316357
862.519	0.0319194
862.653	0.0311392
862.788	0.0322031
862.922	0.0325578
863.056	0.0304298
863.191	0.0318485
863.325	0.0329834
863.459	0.0304298
863.594	0.0331962
863.728	0.0316357
863.862	0.0319904
863.997	0.0310682
864.131	0.0317776
864.265	0.0315648
864.4	0.031281
864.534	0.0316357
864.668	0.0317066
864.803	0.031281
864.937	0.0321322
865.071	0.0312101
865.206	0.0315648
865.34	0.0319194
865.474	0.0317066
865.609	0.0319194
865.743	0.031352
865.877	0.0324159
866.012	0.0325578
866.146	0.0324159
866.28	0.0316357
866.415	0.0316357
866.549	0.0326997
866.683	0.0315648
866.818	0.0316357
866.952	0.0311392
867.086	0.0322741
867.221	0.031281
867.355	0.0314938
867.489	0.0315648
867.623	0.0322031
867.758	0.0318485
867.892	0.0311392
868.026	0.032345
868.161	0.0322741
868.295	0.0325578
868.429	0.0324869
868.564	0.0324159
868.698	0.0320613
868.832	0.0317776
868.967	0.0328415
869.101	0.0317776
869.235	0.0322741
869.37	0.0316357
869.504	0.0321322
869.638	0.0322031
869.773	0.0316357
869.907	0.0321322
870.041	0.0317776
870.175	0.0317066
870.31	0.0308554
870.444	0.0310682
870.578	0.0317776
870.713	0.0317066
870.847	0.0321322
870.981	0.0318485
871.116	0.0319904
871.25	0.0316357
871.384	0.0319904
871.519	0.0305717
871.653	0.0310682
871.787	0.031352
871.921	0.032345
872.056	0.032345
872.19	0.0314229
872.324	0.0321322
872.459	0.0324159
872.593	0.0318485
872.727	0.0319194
872.862	0.0317066
872.996	0.031281
873.13	0.031352
873.264	0.0317776
873.399	0.0311392
873.533	0.0315648
873.667	0.032345
873.802	0.0316357
873.936	0.0314229
874.07	0.0319904
874.205	0.0314229
874.339	0.0319194
874.473	0.032345
874.607	0.0315648
874.742	0.0317066
874.876	0.031281
875.01	0.0312101
875.145	0.0324869
875.279	0.0320613
875.413	0.0311392
875.548	0.0317066
875.682	0.0316357
875.816	0.0322741
875.95	0.0322031
876.085	0.0321322
876.219	0.0320613
876.353	0.0308554
876.488	0.031352
876.622	0.0318485
876.756	0.0332671
876.89	0.0316357
877.025	0.0320613
877.159	0.0317776
877.293	0.0314229
877.428	0.0319904
877.562	0.0317776
877.696	0.0320613
877.83	0.0324159
877.965	0.0320613
878.099	0.0316357
878.233	0.0317066
878.368	0.0319194
878.502	0.0310682
878.636	0.0315648
878.77	0.0321322
878.905	0.032345
879.039	0.0324159
879.173	0.0319904
879.308	0.0314938
879.442	0.0309973
879.576	0.0329125
879.71	0.0319904
879.845	0.0316357
879.979	0.0320613
880.113	0.0330543
880.248	0.031281
880.382	0.0320613
880.516	0.032345
880.65	0.0318485
880.785	0.0319194
880.919	0.0322031
881.053	0.0319194
881.188	0.0317776
881.322	0.031352
881.456	0.0316357
881.59	0.0307845
881.725	0.031281
881.859	0.0309264
881.993	0.031352
882.127	0.0314229
882.262	0.0316357
882.396	0.0319904
882.53	0.031352
882.665	0.0326287
882.799	0.0319904
882.933	0.0314938
883.067	0.0321322
883.202	0.0324159
883.336	0.0326997
883.47	0.0319904
883.604	0.0314938
883.739	0.0322741
883.873	0.0315648
884.007	0.0325578
884.142	0.032345
884.276	0.0326287
884.41	0.0314229
884.544	0.0315648
884.679	0.0317066
884.813	0.0321322
884.947	0.0322741
885.081	0.0321322
885.216	0.0317066
885.35	0.0324159
885.484	0.0326287
885.618	0.0325578
885.753	0.0314229
885.887	0.0324869
886.021	0.0318485
886.155	0.0307845
886.29	0.0322031
886.424	0.031281
886.558	0.0311392
886.693	0.0318485
886.827	0.0320613
886.961	0.0332671
887.095	0.031281
887.23	0.0319194
887.364	0.0321322
887.498	0.0315648
887.632	0.0309264
887.767	0.0304298
887.901	0.0314229
888.035	0.0322741
888.169	0.0321322
888.304	0.0317776
888.438	0.0322741
888.572	0.0317066
888.706	0.0307845
888.841	0.0319194
888.975	0.0324159
889.109	0.0316357
889.243	0.0324159
889.378	0.0309973
889.512	0.0314229
889.646	0.0319194
889.78	0.0307845
889.915	0.0319194
890.049	0.0317066
890.183	0.0305717
890.317	0.0317066
890.452	0.0319904
890.586	0.0309264
890.72	0.0319904
890.854	0.0320613
890.989	0.0314938
891.123	0.0314229
891.257	0.0322031
891.391	0.0320613
891.526	0.0309973
891.66	0.0325578
891.794	0.0314229
891.928	0.0314229
892.063	0.0324869
892.197	0.0310682
892.331	0.0320613
892.465	0.0319904
892.6	0.031281
892.734	0.0330543
892.868	0.0322031
893.002	0.0317066
893.137	0.031281
893.271	0.0321322
893.405	0.0316357
893.539	0.0314229
893.674	0.0320613
893.808	0.0316357
893.942	0.0322031
894.076	0.0327706
894.21	0.0311392
894.345	0.0319194
894.479	0.031352
894.613	0.0320613
894.747	0.0319194
894.882	0.0311392
895.016	0.0319904
895.15	0.0324869
895.284	0.032345
895.419	0.0310682
895.553	0.0319904
895.687	0.0317776
895.821	0.0319194
895.956	0.0314938
896.09	0.0329125
896.224	0.0315648
896.358	0.031352
896.492	0.0314938
896.627	0.0319194
896.761	0.0322031
896.895	0.0316357
897.029	0.0330543
897.164	0.0314229
897.298	0.031352
897.432	0.0311392
897.566	0.0301461
897.701	0.0326997
897.835	0.0309973
897.969	0.0320613
898.103	0.0317066
898.237	0.0322741
898.372	0.031352
898.506	0.0318485
898.64	0.031352
898.774	0.0322741
898.909	0.0314229
899.043	0.0322741
899.177	0.0319904
899.311	0.0314938
899.445	0.0322741
899.58	0.0322741
899.714	0.0319904
899.848	0.0317066
899.982	0.0320613
900.117	0.0316357
900.251	0.030288
900.385	0.0319904
900.519	0.0319904
900.653	0.0308554
900.788	0.0306426
900.922	0.0314229
901.056	0.0321322
901.19	0.0316357
901.325	0.0314938
901.459	0.031352
901.593	0.0319194
901.727	0.0315648
901.861	0.0321322
901.996	0.0315648
902.13	0.0319194
902.264	0.0320613
902.398	0.0308554
902.532	0.0306426
902.667	0.0325578
902.801	0.0314938
902.935	0.0315648
903.069	0.0305717
903.204	0.0315648
903.338	0.0324159
903.472	0.0321322
903.606	0.0311392
903.74	0.031352
903.875	0.0322031
904.009	0.0318485
904.143	0.0327706
904.277	0.0319194
904.411	0.0317066
904.546	0.0318485
904.68	0.0314229
904.814	0.0321322
904.948	0.0310682
905.082	0.0317066
905.217	0.0320613
905.351	0.0317066
905.485	0.0322741
905.619	0.0319194
905.753	0.0318485
905.888	0.0316357
906.022	0.0309264
906.156	0.0320613
906.29	0.0326997
906.424	0.0315648
906.559	0.0329125
906.693	0.0322741
906.827	0.0324869
906.961	0.0317066
907.095	0.0301461
907.23	0.0310682
907.364	0.0321322
907.498	0.0316357
907.632	0.0304298
907.766	0.0319194
907.901	0.0316357
908.035	0.0319904
908.169	0.0314938
908.303	0.0317066
908.437	0.0316357
908.572	0.0316357
908.706	0.0316357
908.84	0.0314938
908.974	0.0310682
909.108	0.0318485
909.243	0.0319904
909.377	0.0317066
909.511	0.0312101
909.645	0.0312101
909.779	0.0316357
909.914	0.0315648
910.048	0.0318485
910.182	0.0309973
910.316	0.0307845
910.45	0.0317066
910.585	0.0312101
910.719	0.0319904
910.853	0.0317776
910.987	0.0314229
911.121	0.031281
911.255	0.0327706
911.39	0.0319194
911.524	0.0305008
911.658	0.0315648
911.792	0.0315648
911.926	0.0320613
912.061	0.031281
912.195	0.0317066
912.329	0.0324869
912.463	0.0311392
912.597	0.0307845
912.732	0.0320613
912.866	0.0322031
913	0.031352
913.134	0.0322031
913.268	0.0318485
913.402	0.0315648
913.537	0.0322031
913.671	0.0319194
913.805	0.031352
913.939	0.0320613
914.073	0.0335509
914.208	0.0306426
914.342	0.031281
914.476	0.0326287
914.61	0.0317066
914.744	0.0314229
914.878	0.0319194
915.013	0.0315648
915.147	0.0314229
915.281	0.0309973
915.415	0.0316357
915.549	0.0322741
915.683	0.0322741
915.818	0.031281
915.952	0.0325578
916.086	0.031352
916.22	0.0315648
916.354	0.0322031
916.488	0.0311392
916.623	0.0326997
916.757	0.0322031
916.891	0.0322031
917.025	0.0326997
917.159	0.0308554
917.293	0.0319904
917.428	0.0316357
917.562	0.032345
917.696	0.0314938
917.83	0.0318485
917.964	0.0315648
918.098	0.0321322
918.233	0.0315648
918.367	0.0315648
918.501	0.0315648
918.635	0.0319194
918.769	0.0322741
918.903	0.0311392
919.038	0.0309973
919.172	0.0322031
919.306	0.0311392
919.44	0.0314229
919.574	0.0316357
919.708	0.0309973
919.843	0.0321322
919.977	0.0316357
920.111	0.031281
920.245	0.0310682
920.379	0.0330543
920.513	0.0318485
920.648	0.0314229
920.782	0.0317066
920.916	0.0322031
921.05	0.0314229
921.184	0.0319904
921.318	0.0315648
921.453	0.0311392
921.587	0.0314938
921.721	0.031281
921.855	0.0321322
921.989	0.0326287
922.123	0.0309973
922.257	0.032345
922.392	0.031352
922.526	0.0314229
922.66	0.0329125
922.794	0.0319904
922.928	0.0308554
923.062	0.0320613
923.197	0.0318485
923.331	0.0317776
923.465	0.0321322
923.599	0.0319194
923.733	0.0317776
923.867	0.0314229
924.001	0.0324159
924.136	0.0315648
924.27	0.0311392
924.404	0.0320613
924.538	0.0306426
924.672	0.0311392
924.806	0.031281
924.94	0.031352
925.075	0.031281
925.209	0.0314938
925.343	0.0307136
925.477	0.0319194
925.611	0.0316357
925.745	0.031281
925.879	0.0328415
926.014	0.0311392
926.148	0.0317776
926.282	0.0319194
926.416	0.0320613
926.55	0.0315648
926.684	0.0317776
926.818	0.0317066
926.953	0.032345
927.087	0.0317066
927.221	0.0317066
927.355	0.0318485
927.489	0.0321322
927.623	0.0322031
927.757	0.031352
927.892	0.0319194
928.026	0.0308554
928.16	0.031352
928.294	0.0314229
928.428	0.0324869
928.562	0.0315648
928.696	0.0309264
928.831	0.0318485
928.965	0.0319194
929.099	0.0317066
929.233	0.0324869
929.367	0.0322031
929.501	0.0316357
929.635	0.0314938
929.769	0.0321322
929.904	0.0311392
930.038	0.0312101
930.172	0.031352
930.306	0.0318485
930.44	0.031352
930.574	0.031281
930.708	0.0314229
930.843	0.032345
930.977	0.0317776
931.111	0.0311392
931.245	0.0317066
931.379	0.0314938
931.513	0.0318485
931.647	0.0319904
931.781	0.0320613
931.916	0.031281
932.05	0.0315648
932.184	0.0317066
932.318	0.032345
932.452	0.0328415
932.586	0.0328415
932.72	0.031281
932.854	0.0321322
932.989	0.0322741
933.123	0.031281
933.257	0.0317066
933.391	0.031281
933.525	0.0307136
933.659	0.0317776
933.793	0.0315648
933.927	0.0317066
934.061	0.0310682
934.196	0.0321322
934.33	0.0324869
934.464	0.0317776
934.598	0.0318485
934.732	0.0319904
934.866	0.0321322
935	0.0321322
935.134	0.0318485
935.269	0.0317776
935.403	0.0315648
935.537	0.0327706
935.671	0.0318485
935.805	0.0317776
935.939	0.0327706
936.073	0.0319904
936.207	0.0317066
936.341	0.0309973
936.476	0.0317066
936.61	0.0318485
936.744	0.0312101
936.878	0.0320613
937.012	0.0319904
937.146	0.0315648
937.28	0.0310682
937.414	0.0309973
937.548	0.0325578
937.683	0.0311392
937.817	0.032345
937.951	0.0319194
938.085	0.0314938
938.219	0.031352
938.353	0.0322741
938.487	0.0324869
938.621	0.0315648
938.755	0.0312101
938.889	0.0314938
939.024	0.032345
939.158	0.0310682
939.292	0.031281
939.426	0.0311392
939.56	0.0317776
939.694	0.0307136
939.828	0.0320613
939.962	0.0316357
940.096	0.0319904
940.231	0.0317776
940.365	0.0315648
940.499	0.0317776
940.633	0.0302171
940.767	0.0311392
940.901	0.0319194
941.035	0.0324159
941.169	0.0314938
941.303	0.0305008
941.437	0.0317066
941.571	0.0324159
941.706	0.0318485
941.84	0.031352
941.974	0.0309264
942.108	0.0309264
942.242	0.0319194
942.376	0.0312101
942.51	0.0314229
942.644	0.0322031
942.778	0.031352
942.912	0.0319194
943.047	0.0314938
943.181	0.0318485
943.315	0.0317776
943.449	0.0318485
943.583	0.0325578
943.717	0.0310682
943.851	0.0319194
943.985	0.0314229
944.119	0.0329125
944.253	0.032345
944.387	0.0317776
944.522	0.0312101
944.656	0.0318485
944.79	0.0318485
944.924	0.0320613
945.058	0.0319194
945.192	0.0317066
945.326	0.0305008
945.46	0.0309264
945.594	0.0321322
945.728	0.0318485
945.862	0.0316357
945.996	0.0314229
946.131	0.0314229
946.265	0.031281
946.399	0.0316357
946.533	0.0317776
946.667	0.032345
946.801	0.0329125
946.935	0.0306426
947.069	0.0318485
947.203	0.0317776
947.337	0.0308554
947.471	0.0326287
947.605	0.0319904
947.739	0.0322031
947.874	0.0320613
948.008	0.031281
948.142	0.0327706
948.276	0.0319194
948.41	0.0319194
948.544	0.0314229
948.678	0.0319904
948.812	0.031352
948.946	0.0318485
949.08	0.031281
949.214	0.0320613
949.348	0.0310682
949.482	0.0330543
949.617	0.0314229
949.751	0.0317066
949.885	0.0317066
950.019	0.0312101
950.153	0.0322741
950.287	0.0319194
950.421	0.0314938
950.555	0.0317776
950.689	0.0315648
950.823	0.0321322
950.957	0.0317776
951.091	0.031352
951.225	0.0316357
951.359	0.0315648
951.493	0.0316357
951.628	0.0322031
951.762	0.0310682
951.896	0.0327706
952.03	0.0322031
952.164	0.0321322
952.298	0.0320613
952.432	0.0320613
952.566	0.0324869
952.7	0.0318485
952.834	0.0317776
952.968	0.0309264
953.102	0.031352
953.236	0.0319904
953.37	0.0322031
953.504	0.0319904
953.639	0.0317776
953.773	0.0328415
953.907	0.0317066
954.041	0.0312101
954.175	0.0320613
954.309	0.0315648
954.443	0.0315648
954.577	0.0322031
954.711	0.0318485
954.845	0.0318485
954.979	0.0307845
955.113	0.0318485
955.247	0.0314229
955.381	0.0318485
955.515	0.0317776
955.649	0.0317066
955.783	0.0321322
955.917	0.0319904
956.052	0.0326997
956.186	0.0321322
956.32	0.0316357
956.454	0.0317066
956.588	0.0331962
956.722	0.0322741
956.856	0.0324869
956.99	0.031281
957.124	0.032345
957.258	0.0321322
957.392	0.0311392
957.526	0.0316357
957.66	0.0308554
957.794	0.0329834
957.928	0.0324869
958.062	0.0308554
958.196	0.0315648
958.33	0.0325578
958.464	0.0318485
958.598	0.0316357
958.733	0.031352
958.867	0.031352
959.001	0.0314229
959.135	0.0316357
959.269	0.0322741
959.403	0.0316357
959.537	0.0307845
959.671	0.0317066
959.805	0.0316357
959.939	0.0324159
960.073	0.0326997
960.207	0.0319904
960.341	0.0319194
960.475	0.031281
960.609	0.0316357
960.743	0.0319194
960.877	0.0329834
961.011	0.0314938
961.145	0.0324869
961.279	0.0322741
961.413	0.0318485
961.547	0.0314229
961.681	0.0314938
961.815	0.0322031
961.949	0.030288
962.083	0.032345
962.218	0.031281
962.352	0.0311392
962.486	0.0309264
962.62	0.0310682
962.754	0.0320613
962.888	0.0312101
963.022	0.0329834
963.156	0.0311392
963.29	0.031352
963.424	0.0310682
963.558	0.0311392
963.692	0.0319904
963.826	0.0319194
963.96	0.0321322
964.094	0.0322741
964.228	0.0315648
964.362	0.0322741
964.496	0.0319904
964.63	0.0306426
964.764	0.0318485
964.898	0.0319194
965.032	0.0312101
965.166	0.0324869
965.3	0.0318485
965.434	0.0312101
965.568	0.0329834
965.702	0.032345
965.836	0.0324159
965.97	0.032345
966.104	0.0316357
966.238	0.0316357
966.372	0.0316357
966.506	0.0310682
966.64	0.0319904
966.774	0.0309973
966.908	0.032345
967.043	0.0320613
967.177	0.0324159
967.311	0.0317066
967.445	0.0319194
967.579	0.031352
967.713	0.0315648
967.847	0.0319194
967.981	0.0324159
968.115	0.0318485
968.249	0.0316357
968.383	0.0311392
968.517	0.0309264
968.651	0.031352
968.785	0.0316357
968.919	0.0315648
969.053	0.0317776
969.187	0.031352
969.321	0.0321322
969.455	0.0307845
969.589	0.0322741
969.723	0.0324159
969.857	0.0317066
969.991	0.0317066
970.125	0.0329125
970.259	0.0310682
970.393	0.031352
970.527	0.0314229
970.661	0.0320613
970.795	0.0318485
970.929	0.0317776
971.063	0.0319194
971.197	0.0319194
971.331	0.0317066
971.465	0.0320613
971.599	0.0321322
971.733	0.0322031
971.867	0.0312101
972.001	0.0316357
972.135	0.0314938
972.269	0.0314229
972.403	0.0319194
972.537	0.0314938
972.671	0.0317066
972.805	0.0307136
972.939	0.0314229
973.073	0.0317776
973.207	0.0319904
973.341	0.0329125
973.475	0.0310682
973.609	0.0310682
973.743	0.0314229
973.877	0.0309973
974.011	0.0317066
974.145	0.0314938
974.279	0.031281
974.413	0.0307845
974.547	0.0319194
974.681	0.0319904
974.815	0.0326287
974.949	0.0319194
975.083	0.0309973
975.217	0.0322031
975.351	0.0310682
975.485	0.0320613
975.619	0.0318485
975.753	0.0322741
975.887	0.0319904
976.021	0.0320613
976.155	0.0314229
976.289	0.0308554
976.423	0.0317066
976.557	0.0318485
976.691	0.0307845
976.825	0.0314938
976.959	0.0314229
977.093	0.0317776
977.227	0.0311392
977.361	0.031281
977.495	0.0328415
977.629	0.032345
977.763	0.0314229
977.897	0.031281
978.031	0.0310682
978.165	0.0314938
978.299	0.0321322
978.433	0.0325578
978.567	0.0319904
978.701	0.0311392
978.835	0.0322031
978.969	0.0314229
979.103	0.0314938
979.237	0.0317066
979.371	0.031281
979.505	0.0320613
979.639	0.0314938
979.773	0.0317776
979.907	0.0317066
980.041	0.0322031
980.175	0.0314229
980.308	0.032345
980.442	0.0317776
980.576	0.031352
980.71	0.0317066
980.844	0.0319904
980.978	0.0317776
981.112	0.0319194
981.246	0.031281
981.38	0.0317066
981.514	0.031352
981.648	0.0324869
981.782	0.0319904
981.916	0.0322031
982.05	0.0316357
982.184	0.0318485
982.318	0.0322741
982.452	0.0321322
982.586	0.0317066
982.72	0.0322031
982.854	0.0307136
982.988	0.0315648
983.122	0.031281
983.256	0.0322741
983.39	0.0314229
983.524	0.0308554
983.658	0.0315648
983.792	0.0314938
983.926	0.0317776
984.06	0.0319904
984.194	0.0314229
984.328	0.0317776
984.462	0.0314229
984.596	0.0319194
984.73	0.0317776
984.864	0.0324159
984.998	0.0318485
985.132	0.0312101
985.265	0.0316357
985.399	0.0319904
985.533	0.0307845
985.667	0.0316357
985.801	0.0311392
985.935	0.0314229
986.069	0.0311392
986.203	0.031352
986.337	0.0320613
986.471	0.0326287
986.605	0.0326287
986.739	0.0319194
986.873	0.0310682
987.007	0.0322741
987.141	0.0314938
987.275	0.0318485
987.409	0.0306426
987.543	0.031352
987.677	0.031352
987.811	0.0314938
987.945	0.0317066
988.079	0.0319904
988.213	0.0327706
988.347	0.0322741
988.481	0.0318485
988.614	0.0317066
988.748	0.0312101
988.882	0.0318485
989.016	0.0328415
989.15	0.0307136
989.284	0.0320613
989.418	0.0310682
989.552	0.0317776
989.686	0.0316357
989.82	0.0316357
989.954	0.0319904
990.088	0.0317776
990.222	0.0310682
990.356	0.031281
990.49	0.032345
990.624	0.0322031
990.758	0.0319904
990.892	0.0309264
991.026	0.0312101
991.16	0.0310682
991.294	0.0319904
991.427	0.0324159
991.561	0.0322741
991.695	0.0319194
991.829	0.0317066
991.963	0.0314229
992.097	0.0324159
992.231	0.031352
992.365	0.0329125
992.499	0.0310682
992.633	0.0318485
992.767	0.0319904
992.901	0.0319194
993.035	0.0314229
993.169	0.0322031
993.303	0.0320613
993.437	0.0312101
993.571	0.0317066
993.704	0.0319904
993.838	0.0320613
993.972	0.0314938
994.106	0.0317066
994.24	0.0312101
994.374	0.0318485
994.508	0.0311392
994.642	0.032345
994.776	0.0327706
994.91	0.031352
995.044	0.0311392
995.178	0.0311392
995.312	0.0320613
995.446	0.0327706
995.58	0.0319194
995.714	0.031281
995.847	0.0315648
995.981	0.0321322
996.115	0.031352
996.249	0.0311392
996.383	0.0324159
996.517	0.0316357
996.651	0.0324869
996.785	0.0310682
996.919	0.0319904
997.053	0.0314938
997.187	0.0317776
997.321	0.0322741
997.455	0.0314938
997.589	0.0315648
997.722	0.0328415
997.856	0.0318485
997.99	0.0317066
998.124	0.0314229
998.258	0.0314229
998.392	0.0319194
998.526	0.0318485
998.66	0.0326287
998.794	0.0314938
998.928	0.0317066
999.062	0.0312101
999.196	0.031352
999.33	0.0326287
999.464	0.0325578
999.597	0.0317066
999.731	0.0316357
999.865	0.0328415
999.999	0.0311392
1000.13	0.0314229
1000.27	0.0319904
1000.4	0.0307136
1000.53	0.0305717
1000.67	0.0315648
1000.8	0.0319904
1000.94	0.0324869
1001.07	0.0310682
1001.2	0.0315648
1001.34	0.0311392
1001.47	0.0320613
1001.61	0.0308554
1001.74	0.0314229
1001.87	0.0309264
1002.01	0.0325578
1002.14	0.0308554
1002.28	0.0316357
1002.41	0.0320613
1002.54	0.0301461
1002.68	0.0306426
1002.81	0.0319194
1002.95	0.0310682
1003.08	0.0317066
1003.21	0.0303589
1003.35	0.0322741
1003.48	0.0319194
1003.61	0.031281
1003.75	0.0314938
1003.88	0.0318485
1004.02	0.0319904
1004.15	0.0321322
1004.28	0.0319904
1004.42	0.031281
1004.55	0.0319194
1004.69	0.0325578
1004.82	0.0322741
1004.95	0.0314229
1005.09	0.0324159
1005.22	0.0320613
1005.36	0.0319904
1005.49	0.0314938
1005.62	0.031352
1005.76	0.0314229
1005.89	0.031352
1006.03	0.0324869
1006.16	0.0314229
1006.29	0.031281
1006.43	0.0318485
1006.56	0.0309973
1006.69	0.0316357
1006.83	0.0317776
1006.96	0.0309264
1007.1	0.0321322
1007.23	0.0314229
1007.36	0.0314938
1007.5	0.0300752
1007.63	0.0314938
1007.77	0.0310682
1007.9	0.0320613
1008.03	0.0314229
1008.17	0.0316357
1008.3	0.031352
1008.44	0.031352
1008.57	0.0324869
1008.7	0.032345
1008.84	0.0319904
1008.97	0.0316357
1009.1	0.031352
1009.24	0.0326997
1009.37	0.0314229
1009.51	0.0329125
1009.64	0.031352
1009.77	0.0319904
1009.91	0.0318485
1010.04	0.0330543
1010.18	0.0317066
1010.31	0.0329834
1010.44	0.0309973
1010.58	0.0319194
1010.71	0.0322031
1010.85	0.0329125
1010.98	0.0309973
1011.11	0.0318485
1011.25	0.0319904
1011.38	0.0315648
1011.51	0.0307845
1011.65	0.0324869
1011.78	0.0311392
1011.92	0.0317066
1012.05	0.0324159
1012.18	0.0322031
1012.32	0.0311392
1012.45	0.0320613
1012.59	0.0310682
1012.72	0.0322031
1012.85	0.0311392
1012.99	0.0321322
1013.12	0.0318485
1013.26	0.0314938
1013.39	0.0311392
1013.52	0.031281
1013.66	0.031281
1013.79	0.0319194
1013.92	0.0317776
1014.06	0.0326997
1014.19	0.0310682
1014.33	0.0316357
1014.46	0.0319194
1014.59	0.0317066
1014.73	0.0312101
1014.86	0.0309973
1015	0.0311392
1015.13	0.0316357
1015.26	0.0319904
1015.4	0.0311392
1015.53	0.0316357
1015.67	0.0314938
1015.8	0.0308554
1015.93	0.0314938
1016.07	0.032345
1016.2	0.0322031
1016.33	0.0317066
1016.47	0.0321322
1016.6	0.0314938
1016.74	0.0326287
1016.87	0.0322741
1017	0.0317776
1017.14	0.0314229
1017.27	0.0315648
1017.41	0.0316357
1017.54	0.0324159
1017.67	0.0322741
1017.81	0.0322031
1017.94	0.0316357
1018.07	0.0307845
1018.21	0.0314229
1018.34	0.0324159
1018.48	0.0319904
1018.61	0.032345
1018.74	0.0314938
1018.88	0.0319194
1019.01	0.0314229
1019.15	0.0322031
1019.28	0.0315648
1019.41	0.0307136
1019.55	0.0321322
1019.68	0.0321322
1019.82	0.0316357
1019.95	0.0307845
1020.08	0.0315648
1020.22	0.032345
1020.35	0.0317776
1020.48	0.0319904
1020.62	0.0317776
1020.75	0.0319194
1020.89	0.0317066
1021.02	0.0322031
1021.15	0.031352
1021.29	0.0319904
1021.42	0.0316357
1021.56	0.0315648
1021.69	0.0319904
1021.82	0.0311392
1021.96	0.0316357
1022.09	0.0314938
1022.22	0.0319904
1022.36	0.0319194
1022.49	0.0310682
1022.63	0.0317776
1022.76	0.0317066
1022.89	0.0320613
1023.03	0.0317066
1023.16	0.0319904
1023.3	0.0317066
1023.43	0.0314938
1023.56	0.0315648
1023.7	0.0314938
1023.83	0.0317066
1023.96	0.0322031
1024.1	0.0322031
1024.23	0.0328415
1024.37	0.0309973
1024.5	0.0309973
1024.63	0.0319194
1024.77	0.0319194
1024.9	0.0321322
1025.04	0.0312101
1025.17	0.0322741
1025.3	0.0320613
1025.44	0.031281
1025.57	0.0317066
1025.7	0.0314229
1025.84	0.0318485
1025.97	0.0317066
1026.11	0.0312101
1026.24	0.0319194
1026.37	0.0322031
1026.51	0.0312101
1026.64	0.0317066
1026.78	0.031352
1026.91	0.0319194
1027.04	0.0316357
1027.18	0.0316357
1027.31	0.0326287
1027.44	0.0324159
1027.58	0.0324159
1027.71	0.031352
1027.85	0.0317066
1027.98	0.0315648
1028.11	0.0319194
1028.25	0.0314938
1028.38	0.0319904
1028.52	0.0317776
1028.65	0.0319904
1028.78	0.0309973
1028.92	0.0307845
1029.05	0.0311392
1029.18	0.031281
1029.32	0.0326997
1029.45	0.0324159
1029.59	0.0317776
1029.72	0.0322741
1029.85	0.0315648
1029.99	0.0320613
1030.12	0.0326287
1030.26	0.031281
1030.39	0.0314229
1030.52	0.0307845
1030.66	0.0318485
1030.79	0.0314229
1030.92	0.0320613
1031.06	0.0316357
1031.19	0.0328415
1031.33	0.0316357
1031.46	0.0322031
1031.59	0.0309264
1031.73	0.0316357
1031.86	0.0314229
1031.99	0.0325578
1032.13	0.0317776
1032.26	0.0316357
1032.4	0.0310682
1032.53	0.0311392
1032.66	0.0324159
1032.8	0.031352
1032.93	0.0316357
1033.07	0.0324159
1033.2	0.031352
1033.33	0.0314938
1033.47	0.030288
1033.6	0.0315648
1033.73	0.0322741
1033.87	0.0321322
1034	0.0316357
1034.14	0.0320613
1034.27	0.0317776
1034.4	0.0315648
1034.54	0.0319904
1034.67	0.0326997
1034.81	0.0304298
1034.94	0.0320613
1035.07	0.032345
1035.21	0.0312101
1035.34	0.0324869
1035.47	0.0329834
1035.61	0.0310682
1035.74	0.0306426
1035.88	0.0318485
1036.01	0.0309264
1036.14	0.0322031
1036.28	0.0321322
1036.41	0.0330543
1036.54	0.0317066
1036.68	0.0321322
1036.81	0.0308554
1036.95	0.0312101
1037.08	0.0324159
1037.21	0.0318485
1037.35	0.0317066
1037.48	0.0319194
1037.62	0.0310682
1037.75	0.0319194
1037.88	0.0322741
1038.02	0.032345
1038.15	0.0318485
1038.28	0.0310682
1038.42	0.0307845
1038.55	0.0315648
1038.69	0.0317066
1038.82	0.0322031
1038.95	0.0317776
1039.09	0.0322741
1039.22	0.0315648
1039.35	0.0325578
1039.49	0.0317776
1039.62	0.0312101
1039.76	0.0319904
1039.89	0.0320613
1040.02	0.031281
1040.16	0.032345
1040.29	0.0314229
1040.43	0.0311392
1040.56	0.0312101
1040.69	0.0309264
1040.83	0.0322741
1040.96	0.0320613
1041.09	0.0321322
1041.23	0.032345
1041.36	0.0319904
1041.5	0.0311392
1041.63	0.0309264
1041.76	0.0306426
1041.9	0.0322031
1042.03	0.0325578
1042.16	0.0319904
1042.3	0.0318485
1042.43	0.0327706
1042.57	0.0317066
1042.7	0.0314938
1042.83	0.0325578
1042.97	0.032345
1043.1	0.0320613
1043.23	0.0319904
1043.37	0.0314229
1043.5	0.0322031
1043.64	0.0307845
1043.77	0.0317776
1043.9	0.0327706
1044.04	0.0310682
1044.17	0.031352
1044.31	0.031281
1044.44	0.0316357
1044.57	0.0309973
1044.71	0.0310682
1044.84	0.0316357
1044.97	0.0325578
1045.11	0.0316357
1045.24	0.0317066
1045.38	0.0330543
1045.51	0.031281
1045.64	0.0321322
1045.78	0.0311392
1045.91	0.0319194
1046.04	0.0329834
1046.18	0.0311392
1046.31	0.0312101
1046.45	0.0309973
1046.58	0.0309973
1046.71	0.0319194
1046.85	0.0319194
1046.98	0.0322031
1047.11	0.0317776
1047.25	0.0319194
1047.38	0.0309264
1047.52	0.0315648
1047.65	0.0312101
1047.78	0.0317776
1047.92	0.0320613
1048.05	0.0317776
1048.18	0.0309973
1048.32	0.0318485
1048.45	0.0322031
1048.59	0.031281
1048.72	0.0314938
1048.85	0.031352
1048.99	0.0328415
1049.12	0.0316357
1049.25	0.0322741
1049.39	0.0319194
1049.52	0.0322741
1049.66	0.0307136
1049.79	0.0320613
1049.92	0.031352
1050.06	0.0317776
1050.19	0.031281
1050.33	0.0331253
1050.46	0.0318485
1050.59	0.0314229
1050.73	0.0324159
1050.86	0.0322741
1050.99	0.0316357
1051.13	0.0324159
1051.26	0.0321322
1051.4	0.0308554
1051.53	0.0316357
1051.66	0.0314938
1051.8	0.0305717
1051.93	0.0311392
1052.06	0.0307136
1052.2	0.0320613
1052.33	0.0318485
1052.47	0.0319194
1052.6	0.0317066
1052.73	0.0316357
1052.87	0.0319904
1053	0.0324869
1053.13	0.0322741
1053.27	0.0308554
1053.4	0.0315648
1053.54	0.0307845
1053.67	0.032345
1053.8	0.031281
1053.94	0.0319904
1054.07	0.0324159
1054.2	0.0311392
1054.34	0.0317066
1054.47	0.0322741
1054.61	0.0320613
1054.74	0.0319904
1054.87	0.0317776
1055.01	0.032345
1055.14	0.0314229
1055.27	0.0326997
1055.41	0.0314938
1055.54	0.0322031
1055.68	0.0317066
1055.81	0.031352
1055.94	0.0307845
1056.08	0.0310682
1056.21	0.0317776
1056.34	0.0314938
1056.48	0.0316357
1056.61	0.0319904
1056.75	0.0314229
1056.88	0.0319904
1057.01	0.0319194
1057.15	0.0319194
1057.28	0.0304298
1057.41	0.0314229
1057.55	0.0311392
1057.68	0.0311392
1057.82	0.0316357
1057.95	0.0322031
1058.08	0.0316357
1058.22	0.0327706
1058.35	0.0306426
1058.48	0.0315648
1058.62	0.0311392
1058.75	0.0327706
1058.89	0.0317776
1059.02	0.0322031
1059.15	0.0311392
1059.29	0.0329834
1059.42	0.0315648
1059.55	0.0311392
1059.69	0.0316357
1059.82	0.0305717
1059.96	0.0317776
1060.09	0.0315648
1060.22	0.0321322
1060.36	0.0318485
1060.49	0.0314229
1060.62	0.0324159
1060.76	0.0329834
1060.89	0.0326287
1061.03	0.0319904
1061.16	0.0319904
1061.29	0.0314229
1061.43	0.031352
1061.56	0.0315648
1061.69	0.0314229
1061.83	0.0317066
1061.96	0.0322741
1062.1	0.0326997
1062.23	0.0322741
1062.36	0.0324869
1062.5	0.0315648
1062.63	0.031281
1062.76	0.0309264
1062.9	0.0325578
1063.03	0.031352
1063.17	0.0322741
1063.3	0.0322741
1063.43	0.0319904
1063.57	0.0308554
1063.7	0.0314938
1063.83	0.0317776
1063.97	0.0320613
1064.1	0.031352
1064.23	0.0307136
1064.37	0.0311392
1064.5	0.0318485
1064.64	0.0324159
1064.77	0.0309973
1064.9	0.0327706
1065.04	0.0318485
1065.17	0.0317776
1065.3	0.0322031
1065.44	0.0314938
1065.57	0.031352
1065.71	0.0309264
1065.84	0.0319904
1065.97	0.031352
1066.11	0.0317776
1066.24	0.0316357
1066.37	0.0319904
1066.51	0.0324159
1066.64	0.0324869
1066.78	0.0325578
1066.91	0.0325578
1067.04	0.0324869
1067.18	0.0321322
1067.31	0.0321322
1067.44	0.0317066
1067.58	0.0319904
1067.71	0.0318485
1067.85	0.031281
1067.98	0.0317776
1068.11	0.0327706
1068.25	0.0305717
1068.38	0.031281
1068.51	0.031281
1068.65	0.0325578
1068.78	0.0319194
1068.92	0.0317776
1069.05	0.0316357
1069.18	0.0325578
1069.32	0.0316357
1069.45	0.0316357
1069.58	0.0322031
1069.72	0.0321322
1069.85	0.0303589
1069.98	0.0308554
1070.12	0.0326287
1070.25	0.031281
1070.39	0.0319904
1070.52	0.0306426
1070.65	0.0318485
1070.79	0.0310682
1070.92	0.0322741
1071.05	0.0303589
1071.19	0.0319904
1071.32	0.031281
1071.46	0.0315648
1071.59	0.0318485
1071.72	0.031281
1071.86	0.0314229
1071.99	0.0317066
1072.12	0.0317066
1072.26	0.0325578
1072.39	0.0316357
1072.53	0.0318485
1072.66	0.0317066
1072.79	0.0320613
1072.93	0.0312101
1073.06	0.0322741
1073.19	0.031352
1073.33	0.0304298
1073.46	0.031281
1073.59	0.0317066
1073.73	0.0307136
1073.86	0.0324159
1074	0.0318485
1074.13	0.0308554
1074.26	0.0317776
1074.4	0.0319904
1074.53	0.0317066
1074.66	0.0316357
1074.8	0.0316357
1074.93	0.031281
1075.07	0.0311392
1075.2	0.0322031
1075.33	0.0317066
1075.47	0.0319904
1075.6	0.0311392
1075.73	0.0312101
1075.87	0.032345
1076	0.0317066
1076.14	0.0317776
1076.27	0.0307845
1076.4	0.0324159
1076.54	0.0319904
1076.67	0.0326997
1076.8	0.0317066
1076.94	0.031352
1077.07	0.031281
1077.2	0.0322741
1077.34	0.0309973
1077.47	0.0307845
1077.61	0.031281
1077.74	0.0317066
1077.87	0.031281
1078.01	0.0312101
1078.14	0.0318485
1078.27	0.0320613
1078.41	0.0322741
1078.54	0.0306426
1078.68	0.0314938
1078.81	0.0314938
1078.94	0.0309264
1079.08	0.0308554
1079.21	0.0304298
1079.34	0.031352
1079.48	0.0317776
1079.61	0.0314938
1079.74	0.0319194
1079.88	0.0317776
1080.01	0.0326997
1080.15	0.0319904
1080.28	0.0322031
1080.41	0.0315648
1080.55	0.0321322
1080.68	0.0316357
1080.81	0.0326287
1080.95	0.031281
1081.08	0.0314229
1081.22	0.0321322
1081.35	0.031352
1081.48	0.0327706
1081.62	0.0317066
1081.75	0.0306426
1081.88	0.0321322
1082.02	0.0308554
1082.15	0.0322741
1082.28	0.0319904
1082.42	0.0314229
1082.55	0.0314229
1082.69	0.0319904
1082.82	0.0325578
1082.95	0.0319194
1083.09	0.0326287
1083.22	0.0321322
1083.35	0.0319904
1083.49	0.0322741
1083.62	0.0320613
1083.75	0.0317066
1083.89	0.0316357
1084.02	0.0315648
1084.16	0.0309973
1084.29	0.0324159
1084.42	0.0308554
1084.56	0.0318485
1084.69	0.0319904
1084.82	0.0314938
1084.96	0.0314938
1085.09	0.0325578
1085.23	0.0314938
1085.36	0.0314229
1085.49	0.0328415
1085.63	0.031281
1085.76	0.0326997
1085.89	0.031352
1086.03	0.0320613
1086.16	0.0307845
1086.29	0.0317066
1086.43	0.0321322
1086.56	0.0319904
1086.7	0.0316357
1086.83	0.0307136
1086.96	0.031281
1087.1	0.0321322
1087.23	0.0310682
1087.36	0.0317776
1087.5	0.0319194
1087.63	0.0319904
1087.76	0.0308554
1087.9	0.0319904
1088.03	0.0317066
1088.17	0.0322741
1088.3	0.0315648
1088.43	0.031352
1088.57	0.0320613
1088.7	0.0314938
1088.83	0.0318485
1088.97	0.0328415
1089.1	0.0311392
1089.24	0.031352
1089.37	0.031352
1089.5	0.0317776
1089.64	0.0311392
1089.77	0.0326287
1089.9	0.0322031
1090.04	0.031352
1090.17	0.0312101
1090.3	0.0324869
1090.44	0.0322741
1090.57	0.031281
1090.71	0.0319194
1090.84	0.0309264
1090.97	0.0320613
1091.11	0.0330543
1091.24	0.0309264
1091.37	0.0317776
1091.51	0.0319904
1091.64	0.0305008
1091.77	0.0309264
1091.91	0.0318485
1092.04	0.0321322
1092.18	0.0319194
1092.31	0.031352
1092.44	0.0319194
1092.58	0.0320613
1092.71	0.0312101
1092.84	0.0319904
1092.98	0.0314938
1093.11	0.0321322
1093.24	0.0314938
1093.38	0.0322741
1093.51	0.0319194
1093.65	0.0324869
1093.78	0.0309264
1093.91	0.0312101
1094.05	0.0322741
1094.18	0.0311392
1094.31	0.0319904
1094.45	0.0318485
1094.58	0.0326997
1094.71	0.0319904
1094.85	0.0318485
1094.98	0.0314229
1095.12	0.0329834
1095.25	0.0319904
1095.38	0.0318485
1095.52	0.0309973
1095.65	0.0319904
1095.78	0.0322031
1095.92	0.0306426
1096.05	0.0315648
1096.18	0.0314938
1096.32	0.0317066
1096.45	0.0322031
1096.59	0.0306426
1096.72	0.0322031
1096.85	0.0317776
1096.99	0.0315648
1097.12	0.0316357
1097.25	0.0319904
1097.39	0.0321322
1097.52	0.0321322
1097.65	0.0322741
1097.79	0.0326287
1097.92	0.0307845
1098.06	0.032345
1098.19	0.0317776
1098.32	0.0318485
1098.46	0.0317066
1098.59	0.0322741
1098.72	0.0319194
1098.86	0.0320613
1098.99	0.0325578
1099.12	0.0322741
1099.26	0.0306426
1099.39	0.0324869
1099.53	0.0314938
1099.66	0.0321322
1099.79	0.0319194
1099.93	0.0314229
1100.06	0.0321322
1100.19	0.0319194
1100.33	0.0316357
1100.46	0.0315648
1100.59	0.0307845
1100.73	0.0310682
1100.86	0.0319904
1100.99	0.0319194
1101.13	0.0305717
1101.26	0.0317776
1101.4	0.0322031
1101.53	0.031352
1101.66	0.0314229
1101.8	0.0307136
1101.93	0.0317776
1102.06	0.032345
1102.2	0.0329125
1102.33	0.0319904
1102.46	0.0309973
1102.6	0.0309264
1102.73	0.0316357
1102.87	0.0315648
1103	0.0319904
1103.13	0.0308554
1103.27	0.0309264
1103.4	0.0310682
1103.53	0.0314938
1103.67	0.0318485
1103.8	0.031281
1103.93	0.0310682
1104.07	0.0315648
1104.2	0.0320613
1104.34	0.032345
1104.47	0.031352
1104.6	0.032345
1104.74	0.031352
1104.87	0.0316357
1105	0.0312101
1105.14	0.0316357
1105.27	0.0318485
1105.4	0.0316357
1105.54	0.0308554
1105.67	0.0320613
1105.8	0.0319194
1105.94	0.0309973
1106.07	0.032345
1106.21	0.0308554
1106.34	0.0312101
1106.47	0.0309973
1106.61	0.0324159
1106.74	0.0328415
1106.87	0.0317776
1107.01	0.0314938
1107.14	0.0310682
1107.27	0.0325578
1107.41	0.0316357
1107.54	0.030288

