Source: Spectrum Viewer

Chart: Pulse Spectrum

Series: 
Wavelength (nm)	S (a.u.)
617.638	0.0275286
617.773	0.0269755
617.908	0.0276515
618.043	0.02759
618.178	0.0266683
618.313	0.0277744
618.448	0.0277129
618.583	0.0280202
618.718	0.0271599
618.853	0.0269141
618.988	0.02759
619.123	0.0274671
619.258	0.0266683
619.394	0.0275286
619.529	0.0277744
619.664	0.0267912
619.799	0.0278358
619.934	0.0267912
620.069	0.0280202
620.204	0.0277129
620.339	0.0267912
620.474	0.0270984
620.609	0.0274671
620.744	0.0275286
620.879	0.0271599
621.014	0.0274671
621.149	0.0282045
621.284	0.0280816
621.419	0.0274671
621.554	0.0279587
621.689	0.02759
621.825	0.0274057
621.96	0.0267298
622.095	0.02759
622.23	0.0272828
622.365	0.0277744
622.5	0.0272828
622.635	0.02759
622.77	0.0280202
622.905	0.0272213
623.04	0.02759
623.175	0.0271599
623.31	0.0277129
623.445	0.0272828
623.58	0.0269141
623.715	0.027037
623.85	0.0280202
623.985	0.0273442
624.12	0.0273442
624.255	0.0274671
624.39	0.0281431
624.525	0.0269755
624.661	0.0281431
624.796	0.0280816
624.931	0.0278973
625.066	0.0266069
625.201	0.0277129
625.336	0.0272213
625.471	0.0271599
625.606	0.02759
625.741	0.0277129
625.876	0.0267912
626.011	0.0268526
626.146	0.0278973
626.281	0.0272213
626.416	0.02759
626.551	0.0280202
626.686	0.0276515
626.821	0.027037
626.956	0.0278973
627.091	0.0271599
627.226	0.02759
627.361	0.02759
627.496	0.0272828
627.631	0.0269141
627.766	0.0286346
627.901	0.0266683
628.036	0.0269141
628.171	0.0268526
628.307	0.0266683
628.442	0.0277129
628.577	0.0269755
628.712	0.0274057
628.847	0.0277744
628.982	0.0283274
629.117	0.02759
629.252	0.0272828
629.387	0.0274057
629.522	0.0282659
629.657	0.0267912
629.792	0.0283274
629.927	0.0282045
630.062	0.0267912
630.197	0.0270984
630.332	0.0273442
630.467	0.0271599
630.602	0.0279587
630.737	0.0271599
630.872	0.0272213
631.007	0.0274057
631.142	0.0272828
631.277	0.0282045
631.412	0.0272213
631.547	0.0277129
631.682	0.0273442
631.817	0.0285732
631.952	0.0277129
632.087	0.0282659
632.222	0.0271599
632.357	0.0267298
632.492	0.0272828
632.627	0.0278358
632.762	0.0278358
632.897	0.0282659
633.032	0.027037
633.167	0.0278973
633.302	0.0270984
633.437	0.0280202
633.572	0.0277744
633.707	0.0280202
633.842	0.0278973
633.978	0.0277744
634.113	0.0277129
634.248	0.0271599
634.383	0.0271599
634.518	0.0275286
634.653	0.0279587
634.788	0.0266683
634.923	0.0282045
635.058	0.0268526
635.193	0.0272213
635.328	0.0278358
635.463	0.0267298
635.598	0.0270984
635.733	0.0271599
635.868	0.0277744
636.003	0.0278973
636.138	0.0281431
636.273	0.0278973
636.408	0.0268526
636.543	0.0278973
636.678	0.0277129
636.813	0.0274671
636.948	0.0278973
637.083	0.0272213
637.218	0.0270984
637.353	0.0270984
637.488	0.0276515
637.623	0.0271599
637.758	0.0272828
637.893	0.0278973
638.028	0.02759
638.163	0.0280816
638.298	0.0276515
638.433	0.0277744
638.568	0.0275286
638.703	0.0282045
638.838	0.0274057
638.973	0.0270984
639.108	0.0277129
639.243	0.0277129
639.378	0.0268526
639.513	0.0279587
639.648	0.0273442
639.783	0.0272828
639.918	0.0274057
640.053	0.0279587
640.188	0.0280816
640.323	0.0277744
640.458	0.0278973
640.593	0.0277129
640.728	0.0274671
640.863	0.0274057
640.998	0.0270984
641.133	0.0278973
641.268	0.0272828
641.403	0.0271599
641.538	0.0266069
641.673	0.0275286
641.808	0.0280816
641.943	0.0283274
642.078	0.027037
642.213	0.0278973
642.348	0.0279587
642.483	0.0273442
642.618	0.0286346
642.753	0.0280816
642.888	0.0272213
643.023	0.0271599
643.158	0.0277744
643.293	0.0276515
643.428	0.0270984
643.563	0.0277129
643.698	0.0278358
643.833	0.0277129
643.968	0.0285117
644.103	0.02759
644.237	0.0268526
644.372	0.0272828
644.507	0.0278358
644.642	0.0268526
644.777	0.0272828
644.912	0.0277129
645.047	0.027037
645.182	0.0270984
645.317	0.0272828
645.452	0.0286346
645.587	0.0267912
645.722	0.0275286
645.857	0.0277744
645.992	0.0283888
646.127	0.0272213
646.262	0.02759
646.397	0.0279587
646.532	0.0276515
646.667	0.0276515
646.802	0.0268526
646.937	0.0271599
647.072	0.0272213
647.207	0.0274671
647.342	0.0270984
647.477	0.0268526
647.612	0.0274057
647.747	0.0274671
647.882	0.027037
648.017	0.0278973
648.152	0.0278973
648.287	0.0275286
648.422	0.0274671
648.557	0.0267912
648.692	0.0278358
648.827	0.0273442
648.962	0.0275286
649.097	0.0276515
649.232	0.0272213
649.367	0.0284503
649.502	0.0278358
649.637	0.0274057
649.772	0.0267912
649.906	0.0279587
650.041	0.0273442
650.176	0.0273442
650.311	0.0275286
650.446	0.0275286
650.581	0.0277129
650.716	0.0282045
650.851	0.0286961
650.986	0.0276515
651.121	0.0278973
651.256	0.0280202
651.391	0.0285732
651.526	0.0272213
651.661	0.0276515
651.796	0.0274671
651.931	0.0280202
652.066	0.0267912
652.201	0.0274057
652.336	0.0277129
652.471	0.0274057
652.606	0.0274057
652.741	0.0269141
652.876	0.0269141
653.011	0.0281431
653.146	0.0274671
653.281	0.0274671
653.415	0.0272213
653.55	0.0280816
653.685	0.0274671
653.82	0.0277129
653.955	0.0272213
654.09	0.02759
654.225	0.0273442
654.36	0.0272828
654.495	0.0270984
654.63	0.026484
654.765	0.0273442
654.9	0.0268526
655.035	0.0274671
655.17	0.0275286
655.305	0.0268526
655.44	0.0274057
655.575	0.0277129
655.71	0.0272828
655.845	0.0271599
655.98	0.0278973
656.115	0.0278973
656.25	0.0266683
656.384	0.0274671
656.519	0.027037
656.654	0.0277744
656.789	0.0278358
656.924	0.0266069
657.059	0.0274057
657.194	0.0274671
657.329	0.0279587
657.464	0.0277744
657.599	0.0277129
657.734	0.0269141
657.869	0.0278358
658.004	0.0274057
658.139	0.0268526
658.274	0.0273442
658.409	0.0283274
658.544	0.0275286
658.679	0.0278358
658.813	0.0278358
658.948	0.0276515
659.083	0.0272213
659.218	0.0277129
659.353	0.02759
659.488	0.0282045
659.623	0.027037
659.758	0.0273442
659.893	0.0278358
660.028	0.0269141
660.163	0.0276515
660.298	0.0278358
660.433	0.0274057
660.568	0.0275286
660.703	0.0266683
660.838	0.0267912
660.972	0.0269141
661.107	0.0277744
661.242	0.0269141
661.377	0.0269141
661.512	0.0280816
661.647	0.0274671
661.782	0.0279587
661.917	0.0281431
662.052	0.0274671
662.187	0.0277129
662.322	0.0259924
662.457	0.0270984
662.592	0.0274671
662.727	0.0269755
662.862	0.0277129
662.996	0.0269755
663.131	0.0273442
663.266	0.0278973
663.401	0.0275286
663.536	0.027037
663.671	0.02759
663.806	0.0266069
663.941	0.0271599
664.076	0.0278973
664.211	0.0272213
664.346	0.0282659
664.481	0.0268526
664.616	0.0278973
664.75	0.0266069
664.885	0.0282659
665.02	0.0275286
665.155	0.0269141
665.29	0.0271599
665.425	0.0281431
665.56	0.0264225
665.695	0.02759
665.83	0.0274671
665.965	0.0282659
666.1	0.0270984
666.235	0.0277129
666.37	0.0269755
666.504	0.0277129
666.639	0.0274671
666.774	0.027037
666.909	0.0269755
667.044	0.0272213
667.179	0.02759
667.314	0.0278358
667.449	0.0273442
667.584	0.0274671
667.719	0.0280816
667.854	0.0272828
667.989	0.02759
668.123	0.02759
668.258	0.0278973
668.393	0.02759
668.528	0.0276515
668.663	0.0279587
668.798	0.02759
668.933	0.0272828
669.068	0.0289419
669.203	0.0278358
669.338	0.027037
669.473	0.0288804
669.607	0.0270984
669.742	0.0275286
669.877	0.0270984
670.012	0.0276515
670.147	0.0274671
670.282	0.0284503
670.417	0.0261767
670.552	0.0282659
670.687	0.027037
670.822	0.0277129
670.957	0.0265454
671.091	0.0276515
671.226	0.0269141
671.361	0.0269755
671.496	0.0273442
671.631	0.0269755
671.766	0.0267912
671.901	0.0282045
672.036	0.0282045
672.171	0.0266069
672.306	0.0281431
672.44	0.0283274
672.575	0.0277129
672.71	0.0270984
672.845	0.0275286
672.98	0.0282659
673.115	0.0275286
673.25	0.0272828
673.385	0.02759
673.52	0.0266683
673.655	0.02759
673.789	0.027037
673.924	0.0269141
674.059	0.0272213
674.194	0.0282045
674.329	0.0273442
674.464	0.0272828
674.599	0.0277744
674.734	0.0280202
674.869	0.0271599
675.003	0.0272213
675.138	0.0272213
675.273	0.0272213
675.408	0.026484
675.543	0.0274057
675.678	0.0271599
675.813	0.0274671
675.948	0.0269755
676.083	0.0281431
676.217	0.0275286
676.352	0.0275286
676.487	0.0267912
676.622	0.0275286
676.757	0.0274057
676.892	0.0280202
677.027	0.0280816
677.162	0.0267912
677.297	0.0267298
677.431	0.02759
677.566	0.0269141
677.701	0.0271599
677.836	0.0270984
677.971	0.0271599
678.106	0.0282659
678.241	0.0270984
678.376	0.0274057
678.511	0.0275286
678.645	0.0266069
678.78	0.0279587
678.915	0.0280816
679.05	0.0274057
679.185	0.0280202
679.32	0.0270984
679.455	0.0281431
679.59	0.0272213
679.724	0.0277129
679.859	0.0273442
679.994	0.0279587
680.129	0.0276515
680.264	0.0272213
680.399	0.0271599
680.534	0.0286346
680.669	0.0274057
680.803	0.0270984
680.938	0.0273442
681.073	0.0283888
681.208	0.0272828
681.343	0.0284503
681.478	0.0272213
681.613	0.0268526
681.748	0.0266069
681.882	0.0277744
682.017	0.02759
682.152	0.0269141
682.287	0.0275286
682.422	0.0271599
682.557	0.0276515
682.692	0.0278358
682.827	0.0274671
682.961	0.0269755
683.096	0.0277129
683.231	0.0271599
683.366	0.0268526
683.501	0.0274057
683.636	0.0275286
683.771	0.0276515
683.906	0.0277129
684.04	0.0272213
684.175	0.027037
684.31	0.0278973
684.445	0.0274671
684.58	0.0281431
684.715	0.0277744
684.85	0.0278973
684.984	0.0276515
685.119	0.0282659
685.254	0.0274057
685.389	0.0276515
685.524	0.0285117
685.659	0.0268526
685.794	0.0269141
685.928	0.0278973
686.063	0.0267912
686.198	0.0269755
686.333	0.0276515
686.468	0.0279587
686.603	0.0274057
686.738	0.0273442
686.872	0.0267912
687.007	0.0278973
687.142	0.02759
687.277	0.0279587
687.412	0.0280202
687.547	0.0276515
687.682	0.0269141
687.816	0.0274057
687.951	0.0274057
688.086	0.0278358
688.221	0.0271599
688.356	0.0270984
688.491	0.0267912
688.626	0.0283888
688.76	0.0271599
688.895	0.0271599
689.03	0.0275286
689.165	0.0269141
689.3	0.0275286
689.435	0.0274057
689.57	0.0278973
689.704	0.0277744
689.839	0.0274671
689.974	0.0276515
690.109	0.0272828
690.244	0.0282045
690.379	0.0265454
690.513	0.0277744
690.648	0.0269141
690.783	0.0277129
690.918	0.0272828
691.053	0.0277744
691.188	0.0277129
691.323	0.0274057
691.457	0.02759
691.592	0.0282045
691.727	0.0274671
691.862	0.0261767
691.997	0.0272828
692.132	0.0273442
692.266	0.0278358
692.401	0.0278358
692.536	0.0259924
692.671	0.0274057
692.806	0.0280816
692.941	0.0277744
693.075	0.02759
693.21	0.0276515
693.345	0.0279587
693.48	0.0277129
693.615	0.0262996
693.75	0.027037
693.885	0.0283274
694.019	0.0280202
694.154	0.0280816
694.289	0.0273442
694.424	0.0274057
694.559	0.0278973
694.694	0.0267912
694.828	0.0274057
694.963	0.0273442
695.098	0.0280816
695.233	0.02759
695.368	0.0269141
695.503	0.0278358
695.637	0.0267912
695.772	0.0285117
695.907	0.0272213
696.042	0.0268526
696.177	0.0262996
696.312	0.0262996
696.446	0.0273442
696.581	0.0274057
696.716	0.0277744
696.851	0.0275286
696.986	0.0276515
697.12	0.0277129
697.255	0.0270984
697.39	0.0280202
697.525	0.0274057
697.66	0.0268526
697.795	0.0269141
697.929	0.0277129
698.064	0.0277744
698.199	0.0276515
698.334	0.0277744
698.469	0.02759
698.604	0.0269141
698.738	0.0277744
698.873	0.0275286
699.008	0.02759
699.143	0.0274671
699.278	0.0271599
699.412	0.0274057
699.547	0.0274057
699.682	0.0278973
699.817	0.0270984
699.952	0.0275286
700.087	0.0272828
700.221	0.0272213
700.356	0.02759
700.491	0.0273442
700.626	0.0280816
700.761	0.0263611
700.895	0.0279587
701.03	0.0277744
701.165	0.02759
701.3	0.0277129
701.435	0.0272828
701.57	0.0270984
701.704	0.0272828
701.839	0.0277744
701.974	0.0267912
702.109	0.0272213
702.244	0.0271599
702.378	0.0281431
702.513	0.0272213
702.648	0.0276515
702.783	0.0274057
702.918	0.0278973
703.052	0.0278973
703.187	0.02759
703.322	0.0270984
703.457	0.027037
703.592	0.0273442
703.727	0.0268526
703.861	0.0278358
703.996	0.0275286
704.131	0.0277744
704.266	0.0278973
704.401	0.0277129
704.535	0.0284503
704.67	0.0276515
704.805	0.0276515
704.94	0.0269141
705.075	0.0287575
705.209	0.0274057
705.344	0.0275286
705.479	0.0272828
705.614	0.0275286
705.749	0.0274671
705.883	0.0272213
706.018	0.02759
706.153	0.0276515
706.288	0.0283274
706.423	0.0280816
706.557	0.0267912
706.692	0.0274057
706.827	0.0277129
706.962	0.0277744
707.097	0.0277129
707.231	0.0277744
707.366	0.0278973
707.501	0.0274057
707.636	0.0266683
707.771	0.0275286
707.905	0.02759
708.04	0.0278358
708.175	0.0273442
708.31	0.0272828
708.445	0.0290648
708.579	0.02759
708.714	0.0278973
708.849	0.0273442
708.984	0.027037
709.118	0.0277129
709.253	0.0274057
709.388	0.0267912
709.523	0.0274671
709.658	0.0271599
709.792	0.0278358
709.927	0.0274057
710.062	0.0278973
710.197	0.0268526
710.332	0.0272828
710.466	0.0278973
710.601	0.0267912
710.736	0.0276515
710.871	0.0269141
711.006	0.02759
711.14	0.02759
711.275	0.0269141
711.41	0.0269755
711.545	0.0271599
711.679	0.0274057
711.814	0.0271599
711.949	0.0269755
712.084	0.0278358
712.219	0.0279587
712.353	0.0278973
712.488	0.0278358
712.623	0.0268526
712.758	0.0277744
712.892	0.0277744
713.027	0.0274671
713.162	0.0279587
713.297	0.0266683
713.432	0.0275286
713.566	0.0275286
713.701	0.0268526
713.836	0.0278973
713.971	0.0272828
714.105	0.0274057
714.24	0.0272828
714.375	0.0274057
714.51	0.0277744
714.645	0.0282045
714.779	0.0280816
714.914	0.0274671
715.049	0.0278358
715.184	0.0288804
715.318	0.0274671
715.453	0.0286961
715.588	0.0273442
715.723	0.0277744
715.858	0.0272828
715.992	0.0273442
716.127	0.0276515
716.262	0.02759
716.397	0.0278973
716.531	0.0277129
716.666	0.0272213
716.801	0.0272828
716.936	0.0278358
717.07	0.0275286
717.205	0.0268526
717.34	0.0278358
717.475	0.0271599
717.61	0.0272828
717.744	0.0281431
717.879	0.0276515
718.014	0.0272213
718.149	0.02759
718.283	0.0272213
718.418	0.0267912
718.553	0.0283888
718.688	0.0277129
718.822	0.027037
718.957	0.0279587
719.092	0.0280202
719.227	0.0278358
719.361	0.0273442
719.496	0.0277744
719.631	0.0277129
719.766	0.0272828
719.9	0.0277129
720.035	0.0277744
720.17	0.0275286
720.305	0.0274057
720.44	0.0270984
720.574	0.0284503
720.709	0.0283888
720.844	0.0271599
720.979	0.0274671
721.113	0.0269755
721.248	0.0277744
721.383	0.0269141
721.518	0.0270984
721.652	0.0274057
721.787	0.0277744
721.922	0.0275286
722.057	0.0278358
722.191	0.0277129
722.326	0.0282045
722.461	0.026484
722.596	0.0277129
722.73	0.0280202
722.865	0.0280816
723	0.0271599
723.135	0.0275286
723.269	0.02759
723.404	0.0271599
723.539	0.0278973
723.674	0.0277744
723.808	0.0280202
723.943	0.0270984
724.078	0.0285732
724.213	0.0278358
724.347	0.0276515
724.482	0.0274671
724.617	0.0283274
724.752	0.0277744
724.886	0.0278358
725.021	0.0273442
725.156	0.0281431
725.291	0.0276515
725.425	0.0280816
725.56	0.02759
725.695	0.0280202
725.829	0.027037
725.964	0.0280816
726.099	0.0272213
726.234	0.0277129
726.368	0.0286961
726.503	0.0268526
726.638	0.0279587
726.773	0.0277744
726.907	0.0282045
727.042	0.0268526
727.177	0.0272213
727.312	0.0271599
727.446	0.0277129
727.581	0.0278973
727.716	0.0273442
727.851	0.0280202
727.985	0.0280202
728.12	0.0277744
728.255	0.0274057
728.389	0.0268526
728.524	0.0269141
728.659	0.0282659
728.794	0.0266069
728.928	0.0280816
729.063	0.026484
729.198	0.0285732
729.333	0.0276515
729.467	0.0274671
729.602	0.0269755
729.737	0.0266683
729.872	0.0267298
730.006	0.02759
730.141	0.0268526
730.276	0.0262382
730.41	0.0274057
730.545	0.0283888
730.68	0.0273442
730.815	0.0270984
730.949	0.0267298
731.084	0.0282045
731.219	0.0270984
731.354	0.0274057
731.488	0.0277129
731.623	0.0277129
731.758	0.0268526
731.892	0.0266069
732.027	0.0276515
732.162	0.0272213
732.297	0.0277129
732.431	0.027037
732.566	0.0282659
732.701	0.0268526
732.835	0.0277744
732.97	0.0269141
733.105	0.0270984
733.24	0.0275286
733.374	0.0268526
733.509	0.0269141
733.644	0.0272213
733.779	0.0274671
733.913	0.02759
734.048	0.0277744
734.183	0.0274057
734.317	0.0272213
734.452	0.0272213
734.587	0.0268526
734.722	0.0271599
734.856	0.0269755
734.991	0.0277129
735.126	0.0277744
735.26	0.0274671
735.395	0.0271599
735.53	0.0277129
735.665	0.0274057
735.799	0.0267298
735.934	0.0282045
736.069	0.0268526
736.203	0.0276515
736.338	0.0275286
736.473	0.0278358
736.607	0.0271599
736.742	0.0273442
736.877	0.0277744
737.012	0.0270984
737.146	0.0276515
737.281	0.0280202
737.416	0.0277744
737.55	0.0276515
737.685	0.0279587
737.82	0.0269755
737.955	0.0273442
738.089	0.0269755
738.224	0.02759
738.359	0.0274057
738.493	0.0280202
738.628	0.0271599
738.763	0.0272213
738.897	0.0278358
739.032	0.02759
739.167	0.0277129
739.302	0.0278973
739.436	0.0265454
739.571	0.0274057
739.706	0.0274671
739.84	0.0279587
739.975	0.0280202
740.11	0.0278973
740.244	0.0272213
740.379	0.0274057
740.514	0.0279587
740.649	0.0278973
740.783	0.0274057
740.918	0.0277129
741.053	0.0274671
741.187	0.0271599
741.322	0.0276515
741.457	0.0278973
741.591	0.0275286
741.726	0.0280816
741.861	0.02759
741.996	0.0279587
742.13	0.0283274
742.265	0.0267298
742.4	0.02759
742.534	0.0269141
742.669	0.0265454
742.804	0.0282659
742.938	0.0277129
743.073	0.0276515
743.208	0.0267298
743.342	0.0288804
743.477	0.0276515
743.612	0.0286961
743.747	0.0282045
743.881	0.0274671
744.016	0.0290648
744.151	0.0274057
744.285	0.0271599
744.42	0.0274057
744.555	0.0266069
744.689	0.0275286
744.824	0.02759
744.959	0.0273442
745.093	0.0273442
745.228	0.0275286
745.363	0.02759
745.497	0.0278358
745.632	0.0286346
745.767	0.0280202
745.901	0.0272213
746.036	0.0273442
746.171	0.0283274
746.305	0.0280816
746.44	0.0279587
746.575	0.0267298
746.71	0.0275286
746.844	0.0265454
746.979	0.02759
747.114	0.0271599
747.248	0.0272828
747.383	0.0276515
747.518	0.0272828
747.652	0.027037
747.787	0.0276515
747.922	0.0278358
748.056	0.0280816
748.191	0.0272213
748.326	0.027037
748.46	0.0277129
748.595	0.0274057
748.73	0.0285732
748.864	0.0277129
748.999	0.0278973
749.134	0.0269141
749.268	0.0278358
749.403	0.0280202
749.538	0.0273442
749.672	0.0281431
749.807	0.0272213
749.942	0.0270984
750.076	0.0276515
750.211	0.0266683
750.346	0.0274057
750.48	0.02759
750.615	0.0266683
750.75	0.0270984
750.884	0.0280202
751.019	0.0282045
751.154	0.027037
751.288	0.0282659
751.423	0.0264225
751.558	0.0282659
751.692	0.0272213
751.827	0.02759
751.962	0.0276515
752.096	0.0278973
752.231	0.0277129
752.366	0.0271599
752.5	0.0269141
752.635	0.0278358
752.77	0.0277129
752.904	0.0266069
753.039	0.0280202
753.174	0.0278973
753.308	0.0276515
753.443	0.0269141
753.578	0.0277129
753.712	0.0269755
753.847	0.0276515
753.982	0.0275286
754.116	0.0269141
754.251	0.02759
754.386	0.0278973
754.52	0.0267298
754.655	0.0276515
754.79	0.0282045
754.924	0.0277744
755.059	0.02759
755.194	0.0280816
755.328	0.027037
755.463	0.0271599
755.597	0.0280202
755.732	0.0278358
755.867	0.0281431
756.001	0.0279587
756.136	0.0279587
756.271	0.0277744
756.405	0.0270984
756.54	0.0274671
756.675	0.0270984
756.809	0.0272828
756.944	0.0278358
757.079	0.0280816
757.213	0.0269141
757.348	0.0277129
757.483	0.0272828
757.617	0.0272213
757.752	0.0269755
757.887	0.0267298
758.021	0.0280816
758.156	0.0276515
758.29	0.0278358
758.425	0.0266069
758.56	0.0272213
758.694	0.0273442
758.829	0.0274671
758.964	0.0274057
759.098	0.0268526
759.233	0.0275286
759.368	0.0269141
759.502	0.027037
759.637	0.0280816
759.772	0.0288804
759.906	0.0275286
760.041	0.0271599
760.175	0.0271599
760.31	0.0274671
760.445	0.0271599
760.579	0.0281431
760.714	0.0279587
760.849	0.0272828
760.983	0.0272213
761.118	0.0279587
761.253	0.0269755
761.387	0.0266069
761.522	0.0270984
761.656	0.0279587
761.791	0.0265454
761.926	0.0278358
762.06	0.0277129
762.195	0.0280202
762.33	0.0274671
762.464	0.0270984
762.599	0.027037
762.733	0.02759
762.868	0.0266069
763.003	0.026484
763.137	0.0272213
763.272	0.0276515
763.407	0.0269755
763.541	0.0279587
763.676	0.0274671
763.811	0.0276515
763.945	0.0274671
764.08	0.0278358
764.214	0.0268526
764.349	0.02759
764.484	0.0283274
764.618	0.0274057
764.753	0.0271599
764.888	0.0271599
765.022	0.0268526
765.157	0.02759
765.291	0.0272213
765.426	0.0280202
765.561	0.0267912
765.695	0.0275286
765.83	0.0278358
765.965	0.0269141
766.099	0.0276515
766.234	0.0285117
766.368	0.0273442
766.503	0.0278973
766.638	0.0270984
766.772	0.0278973
766.907	0.0266683
767.041	0.0269141
767.176	0.0271599
767.311	0.0279587
767.445	0.0280816
767.58	0.0273442
767.715	0.0281431
767.849	0.0267912
767.984	0.0272828
768.118	0.0278973
768.253	0.02759
768.388	0.0271599
768.522	0.0273442
768.657	0.0279587
768.791	0.0261153
768.926	0.0278973
769.061	0.0277744
769.195	0.0277129
769.33	0.0272828
769.465	0.0271599
769.599	0.0273442
769.734	0.0277129
769.868	0.0277129
770.003	0.0280816
770.138	0.027037
770.272	0.0270984
770.407	0.0270984
770.541	0.0277744
770.676	0.0278973
770.811	0.0278973
770.945	0.0272828
771.08	0.0275286
771.214	0.0269755
771.349	0.0274671
771.484	0.0269141
771.618	0.0270984
771.753	0.0282045
771.887	0.0277744
772.022	0.0275286
772.157	0.0272828
772.291	0.0283888
772.426	0.0279587
772.56	0.0277129
772.695	0.0274057
772.83	0.0272213
772.964	0.0282045
773.099	0.0274057
773.233	0.0278973
773.368	0.0275286
773.503	0.0277744
773.637	0.0278973
773.772	0.0279587
773.906	0.0277129
774.041	0.0275286
774.176	0.0272828
774.31	0.0277744
774.445	0.0282045
774.579	0.02759
774.714	0.0280816
774.849	0.027037
774.983	0.0284503
775.118	0.0275286
775.252	0.02759
775.387	0.0278358
775.522	0.0277129
775.656	0.0275286
775.791	0.0282659
775.925	0.0262996
776.06	0.0281431
776.195	0.0277129
776.329	0.0270984
776.464	0.0282045
776.598	0.0286961
776.733	0.0267298
776.868	0.02759
777.002	0.0277129
777.137	0.0274671
777.271	0.0269141
777.406	0.0276515
777.54	0.0267298
777.675	0.0272828
777.81	0.0269141
777.944	0.0278358
778.079	0.0282045
778.213	0.0278973
778.348	0.0276515
778.483	0.0272828
778.617	0.0273442
778.752	0.0269755
778.886	0.0274057
779.021	0.0267298
779.155	0.0272213
779.29	0.0270984
779.425	0.0280816
779.559	0.027037
779.694	0.02759
779.828	0.0278358
779.963	0.0272828
780.098	0.0267298
780.232	0.0278973
780.367	0.0272828
780.501	0.0276515
780.636	0.0272828
780.77	0.0275286
780.905	0.0280202
781.04	0.0280202
781.174	0.0275286
781.309	0.0274671
781.443	0.0271599
781.578	0.02759
781.712	0.0272213
781.847	0.0277129
781.982	0.0274057
782.116	0.0285117
782.251	0.0274057
782.385	0.0282045
782.52	0.0275286
782.654	0.0280202
782.789	0.0277129
782.924	0.0279587
783.058	0.0277129
783.193	0.0276515
783.327	0.0280816
783.462	0.0283274
783.596	0.0277744
783.731	0.0267298
783.866	0.0275286
784	0.0278973
784.135	0.0274671
784.269	0.0272828
784.404	0.0282045
784.538	0.0281431
784.673	0.0277744
784.808	0.0278358
784.942	0.0271599
785.077	0.0267298
785.211	0.0286346
785.346	0.0268526
785.48	0.0277129
785.615	0.0275286
785.75	0.0274057
785.884	0.0277744
786.019	0.0279587
786.153	0.0271599
786.288	0.0270984
786.422	0.0275286
786.557	0.0268526
786.691	0.0286346
786.826	0.0274671
786.961	0.0271599
787.095	0.0274057
787.23	0.0280816
787.364	0.0278358
787.499	0.0269141
787.633	0.0280816
787.768	0.0272213
787.902	0.02759
788.037	0.0282045
788.172	0.0271599
788.306	0.0276515
788.441	0.0283274
788.575	0.0276515
788.71	0.02759
788.844	0.0274671
788.979	0.0280816
789.113	0.0267912
789.248	0.0285117
789.383	0.02759
789.517	0.0276515
789.652	0.0277129
789.786	0.0267912
789.921	0.0277744
790.055	0.0268526
790.19	0.0286961
790.324	0.0274671
790.459	0.0280202
790.594	0.0277129
790.728	0.0281431
790.863	0.0284503
790.997	0.0278358
791.132	0.0276515
791.266	0.0282659
791.401	0.0276515
791.535	0.0270984
791.67	0.0274671
791.804	0.0282659
791.939	0.0274057
792.074	0.0278973
792.208	0.0270984
792.343	0.0278358
792.477	0.0278973
792.612	0.0275286
792.746	0.0278358
792.881	0.0280202
793.015	0.0270984
793.15	0.0277129
793.284	0.0283274
793.419	0.0280816
793.553	0.0280202
793.688	0.0274057
793.823	0.0276515
793.957	0.0278973
794.092	0.0273442
794.226	0.0280816
794.361	0.0275286
794.495	0.0272828
794.63	0.0283274
794.764	0.0279587
794.899	0.02759
795.033	0.0275286
795.168	0.0274057
795.302	0.0280202
795.437	0.0280202
795.572	0.02759
795.706	0.0280202
795.841	0.0276515
795.975	0.0282045
796.11	0.0278358
796.244	0.0269141
796.379	0.0277744
796.513	0.0282045
796.648	0.0283888
796.782	0.0283888
796.917	0.0277129
797.051	0.0279587
797.186	0.0280816
797.32	0.0278973
797.455	0.0282045
797.589	0.0269141
797.724	0.0270984
797.859	0.0281431
797.993	0.0278973
798.128	0.0279587
798.262	0.0280202
798.397	0.0278973
798.531	0.0279587
798.666	0.0272213
798.8	0.0277129
798.935	0.0282045
799.069	0.0290648
799.204	0.0269755
799.338	0.0277744
799.473	0.0278358
799.607	0.0288804
799.742	0.0282045
799.876	0.0282045
800.011	0.0282659
800.145	0.0276515
800.28	0.0279587
800.414	0.0288804
800.549	0.0280816
800.683	0.0280816
800.818	0.0277129
800.953	0.0277744
801.087	0.0274671
801.222	0.0284503
801.356	0.0288804
801.491	0.0277744
801.625	0.0286961
801.76	0.0284503
801.894	0.0290648
802.029	0.0301094
802.163	0.0289419
802.298	0.0291262
802.432	0.0285117
802.567	0.0288804
802.701	0.029925
802.836	0.0290648
802.97	0.0291877
803.105	0.0289419
803.239	0.0290648
803.374	0.0294335
803.508	0.0284503
803.643	0.0294335
803.777	0.0290033
803.912	0.0300479
804.046	0.0303552
804.181	0.0293106
804.315	0.0303552
804.45	0.0302323
804.584	0.0304166
804.719	0.0308467
804.853	0.0310311
804.988	0.0309696
805.122	0.0321986
805.257	0.0323215
805.391	0.0312769
805.526	0.0331818
805.66	0.0333661
805.795	0.0337348
805.929	0.0341035
806.064	0.0354553
806.198	0.0355782
806.333	0.0349023
806.467	0.0371759
806.602	0.0371144
806.736	0.038159
806.871	0.0393265
807.005	0.0422146
807.14	0.0447339
807.274	0.051739
807.409	0.0867027
807.543	0.133587
807.678	0.12013
807.812	0.119884
807.947	0.193499
808.081	0.40408
808.216	0.715497
808.35	0.652698
808.485	0.857318
808.619	0.984515
808.754	1
808.888	0.998955
809.023	0.992872
809.157	0.989615
809.292	0.982918
809.426	0.972656
809.561	0.964176
809.695	0.899041
809.83	0.503687
809.964	0.250584
810.099	0.132973
810.233	0.0612019
810.368	0.0429519
810.502	0.0385277
810.637	0.0360084
810.771	0.0359469
810.906	0.0336733
811.04	0.0339806
811.175	0.0341649
811.309	0.0328131
811.444	0.0332432
811.578	0.0325058
811.713	0.0321986
811.847	0.0312769
811.982	0.0312769
812.116	0.0309696
812.251	0.0308467
812.385	0.0308467
812.519	0.0301094
812.654	0.0290648
812.788	0.0303552
812.923	0.0306624
813.057	0.029925
813.192	0.0291877
813.326	0.0291877
813.461	0.029925
813.595	0.029925
813.73	0.0301094
813.864	0.029372
813.999	0.0303552
814.133	0.0291877
814.268	0.0290033
814.402	0.0294335
814.537	0.0285117
814.671	0.0289419
814.806	0.0277744
814.94	0.0299865
815.075	0.0280816
815.209	0.0293106
815.344	0.0282045
815.478	0.0281431
815.612	0.0288804
815.747	0.0289419
815.881	0.0280816
816.016	0.0275286
816.15	0.0281431
816.285	0.0291262
816.419	0.0283274
816.554	0.0285117
816.688	0.0285117
816.823	0.0284503
816.957	0.0283888
817.092	0.0285732
817.226	0.0283888
817.361	0.0269755
817.495	0.0281431
817.63	0.028819
817.764	0.0283274
817.898	0.0288804
818.033	0.0280202
818.167	0.0282659
818.302	0.0281431
818.436	0.0275286
818.571	0.0278358
818.705	0.0282045
818.84	0.0276515
818.974	0.0280202
819.109	0.0280202
819.243	0.0279587
819.378	0.02759
819.512	0.0282659
819.646	0.0285117
819.781	0.0276515
819.915	0.0274057
820.05	0.0276515
820.184	0.0278358
820.319	0.0279587
820.453	0.0283888
820.588	0.0282045
820.722	0.0278358
820.857	0.0280816
820.991	0.0267912
821.126	0.0272213
821.26	0.0277129
821.394	0.0283888
821.529	0.0284503
821.663	0.0285117
821.798	0.0291877
821.932	0.0272213
822.067	0.027037
822.201	0.0282045
822.336	0.0270984
822.47	0.0277129
822.605	0.0281431
822.739	0.0282045
822.873	0.0272213
823.008	0.0277129
823.142	0.0273442
823.277	0.0276515
823.411	0.0275286
823.546	0.0269141
823.68	0.0269755
823.815	0.0272213
823.949	0.0278973
824.083	0.0276515
824.218	0.0271599
824.352	0.0276515
824.487	0.0278973
824.621	0.028819
824.756	0.0277129
824.89	0.0278973
825.025	0.0272828
825.159	0.0270984
825.293	0.0273442
825.428	0.0275286
825.562	0.0278973
825.697	0.0280202
825.831	0.0272828
825.966	0.0272213
826.1	0.0279587
826.235	0.0276515
826.369	0.0273442
826.503	0.0277744
826.638	0.0282659
826.772	0.0277129
826.907	0.0270984
827.041	0.0277744
827.176	0.0279587
827.31	0.0278358
827.445	0.0270984
827.579	0.0274057
827.713	0.0272828
827.848	0.0270984
827.982	0.0277129
828.117	0.0272213
828.251	0.0272828
828.386	0.0274057
828.52	0.0272828
828.654	0.02759
828.789	0.0272213
828.923	0.0276515
829.058	0.0281431
829.192	0.0279587
829.327	0.027037
829.461	0.0277129
829.596	0.0282045
829.73	0.0286346
829.864	0.0274057
829.999	0.0278358
830.133	0.0271599
830.268	0.0277129
830.402	0.0269141
830.537	0.0274671
830.671	0.0282045
830.805	0.0271599
830.94	0.0279587
831.074	0.0282659
831.209	0.0284503
831.343	0.0276515
831.478	0.0274057
831.612	0.0274671
831.746	0.0277129
831.881	0.0267912
832.015	0.0269755
832.15	0.0280816
832.284	0.0283888
832.418	0.0275286
832.553	0.0265454
832.687	0.0271599
832.822	0.02759
832.956	0.0268526
833.091	0.0277744
833.225	0.0271599
833.359	0.0269755
833.494	0.0282045
833.628	0.0275286
833.763	0.0274057
833.897	0.0277129
834.032	0.0274671
834.166	0.0277129
834.3	0.0277744
834.435	0.0274057
834.569	0.0278358
834.704	0.0270984
834.838	0.0278973
834.972	0.0275286
835.107	0.0269141
835.241	0.0272828
835.376	0.0278973
835.51	0.0267298
835.645	0.0282045
835.779	0.0269141
835.913	0.0278973
836.048	0.0275286
836.182	0.0280816
836.317	0.0274671
836.451	0.02759
836.585	0.0277129
836.72	0.0278973
836.854	0.0275286
836.989	0.027037
837.123	0.0279587
837.257	0.0268526
837.392	0.0278973
837.526	0.0277129
837.661	0.02759
837.795	0.027037
837.929	0.0278358
838.064	0.0276515
838.198	0.0278358
838.333	0.02759
838.467	0.0276515
838.602	0.0283888
838.736	0.0281431
838.87	0.0286961
839.005	0.0272213
839.139	0.0284503
839.274	0.0278973
839.408	0.0271599
839.542	0.0278358
839.677	0.0280202
839.811	0.0271599
839.946	0.0274057
840.08	0.0269141
840.214	0.0285117
840.349	0.0277744
840.483	0.0278358
840.618	0.0272828
840.752	0.027037
840.886	0.0280816
841.021	0.0272828
841.155	0.0267912
841.29	0.0274057
841.424	0.0272828
841.558	0.0266683
841.693	0.0277744
841.827	0.0275286
841.961	0.0283888
842.096	0.0275286
842.23	0.0267298
842.365	0.0280816
842.499	0.0277744
842.633	0.0270984
842.768	0.0283274
842.902	0.0272213
843.037	0.0278358
843.171	0.0278973
843.305	0.0275286
843.44	0.0272828
843.574	0.0275286
843.709	0.0272828
843.843	0.02759
843.977	0.0275286
844.112	0.026484
844.246	0.0281431
844.381	0.0274057
844.515	0.0277744
844.649	0.0278358
844.784	0.0278358
844.918	0.0267298
845.052	0.0269755
845.187	0.0278973
845.321	0.0280816
845.456	0.0276515
845.59	0.0273442
845.724	0.0278973
845.859	0.0279587
845.993	0.0272213
846.128	0.027037
846.262	0.0276515
846.396	0.0271599
846.531	0.0270984
846.665	0.0282045
846.799	0.0273442
846.934	0.0272213
847.068	0.0269755
847.203	0.0281431
847.337	0.0278973
847.471	0.0275286
847.606	0.0270984
847.74	0.0285117
847.874	0.0276515
848.009	0.0277129
848.143	0.0276515
848.278	0.0282045
848.412	0.0277744
848.546	0.0268526
848.681	0.0278358
848.815	0.0266683
848.949	0.0280816
849.084	0.0276515
849.218	0.0277744
849.353	0.0285117
849.487	0.0275286
849.621	0.0283888
849.756	0.0270984
849.89	0.0273442
850.024	0.0277129
850.159	0.0274057
850.293	0.0262996
850.428	0.0274057
850.562	0.0280816
850.696	0.0285732
850.831	0.0269141
850.965	0.0286346
851.099	0.0274057
851.234	0.0283274
851.368	0.0269141
851.502	0.0274671
851.637	0.0270984
851.771	0.0275286
851.906	0.0269141
852.04	0.0279587
852.174	0.0276515
852.309	0.0271599
852.443	0.0276515
852.577	0.0274057
852.712	0.0286961
852.846	0.0274057
852.98	0.0285732
853.115	0.0274057
853.249	0.0281431
853.384	0.0270984
853.518	0.0274671
853.652	0.02759
853.787	0.0278973
853.921	0.0268526
854.055	0.0274057
854.19	0.02759
854.324	0.0280202
854.458	0.0274057
854.593	0.0275286
854.727	0.0276515
854.861	0.0274057
854.996	0.0274057
855.13	0.02759
855.265	0.0271599
855.399	0.0280202
855.533	0.0267912
855.668	0.0274671
855.802	0.0280816
855.936	0.0277129
856.071	0.028819
856.205	0.0277129
856.339	0.0278358
856.474	0.0266069
856.608	0.0271599
856.742	0.0277129
856.877	0.0278973
857.011	0.0278973
857.145	0.0280816
857.28	0.0274671
857.414	0.0287575
857.549	0.0269755
857.683	0.0275286
857.817	0.0277744
857.952	0.0281431
858.086	0.0281431
858.22	0.0277744
858.355	0.0274671
858.489	0.0278973
858.623	0.0272828
858.758	0.0277129
858.892	0.0270984
859.026	0.0274057
859.161	0.0267912
859.295	0.0274057
859.429	0.0274057
859.564	0.0268526
859.698	0.0272213
859.832	0.027037
859.967	0.0274057
860.101	0.0279587
860.235	0.0271599
860.37	0.0276515
860.504	0.0273442
860.638	0.0278358
860.773	0.0265454
860.907	0.0266069
861.041	0.0270984
861.176	0.0273442
861.31	0.0274671
861.444	0.0284503
861.579	0.0277129
861.713	0.0285732
861.847	0.0276515
861.982	0.0289419
862.116	0.0274671
862.25	0.0277129
862.385	0.0276515
862.519	0.0272828
862.653	0.0280202
862.788	0.0277129
862.922	0.0273442
863.056	0.0277129
863.191	0.0269141
863.325	0.0271599
863.459	0.02759
863.594	0.0274057
863.728	0.0277129
863.862	0.0282045
863.997	0.0281431
864.131	0.0277129
864.265	0.0271599
864.4	0.0282659
864.534	0.0270984
864.668	0.0277744
864.803	0.02759
864.937	0.0279587
865.071	0.0275286
865.206	0.0272828
865.34	0.0269755
865.474	0.02759
865.609	0.0267298
865.743	0.027037
865.877	0.0276515
866.012	0.0267298
866.146	0.0270984
866.28	0.0282045
866.415	0.02759
866.549	0.0276515
866.683	0.0281431
866.818	0.0284503
866.952	0.0284503
867.086	0.0267912
867.221	0.0270984
867.355	0.0272213
867.489	0.0277129
867.623	0.0278973
867.758	0.0275286
867.892	0.0275286
868.026	0.0270984
868.161	0.0278358
868.295	0.0263611
868.429	0.0278358
868.564	0.0277129
868.698	0.0274671
868.832	0.0274057
868.967	0.0271599
869.101	0.0268526
869.235	0.0273442
869.37	0.0270984
869.504	0.0275286
869.638	0.0269141
869.773	0.0279587
869.907	0.0272213
870.041	0.0278973
870.175	0.0274671
870.31	0.0274057
870.444	0.0269141
870.578	0.0277129
870.713	0.0276515
870.847	0.0272828
870.981	0.0281431
871.116	0.0273442
871.25	0.0267298
871.384	0.027037
871.519	0.0272828
871.653	0.0278973
871.787	0.027037
871.921	0.0274671
872.056	0.0271599
872.19	0.0276515
872.324	0.0273442
872.459	0.0269141
872.593	0.027037
872.727	0.0271599
872.862	0.0271599
872.996	0.0279587
873.13	0.0278358
873.264	0.0280202
873.399	0.0273442
873.533	0.0278973
873.667	0.0275286
873.802	0.0275286
873.936	0.0279587
874.07	0.0277744
874.205	0.0269141
874.339	0.0272828
874.473	0.0268526
874.607	0.0272828
874.742	0.0277744
874.876	0.0274057
875.01	0.0275286
875.145	0.0269755
875.279	0.0276515
875.413	0.0272213
875.548	0.0274057
875.682	0.0282659
875.816	0.0275286
875.95	0.02759
876.085	0.0277129
876.219	0.0266683
876.353	0.0272213
876.488	0.0269755
876.622	0.0273442
876.756	0.0273442
876.89	0.0274671
877.025	0.0277744
877.159	0.0273442
877.293	0.0273442
877.428	0.0272828
877.562	0.0275286
877.696	0.0268526
877.83	0.0277744
877.965	0.0276515
878.099	0.0270984
878.233	0.0270984
878.368	0.0273442
878.502	0.0276515
878.636	0.0262996
878.77	0.0277129
878.905	0.026484
879.039	0.0277129
879.173	0.0274671
879.308	0.0282659
879.442	0.0277129
879.576	0.0272828
879.71	0.027037
879.845	0.0272213
879.979	0.0272213
880.113	0.0282659
880.248	0.0274671
880.382	0.0274671
880.516	0.0278973
880.65	0.0262996
880.785	0.0277744
880.919	0.0274057
881.053	0.0274671
881.188	0.0274057
881.322	0.02759
881.456	0.0272213
881.59	0.026484
881.725	0.0277129
881.859	0.0271599
881.993	0.0267912
882.127	0.0283888
882.262	0.0276515
882.396	0.0275286
882.53	0.0274057
882.665	0.0277129
882.799	0.0271599
882.933	0.0277129
883.067	0.0280816
883.202	0.0280816
883.336	0.0278973
883.47	0.02759
883.604	0.0274671
883.739	0.0277129
883.873	0.0271599
884.007	0.0282045
884.142	0.0273442
884.276	0.0274057
884.41	0.0272828
884.544	0.02759
884.679	0.0274671
884.813	0.0283274
884.947	0.026484
885.081	0.0270984
885.216	0.0267912
885.35	0.02759
885.484	0.0273442
885.618	0.027037
885.753	0.0272828
885.887	0.0277129
886.021	0.02759
886.155	0.0276515
886.29	0.0282045
886.424	0.0279587
886.558	0.0264225
886.693	0.0277129
886.827	0.0282659
886.961	0.0275286
887.095	0.0271599
887.23	0.0276515
887.364	0.02759
887.498	0.02759
887.632	0.0280816
887.767	0.0277129
887.901	0.0277744
888.035	0.0272828
888.169	0.0275286
888.304	0.0275286
888.438	0.0274057
888.572	0.027037
888.706	0.0278358
888.841	0.0280816
888.975	0.027037
889.109	0.0272213
889.243	0.0284503
889.378	0.0282045
889.512	0.0275286
889.646	0.0274057
889.78	0.0272213
889.915	0.0268526
890.049	0.0277744
890.183	0.0270984
890.317	0.0276515
890.452	0.0273442
890.586	0.0278358
890.72	0.0278358
890.854	0.0277129
890.989	0.0278973
891.123	0.0281431
891.257	0.027037
891.391	0.0281431
891.526	0.0277129
891.66	0.0276515
891.794	0.0274057
891.928	0.0278358
892.063	0.0280202
892.197	0.0277129
892.331	0.0276515
892.465	0.0272828
892.6	0.0276515
892.734	0.0274057
892.868	0.0276515
893.002	0.0274057
893.137	0.0280816
893.271	0.027037
893.405	0.0267912
893.539	0.0262382
893.674	0.0280816
893.808	0.0273442
893.942	0.0270984
894.076	0.02759
894.21	0.0278358
894.345	0.0278358
894.479	0.0274057
894.613	0.0279587
894.747	0.0274057
894.882	0.0273442
895.016	0.0268526
895.15	0.0270984
895.284	0.02759
895.419	0.027037
895.553	0.0270984
895.687	0.0278973
895.821	0.0272213
895.956	0.0277744
896.09	0.0269755
896.224	0.0269755
896.358	0.0278973
896.492	0.0278358
896.627	0.02759
896.761	0.0267298
896.895	0.027037
897.029	0.0284503
897.164	0.0280202
897.298	0.0269755
897.432	0.0274671
897.566	0.0274671
897.701	0.0280816
897.835	0.0274057
897.969	0.0275286
898.103	0.0274671
898.237	0.0272213
898.372	0.0277129
898.506	0.0266069
898.64	0.02759
898.774	0.0278973
898.909	0.0274671
899.043	0.0280202
899.177	0.0282045
899.311	0.0273442
899.445	0.0272828
899.58	0.0280202
899.714	0.0274057
899.848	0.0283274
899.982	0.0269141
900.117	0.0272828
900.251	0.0275286
900.385	0.0280816
900.519	0.0267298
900.653	0.0278973
900.788	0.0283888
900.922	0.0274057
901.056	0.0280816
901.19	0.0270984
901.325	0.0270984
901.459	0.0280202
901.593	0.0280202
901.727	0.0277129
901.861	0.027037
901.996	0.0266683
902.13	0.0271599
902.264	0.0277129
902.398	0.0279587
902.532	0.0279587
902.667	0.0283274
902.801	0.0266069
902.935	0.0285732
903.069	0.0284503
903.204	0.0282045
903.338	0.0267298
903.472	0.0272828
903.606	0.0274671
903.74	0.0272828
903.875	0.0272828
904.009	0.0274057
904.143	0.0283888
904.277	0.0278358
904.411	0.0277129
904.546	0.0278973
904.68	0.0270984
904.814	0.0277744
904.948	0.0274057
905.082	0.0285117
905.217	0.0275286
905.351	0.0276515
905.485	0.0274057
905.619	0.0279587
905.753	0.0268526
905.888	0.0265454
906.022	0.0271599
906.156	0.0276515
906.29	0.0273442
906.424	0.0271599
906.559	0.0276515
906.693	0.0259309
906.827	0.0274671
906.961	0.0274057
907.095	0.0272828
907.23	0.0274671
907.364	0.02759
907.498	0.0273442
907.632	0.0283274
907.766	0.0275286
907.901	0.0278973
908.035	0.0276515
908.169	0.0269141
908.303	0.0270984
908.437	0.0273442
908.572	0.02759
908.706	0.0279587
908.84	0.0273442
908.974	0.0277744
909.108	0.0274671
909.243	0.0276515
909.377	0.0277129
909.511	0.0269755
909.645	0.0273442
909.779	0.0273442
909.914	0.0275286
910.048	0.026484
910.182	0.0273442
910.316	0.0275286
910.45	0.0273442
910.585	0.0277129
910.719	0.0282045
910.853	0.0277744
910.987	0.0269755
911.121	0.0285117
911.255	0.0282045
911.39	0.0273442
911.524	0.0268526
911.658	0.0272828
911.792	0.0271599
911.926	0.0270984
912.061	0.02759
912.195	0.0273442
912.329	0.0274057
912.463	0.0278973
912.597	0.027037
912.732	0.0282659
912.866	0.02759
913	0.0277129
913.134	0.0278358
913.268	0.0272828
913.402	0.0273442
913.537	0.0271599
913.671	0.02759
913.805	0.0275286
913.939	0.0280202
914.073	0.0277744
914.208	0.0275286
914.342	0.0274057
914.476	0.0276515
914.61	0.0280202
914.744	0.0272828
914.878	0.0274057
915.013	0.0272828
915.147	0.0272213
915.281	0.0274057
915.415	0.0274057
915.549	0.0269755
915.683	0.0274057
915.818	0.0282045
915.952	0.0276515
916.086	0.0274057
916.22	0.0282045
916.354	0.0273442
916.488	0.0270984
916.623	0.0278358
916.757	0.0274057
916.891	0.0278973
917.025	0.0274671
917.159	0.0279587
917.293	0.0269141
917.428	0.027037
917.562	0.0276515
917.696	0.0277744
917.83	0.0274057
917.964	0.0277744
918.098	0.0269141
918.233	0.0274671
918.367	0.0270984
918.501	0.0270984
918.635	0.0272213
918.769	0.0274671
918.903	0.0268526
919.038	0.0278358
919.172	0.0276515
919.306	0.0278358
919.44	0.0271599
919.574	0.0278973
919.708	0.0273442
919.843	0.0274671
919.977	0.0280816
920.111	0.0277129
920.245	0.0273442
920.379	0.0271599
920.513	0.0272828
920.648	0.0277129
920.782	0.0283274
920.916	0.0273442
921.05	0.0280202
921.184	0.0272828
921.318	0.0268526
921.453	0.0282045
921.587	0.0280202
921.721	0.0274671
921.855	0.0267298
921.989	0.0270984
922.123	0.0280202
922.257	0.0277744
922.392	0.0281431
922.526	0.0278358
922.66	0.0277129
922.794	0.0272828
922.928	0.0279587
923.062	0.0266069
923.197	0.0272213
923.331	0.0268526
923.465	0.027037
923.599	0.027037
923.733	0.0270984
923.867	0.0277744
924.001	0.0274057
924.136	0.027037
924.27	0.0277129
924.404	0.0268526
924.538	0.0275286
924.672	0.0271599
924.806	0.0273442
924.94	0.0280816
925.075	0.0275286
925.209	0.0272213
925.343	0.0274671
925.477	0.0280202
925.611	0.0277129
925.745	0.0267298
925.879	0.0272213
926.014	0.0278358
926.148	0.0270984
926.282	0.0269141
926.416	0.0275286
926.55	0.0272213
926.684	0.0285117
926.818	0.0273442
926.953	0.0282045
927.087	0.0267298
927.221	0.0271599
927.355	0.0272828
927.489	0.0269755
927.623	0.0280816
927.757	0.0274671
927.892	0.0272828
928.026	0.0272213
928.16	0.0279587
928.294	0.0271599
928.428	0.0278358
928.562	0.0280816
928.696	0.0272828
928.831	0.0274057
928.965	0.0272828
929.099	0.0274057
929.233	0.0278358
929.367	0.0271599
929.501	0.0279587
929.635	0.0277129
929.769	0.0285117
929.904	0.0278973
930.038	0.0275286
930.172	0.0289419
930.306	0.0269141
930.44	0.0272213
930.574	0.02759
930.708	0.0277129
930.843	0.0277744
930.977	0.0274671
931.111	0.0280202
931.245	0.0282659
931.379	0.0278973
931.513	0.02759
931.647	0.0274057
931.781	0.0270984
931.916	0.0271599
932.05	0.0284503
932.184	0.027037
932.318	0.0274057
932.452	0.0269755
932.586	0.0278358
932.72	0.0274671
932.854	0.0271599
932.989	0.0276515
933.123	0.0274057
933.257	0.0271599
933.391	0.0274057
933.525	0.0287575
933.659	0.0272213
933.793	0.0272213
933.927	0.027037
934.061	0.0267298
934.196	0.0277129
934.33	0.0272213
934.464	0.0279587
934.598	0.0269755
934.732	0.0270984
934.866	0.0274671
935	0.0273442
935.134	0.0271599
935.269	0.0274671
935.403	0.0272828
935.537	0.0282045
935.671	0.0274057
935.805	0.0273442
935.939	0.0271599
936.073	0.0273442
936.207	0.0271599
936.341	0.0276515
936.476	0.0278358
936.61	0.0274057
936.744	0.0273442
936.878	0.0271599
937.012	0.0275286
937.146	0.0277744
937.28	0.0274671
937.414	0.0278358
937.548	0.0280202
937.683	0.0281431
937.817	0.0278358
937.951	0.0279587
938.085	0.02759
938.219	0.0280816
938.353	0.0272828
938.487	0.02759
938.621	0.0268526
938.755	0.0281431
938.889	0.0278973
939.024	0.0269141
939.158	0.0279587
939.292	0.0274057
939.426	0.0277744
939.56	0.0281431
939.694	0.0274057
939.828	0.0273442
939.962	0.02759
940.096	0.0277129
940.231	0.02759
940.365	0.0271599
940.499	0.0274671
940.633	0.0280816
940.767	0.0282659
940.901	0.02759
941.035	0.0278973
941.169	0.0281431
941.303	0.0274671
941.437	0.0283888
941.571	0.0275286
941.706	0.0277744
941.84	0.0269755
941.974	0.0273442
942.108	0.0277744
942.242	0.0272828
942.376	0.0278973
942.51	0.0278973
942.644	0.0279587
942.778	0.0267912
942.912	0.0279587
943.047	0.027037
943.181	0.0271599
943.315	0.0274057
943.449	0.0271599
943.583	0.0272213
943.717	0.0273442
943.851	0.0265454
943.985	0.0274057
944.119	0.0280202
944.253	0.0274057
944.387	0.0280202
944.522	0.0275286
944.656	0.0277129
944.79	0.0268526
944.924	0.0275286
945.058	0.0277744
945.192	0.0282045
945.326	0.0274671
945.46	0.0273442
945.594	0.0275286
945.728	0.02759
945.862	0.0280816
945.996	0.0285117
946.131	0.0285732
946.265	0.0272828
946.399	0.0284503
946.533	0.0266069
946.667	0.0271599
946.801	0.0282659
946.935	0.0270984
947.069	0.0280816
947.203	0.0282045
947.337	0.0275286
947.471	0.0271599
947.605	0.027037
947.739	0.0278973
947.874	0.0276515
948.008	0.0272213
948.142	0.026484
948.276	0.0272828
948.41	0.0271599
948.544	0.0270984
948.678	0.0270984
948.812	0.0279587
948.946	0.0274671
949.08	0.0276515
949.214	0.0269141
949.348	0.0263611
949.482	0.0272213
949.617	0.0276515
949.751	0.02759
949.885	0.02759
950.019	0.0266069
950.153	0.0272828
950.287	0.0272213
950.421	0.0277129
950.555	0.0269755
950.689	0.0269141
950.823	0.0267298
950.957	0.0274057
951.091	0.0269755
951.225	0.0275286
951.359	0.0276515
951.493	0.0275286
951.628	0.0270984
951.762	0.0277129
951.896	0.0266069
952.03	0.0267298
952.164	0.0272213
952.298	0.0272828
952.432	0.0275286
952.566	0.0272213
952.7	0.0285117
952.834	0.02759
952.968	0.0273442
953.102	0.0269755
953.236	0.0276515
953.37	0.0269755
953.504	0.0274057
953.639	0.0275286
953.773	0.0269755
953.907	0.0277744
954.041	0.0282045
954.175	0.0279587
954.309	0.0272828
954.443	0.0281431
954.577	0.0268526
954.711	0.0272213
954.845	0.0276515
954.979	0.027037
955.113	0.0279587
955.247	0.0271599
955.381	0.0265454
955.515	0.027037
955.649	0.0269141
955.783	0.0279587
955.917	0.0274057
956.052	0.0265454
956.186	0.0280816
956.32	0.0274057
956.454	0.0269141
956.588	0.0280202
956.722	0.0277129
956.856	0.0271599
956.99	0.0272213
957.124	0.0269755
957.258	0.0271599
957.392	0.0268526
957.526	0.0266069
957.66	0.0276515
957.794	0.0275286
957.928	0.0277744
958.062	0.0272213
958.196	0.0273442
958.33	0.0274671
958.464	0.0278358
958.598	0.0278973
958.733	0.0274671
958.867	0.0276515
959.001	0.0274671
959.135	0.0279587
959.269	0.0271599
959.403	0.0283274
959.537	0.02759
959.671	0.0276515
959.805	0.0275286
959.939	0.0272213
960.073	0.0273442
960.207	0.0276515
960.341	0.0277129
960.475	0.0269755
960.609	0.0275286
960.743	0.0274057
960.877	0.0278973
961.011	0.0277744
961.145	0.0273442
961.279	0.0269141
961.413	0.0281431
961.547	0.0281431
961.681	0.0267912
961.815	0.0270984
961.949	0.0269755
962.083	0.027037
962.218	0.0269141
962.352	0.0282659
962.486	0.0275286
962.62	0.0269755
962.754	0.026484
962.888	0.0271599
963.022	0.0269755
963.156	0.0274057
963.29	0.0272213
963.424	0.0285117
963.558	0.0277129
963.692	0.0282045
963.826	0.0267912
963.96	0.0272828
964.094	0.0277129
964.228	0.0278973
964.362	0.0272828
964.496	0.0274671
964.63	0.02759
964.764	0.0281431
964.898	0.0274057
965.032	0.02759
965.166	0.0280202
965.3	0.0272213
965.434	0.0277129
965.568	0.0274057
965.702	0.0272828
965.836	0.0282659
965.97	0.0270984
966.104	0.0278358
966.238	0.0267912
966.372	0.0278358
966.506	0.0273442
966.64	0.0280202
966.774	0.0278973
966.908	0.0276515
967.043	0.02759
967.177	0.0280202
967.311	0.0277129
967.445	0.0276515
967.579	0.0280816
967.713	0.0275286
967.847	0.0275286
967.981	0.0274671
968.115	0.0276515
968.249	0.0272828
968.383	0.0279587
968.517	0.0268526
968.651	0.0275286
968.785	0.0280816
968.919	0.0283274
969.053	0.0281431
969.187	0.0280202
969.321	0.0262382
969.455	0.0273442
969.589	0.02759
969.723	0.0271599
969.857	0.0278973
969.991	0.0270984
970.125	0.0273442
970.259	0.0261153
970.393	0.0280202
970.527	0.0271599
970.661	0.0275286
970.795	0.0267298
970.929	0.0269755
971.063	0.0283888
971.197	0.0282045
971.331	0.027037
971.465	0.0278358
971.599	0.0272828
971.733	0.026484
971.867	0.0275286
972.001	0.0272213
972.135	0.02759
972.269	0.0277744
972.403	0.0278358
972.537	0.0272213
972.671	0.0273442
972.805	0.0278973
972.939	0.0271599
973.073	0.027037
973.207	0.0274057
973.341	0.0277744
973.475	0.0276515
973.609	0.0274671
973.743	0.0274057
973.877	0.0274057
974.011	0.0281431
974.145	0.0274671
974.279	0.0277744
974.413	0.0273442
974.547	0.0271599
974.681	0.0270984
974.815	0.0282659
974.949	0.0271599
975.083	0.0274671
975.217	0.0278973
975.351	0.0280202
975.485	0.0274057
975.619	0.0278358
975.753	0.0273442
975.887	0.0272828
976.021	0.0277744
976.155	0.0267298
976.289	0.0280202
976.423	0.0265454
976.557	0.0271599
976.691	0.0277129
976.825	0.0274057
976.959	0.0280816
977.093	0.0280202
977.227	0.0279587
977.361	0.0277129
977.495	0.0278358
977.629	0.0274671
977.763	0.0278973
977.897	0.02759
978.031	0.0278973
978.165	0.0275286
978.299	0.0274671
978.433	0.0274671
978.567	0.0274057
978.701	0.0274671
978.835	0.0274671
978.969	0.0278358
979.103	0.0282045
979.237	0.0269141
979.371	0.0278358
979.505	0.0274057
979.639	0.0272828
979.773	0.0280202
979.907	0.0272828
980.041	0.0269755
980.175	0.0274671
980.308	0.0278358
980.442	0.0276515
980.576	0.0274057
980.71	0.0282045
980.844	0.0277744
980.978	0.0272828
981.112	0.0272213
981.246	0.0267912
981.38	0.0274057
981.514	0.0274671
981.648	0.0270984
981.782	0.027037
981.916	0.0291877
982.05	0.0274671
982.184	0.0279587
982.318	0.0279587
982.452	0.0267298
982.586	0.0272213
982.72	0.0288804
982.854	0.0285732
982.988	0.0275286
983.122	0.026484
983.256	0.0269141
983.39	0.0269141
983.524	0.0278973
983.658	0.0265454
983.792	0.0269755
983.926	0.0269141
984.06	0.0272213
984.194	0.0277129
984.328	0.02759
984.462	0.0275286
984.596	0.0282045
984.73	0.0268526
984.864	0.0280816
984.998	0.027037
985.132	0.02759
985.265	0.0283274
985.399	0.0277129
985.533	0.0275286
985.667	0.027037
985.801	0.0275286
985.935	0.0279587
986.069	0.0273442
986.203	0.0275286
986.337	0.0273442
986.471	0.0270984
986.605	0.02759
986.739	0.0273442
986.873	0.0268526
987.007	0.0268526
987.141	0.0283274
987.275	0.0276515
987.409	0.0270984
987.543	0.0267298
987.677	0.0282045
987.811	0.02759
987.945	0.0272213
988.079	0.0284503
988.213	0.0282659
988.347	0.0272828
988.481	0.0276515
988.614	0.02759
988.748	0.0272213
988.882	0.0283888
989.016	0.0282659
989.15	0.0271599
989.284	0.0278358
989.418	0.0272213
989.552	0.0285732
989.686	0.0274671
989.82	0.0282659
989.954	0.0267298
990.088	0.0272213
990.222	0.0271599
990.356	0.0275286
990.49	0.0269141
990.624	0.0275286
990.758	0.0274057
990.892	0.0272213
991.026	0.0278358
991.16	0.0269141
991.294	0.0278358
991.427	0.0278973
991.561	0.0274057
991.695	0.0273442
991.829	0.0282659
991.963	0.0271599
992.097	0.0274057
992.231	0.0276515
992.365	0.0267912
992.499	0.0277744
992.633	0.0269755
992.767	0.0275286
992.901	0.0278973
993.035	0.02759
993.169	0.0269755
993.303	0.0280202
993.437	0.0274671
993.571	0.027037
993.704	0.0264225
993.838	0.0277129
993.972	0.0272213
994.106	0.0282045
994.24	0.0269755
994.374	0.0274671
994.508	0.027037
994.642	0.0278973
994.776	0.0274671
994.91	0.0270984
995.044	0.0274671
995.178	0.0269755
995.312	0.0271599
995.446	0.0272828
995.58	0.0274671
995.714	0.0277129
995.847	0.0274057
995.981	0.0275286
996.115	0.0280816
996.249	0.0267912
996.383	0.0279587
996.517	0.0282659
996.651	0.0277744
996.785	0.0276515
996.919	0.0278358
997.053	0.0277744
997.187	0.0279587
997.321	0.0267298
997.455	0.027037
997.589	0.0268526
997.722	0.0277129
997.856	0.0275286
997.99	0.0275286
998.124	0.02759
998.258	0.0277129
998.392	0.02759
998.526	0.0278358
998.66	0.0272213
998.794	0.0268526
998.928	0.0274671
999.062	0.0278358
999.196	0.0272828
999.33	0.0273442
999.464	0.0272828
999.597	0.0278973
999.731	0.0273442
999.865	0.0274057
999.999	0.0274057
1000.13	0.0283274
1000.27	0.0278358
1000.4	0.0273442
1000.53	0.0275286
1000.67	0.0274057
1000.8	0.0277129
1000.94	0.02759
1001.07	0.0272828
1001.2	0.0276515
1001.34	0.0278358
1001.47	0.0269141
1001.61	0.0272213
1001.74	0.0273442
1001.87	0.0267912
1002.01	0.0278973
1002.14	0.0273442
1002.28	0.0274671
1002.41	0.0275286
1002.54	0.0283888
1002.68	0.0269755
1002.81	0.0278358
1002.95	0.0274671
1003.08	0.0273442
1003.21	0.0274057
1003.35	0.0272828
1003.48	0.0277744
1003.61	0.0274671
1003.75	0.0270984
1003.88	0.0273442
1004.02	0.0263611
1004.15	0.0289419
1004.28	0.0264225
1004.42	0.0266069
1004.55	0.0272213
1004.69	0.0267298
1004.82	0.0278358
1004.95	0.0278358
1005.09	0.0269755
1005.22	0.0274671
1005.36	0.0275286
1005.49	0.0277744
1005.62	0.0271599
1005.76	0.0272828
1005.89	0.0269141
1006.03	0.02759
1006.16	0.0272213
1006.29	0.0278973
1006.43	0.0272213
1006.56	0.0279587
1006.69	0.02759
1006.83	0.0272828
1006.96	0.0276515
1007.1	0.0280202
1007.23	0.0284503
1007.36	0.0267912
1007.5	0.0277129
1007.63	0.0269755
1007.77	0.0275286
1007.9	0.0281431
1008.03	0.0274057
1008.17	0.02759
1008.3	0.0275286
1008.44	0.0275286
1008.57	0.0277129
1008.7	0.0272828
1008.84	0.0274057
1008.97	0.0274671
1009.1	0.02759
1009.24	0.0272828
1009.37	0.0269755
1009.51	0.0266069
1009.64	0.0283888
1009.77	0.0280202
1009.91	0.0277129
1010.04	0.0275286
1010.18	0.027037
1010.31	0.0276515
1010.44	0.0279587
1010.58	0.0277744
1010.71	0.0281431
1010.85	0.0271599
1010.98	0.0272213
1011.11	0.0264225
1011.25	0.0277129
1011.38	0.0278358
1011.51	0.0272828
1011.65	0.0268526
1011.78	0.0269141
1011.92	0.0280202
1012.05	0.0277744
1012.18	0.0277744
1012.32	0.02759
1012.45	0.0277129
1012.59	0.0275286
1012.72	0.0270984
1012.85	0.0278973
1012.99	0.0278973
1013.12	0.02759
1013.26	0.0272213
1013.39	0.0269141
1013.52	0.0277129
1013.66	0.0280816
1013.79	0.0278973
1013.92	0.0272828
1014.06	0.0275286
1014.19	0.0278973
1014.33	0.0272828
1014.46	0.0275286
1014.59	0.0283274
1014.73	0.0274057
1014.86	0.0267912
1015	0.0266683
1015.13	0.02759
1015.26	0.0274057
1015.4	0.0262996
1015.53	0.0278358
1015.67	0.0277129
1015.8	0.0269755
1015.93	0.0274057
1016.07	0.0272828
1016.2	0.0274057
1016.33	0.0283274
1016.47	0.0278358
1016.6	0.0285117
1016.74	0.0278973
1016.87	0.0280816
1017	0.0277129
1017.14	0.0277129
1017.27	0.0276515
1017.41	0.0273442
1017.54	0.02759
1017.67	0.0274057
1017.81	0.0277129
1017.94	0.027037
1018.07	0.0274671
1018.21	0.0279587
1018.34	0.0270984
1018.48	0.0274057
1018.61	0.0267298
1018.74	0.0273442
1018.88	0.0280816
1019.01	0.0271599
1019.15	0.0266069
1019.28	0.027037
1019.41	0.0272213
1019.55	0.0281431
1019.68	0.0280816
1019.82	0.0278358
1019.95	0.0278358
1020.08	0.0275286
1020.22	0.0273442
1020.35	0.0272828
1020.48	0.0266683
1020.62	0.0270984
1020.75	0.0272828
1020.89	0.0277129
1021.02	0.0275286
1021.15	0.0269141
1021.29	0.0280202
1021.42	0.0269755
1021.56	0.0272828
1021.69	0.02759
1021.82	0.0272213
1021.96	0.0277744
1022.09	0.0268526
1022.22	0.0282045
1022.36	0.0274057
1022.49	0.0276515
1022.63	0.0269755
1022.76	0.0271599
1022.89	0.0281431
1023.03	0.0281431
1023.16	0.0277129
1023.3	0.0280202
1023.43	0.0270984
1023.56	0.0268526
1023.7	0.0278973
1023.83	0.0276515
1023.96	0.0274671
1024.1	0.02759
1024.23	0.0277744
1024.37	0.0277129
1024.5	0.0272828
1024.63	0.0282659
1024.77	0.0278973
1024.9	0.0280816
1025.04	0.0278973
1025.17	0.0267912
1025.3	0.0274671
1025.44	0.027037
1025.57	0.0277129
1025.7	0.0277744
1025.84	0.0278973
1025.97	0.0275286
1026.11	0.0274671
1026.24	0.0272213
1026.37	0.0273442
1026.51	0.0279587
1026.64	0.0272828
1026.78	0.0272213
1026.91	0.0274057
1027.04	0.0275286
1027.18	0.0270984
1027.31	0.027037
1027.44	0.0270984
1027.58	0.0266069
1027.71	0.0278973
1027.85	0.0274057
1027.98	0.0286346
1028.11	0.02759
1028.25	0.0278973
1028.38	0.027037
1028.52	0.0280202
1028.65	0.0277129
1028.78	0.0284503
1028.92	0.0267912
1029.05	0.0283888
1029.18	0.02759
1029.32	0.0274671
1029.45	0.0276515
1029.59	0.0271599
1029.72	0.0273442
1029.85	0.0272828
1029.99	0.0283888
1030.12	0.0273442
1030.26	0.0280202
1030.39	0.0273442
1030.52	0.0279587
1030.66	0.0282659
1030.79	0.0274057
1030.92	0.0272828
1031.06	0.0274671
1031.19	0.0267298
1031.33	0.0260538
1031.46	0.0268526
1031.59	0.0272213
1031.73	0.0274671
1031.86	0.0286346
1031.99	0.0277744
1032.13	0.0277744
1032.26	0.0278973
1032.4	0.0274057
1032.53	0.0277129
1032.66	0.0272828
1032.8	0.0269141
1032.93	0.0269141
1033.07	0.0273442
1033.2	0.02759
1033.33	0.0280816
1033.47	0.0277744
1033.6	0.0279587
1033.73	0.0269141
1033.87	0.0274057
1034	0.0276515
1034.14	0.0278973
1034.27	0.0274057
1034.4	0.0277744
1034.54	0.0278973
1034.67	0.02759
1034.81	0.0273442
1034.94	0.0271599
1035.07	0.0278358
1035.21	0.027037
1035.34	0.026484
1035.47	0.0267912
1035.61	0.0277129
1035.74	0.0276515
1035.88	0.026484
1036.01	0.0274057
1036.14	0.02759
1036.28	0.0268526
1036.41	0.02759
1036.54	0.0273442
1036.68	0.0274057
1036.81	0.0277744
1036.95	0.0276515
1037.08	0.0282659
1037.21	0.0286346
1037.35	0.0272213
1037.48	0.0271599
1037.62	0.0274057
1037.75	0.0283274
1037.88	0.02759
1038.02	0.0282045
1038.15	0.026484
1038.28	0.0272213
1038.42	0.027037
1038.55	0.0276515
1038.69	0.0268526
1038.82	0.0270984
1038.95	0.0285117
1039.09	0.027037
1039.22	0.0269141
1039.35	0.0260538
1039.49	0.0274671
1039.62	0.0276515
1039.76	0.0281431
1039.89	0.0277744
1040.02	0.0281431
1040.16	0.0267298
1040.29	0.0275286
1040.43	0.0269141
1040.56	0.0274057
1040.69	0.027037
1040.83	0.0275286
1040.96	0.02759
1041.09	0.02759
1041.23	0.027037
1041.36	0.0262996
1041.5	0.0272213
1041.63	0.0276515
1041.76	0.0276515
1041.9	0.0267298
1042.03	0.0273442
1042.16	0.0273442
1042.3	0.0278358
1042.43	0.0279587
1042.57	0.0267912
1042.7	0.0285732
1042.83	0.0267912
1042.97	0.0271599
1043.1	0.0276515
1043.23	0.0275286
1043.37	0.0277744
1043.5	0.0269755
1043.64	0.0280202
1043.77	0.0270984
1043.9	0.0274057
1044.04	0.0282659
1044.17	0.0273442
1044.31	0.0274057
1044.44	0.0275286
1044.57	0.0277744
1044.71	0.0274057
1044.84	0.0278358
1044.97	0.0270984
1045.11	0.0278973
1045.24	0.0275286
1045.38	0.0279587
1045.51	0.0279587
1045.64	0.0274671
1045.78	0.0275286
1045.91	0.027037
1046.04	0.0274671
1046.18	0.0277129
1046.31	0.0274671
1046.45	0.0272828
1046.58	0.0275286
1046.71	0.0280816
1046.85	0.0278973
1046.98	0.0273442
1047.11	0.0272213
1047.25	0.0283274
1047.38	0.0272213
1047.52	0.0274057
1047.65	0.0277744
1047.78	0.0278358
1047.92	0.0269755
1048.05	0.0280816
1048.18	0.0269141
1048.32	0.0282659
1048.45	0.0281431
1048.59	0.0271599
1048.72	0.0265454
1048.85	0.0279587
1048.99	0.0280816
1049.12	0.0273442
1049.25	0.0275286
1049.39	0.0268526
1049.52	0.0272213
1049.66	0.02759
1049.79	0.0281431
1049.92	0.0272213
1050.06	0.0278973
1050.19	0.0269755
1050.33	0.0271599
1050.46	0.0274057
1050.59	0.0278973
1050.73	0.0283888
1050.86	0.026484
1050.99	0.0270984
1051.13	0.0274671
1051.26	0.0275286
1051.4	0.0276515
1051.53	0.0274671
1051.66	0.0264225
1051.8	0.0270984
1051.93	0.0270984
1052.06	0.0276515
1052.2	0.0276515
1052.33	0.0271599
1052.47	0.0278973
1052.6	0.027037
1052.73	0.0274671
1052.87	0.0274671
1053	0.0281431
1053.13	0.0269141
1053.27	0.0277129
1053.4	0.02759
1053.54	0.0274057
1053.67	0.0276515
1053.8	0.0272828
1053.94	0.0282045
1054.07	0.0272213
1054.2	0.02759
1054.34	0.0266069
1054.47	0.0281431
1054.61	0.0272213
1054.74	0.0278973
1054.87	0.0274057
1055.01	0.0270984
1055.14	0.0279587
1055.27	0.02759
1055.41	0.0280816
1055.54	0.0283888
1055.68	0.0272828
1055.81	0.0280202
1055.94	0.0272213
1056.08	0.0269755
1056.21	0.0267298
1056.34	0.0273442
1056.48	0.0282659
1056.61	0.0278358
1056.75	0.027037
1056.88	0.0271599
1057.01	0.0274057
1057.15	0.0274057
1057.28	0.0278973
1057.41	0.0280202
1057.55	0.0272213
1057.68	0.0274057
1057.82	0.027037
1057.95	0.0271599
1058.08	0.0272213
1058.22	0.0278358
1058.35	0.0276515
1058.48	0.0264225
1058.62	0.0283274
1058.75	0.027037
1058.89	0.0281431
1059.02	0.0285117
1059.15	0.0274057
1059.29	0.0273442
1059.42	0.0284503
1059.55	0.0269755
1059.69	0.0278358
1059.82	0.0272213
1059.96	0.0280816
1060.09	0.0273442
1060.22	0.0274671
1060.36	0.0269755
1060.49	0.0273442
1060.62	0.0277129
1060.76	0.0269755
1060.89	0.0280202
1061.03	0.0272213
1061.16	0.0278973
1061.29	0.0274671
1061.43	0.0278358
1061.56	0.028819
1061.69	0.0276515
1061.83	0.027037
1061.96	0.0282659
1062.1	0.0275286
1062.23	0.0286961
1062.36	0.0278973
1062.5	0.0276515
1062.63	0.0273442
1062.76	0.0281431
1062.9	0.0267298
1063.03	0.0279587
1063.17	0.0273442
1063.3	0.0280816
1063.43	0.0274057
1063.57	0.0276515
1063.7	0.0260538
1063.83	0.0279587
1063.97	0.0271599
1064.1	0.0281431
1064.23	0.0275286
1064.37	0.0272213
1064.5	0.0277744
1064.64	0.0283274
1064.77	0.0272213
1064.9	0.0280202
1065.04	0.0274671
1065.17	0.0268526
1065.3	0.027037
1065.44	0.0278358
1065.57	0.0265454
1065.71	0.02759
1065.84	0.0273442
1065.97	0.0267298
1066.11	0.0277129
1066.24	0.0274671
1066.37	0.0285732
1066.51	0.0264225
1066.64	0.0267912
1066.78	0.0269141
1066.91	0.0276515
1067.04	0.0274057
1067.18	0.0275286
1067.31	0.0283888
1067.44	0.0281431
1067.58	0.0274671
1067.71	0.0277744
1067.85	0.0271599
1067.98	0.0276515
1068.11	0.0282045
1068.25	0.0276515
1068.38	0.0277744
1068.51	0.02759
1068.65	0.0266683
1068.78	0.0277744
1068.92	0.0280202
1069.05	0.0275286
1069.18	0.0281431
1069.32	0.02759
1069.45	0.0283274
1069.58	0.0273442
1069.72	0.0277129
1069.85	0.0276515
1069.98	0.0276515
1070.12	0.0276515
1070.25	0.0274671
1070.39	0.0272828
1070.52	0.0268526
1070.65	0.0273442
1070.79	0.0274671
1070.92	0.0262382
1071.05	0.0272828
1071.19	0.0277129
1071.32	0.0279587
1071.46	0.0275286
1071.59	0.0278973
1071.72	0.0282659
1071.86	0.0283888
1071.99	0.0283888
1072.12	0.02759
1072.26	0.0274671
1072.39	0.0280816
1072.53	0.0277744
1072.66	0.0268526
1072.79	0.0270984
1072.93	0.0275286
1073.06	0.0269755
1073.19	0.0285117
1073.33	0.02759
1073.46	0.0281431
1073.59	0.0274671
1073.73	0.0269755
1073.86	0.0269755
1074	0.0264225
1074.13	0.0278973
1074.26	0.02759
1074.4	0.0267298
1074.53	0.0276515
1074.66	0.0276515
1074.8	0.0274671
1074.93	0.0271599
1075.07	0.027037
1075.2	0.0280816
1075.33	0.0277744
1075.47	0.0274057
1075.6	0.0267298
1075.73	0.0271599
1075.87	0.0285117
1076	0.0270984
1076.14	0.0278973
1076.27	0.0268526
1076.4	0.0275286
1076.54	0.027037
1076.67	0.0279587
1076.8	0.0272828
1076.94	0.0282659
1077.07	0.0272213
1077.2	0.0274057
1077.34	0.0275286
1077.47	0.0274057
1077.61	0.0277744
1077.74	0.028819
1077.87	0.0283888
1078.01	0.0272213
1078.14	0.0273442
1078.27	0.0270984
1078.41	0.0280816
1078.54	0.027037
1078.68	0.0272828
1078.81	0.0269755
1078.94	0.0274671
1079.08	0.0275286
1079.21	0.027037
1079.34	0.0272213
1079.48	0.0285117
1079.61	0.0273442
1079.74	0.0276515
1079.88	0.0264225
1080.01	0.0278358
1080.15	0.0276515
1080.28	0.0265454
1080.41	0.0275286
1080.55	0.0278973
1080.68	0.02759
1080.81	0.0271599
1080.95	0.0275286
1081.08	0.0272828
1081.22	0.0272213
1081.35	0.0273442
1081.48	0.0271599
1081.62	0.0268526
1081.75	0.0276515
1081.88	0.0269755
1082.02	0.02759
1082.15	0.02759
1082.28	0.0275286
1082.42	0.0274671
1082.55	0.0284503
1082.69	0.0280816
1082.82	0.0266683
1082.95	0.0270984
1083.09	0.0278973
1083.22	0.0279587
1083.35	0.0278358
1083.49	0.0273442
1083.62	0.0277129
1083.75	0.0280816
1083.89	0.0267298
1084.02	0.0277129
1084.16	0.0273442
1084.29	0.0277744
1084.42	0.0281431
1084.56	0.0276515
1084.69	0.0272213
1084.82	0.0277129
1084.96	0.0269755
1085.09	0.0273442
1085.23	0.0272213
1085.36	0.0272213
1085.49	0.0278973
1085.63	0.0277744
1085.76	0.0273442
1085.89	0.0278358
1086.03	0.0278973
1086.16	0.0271599
1086.29	0.0275286
1086.43	0.0278358
1086.56	0.0284503
1086.7	0.0271599
1086.83	0.0279587
1086.96	0.0267298
1087.1	0.0279587
1087.23	0.0271599
1087.36	0.027037
1087.5	0.0277129
1087.63	0.0273442
1087.76	0.0272213
1087.9	0.0271599
1088.03	0.0277129
1088.17	0.0268526
1088.3	0.0272213
1088.43	0.0274057
1088.57	0.027037
1088.7	0.0270984
1088.83	0.0269755
1088.97	0.0277129
1089.1	0.0280202
1089.24	0.0274057
1089.37	0.0266683
1089.5	0.0272213
1089.64	0.0277744
1089.77	0.0271599
1089.9	0.0277744
1090.04	0.0282045
1090.17	0.0273442
1090.3	0.0275286
1090.44	0.0272213
1090.57	0.0274057
1090.71	0.0272828
1090.84	0.02759
1090.97	0.0278973
1091.11	0.02759
1091.24	0.0276515
1091.37	0.0278973
1091.51	0.02759
1091.64	0.0279587
1091.77	0.0269755
1091.91	0.0285732
1092.04	0.0270984
1092.18	0.0276515
1092.31	0.0275286
1092.44	0.0272213
1092.58	0.0283888
1092.71	0.0272213
1092.84	0.0278973
1092.98	0.02759
1093.11	0.0280816
1093.24	0.02759
1093.38	0.0281431
1093.51	0.0269141
1093.65	0.02759
1093.78	0.0280816
1093.91	0.0272213
1094.05	0.0277129
1094.18	0.0281431
1094.31	0.0274057
1094.45	0.0269141
1094.58	0.0279587
1094.71	0.0278358
1094.85	0.0273442
1094.98	0.0274057
1095.12	0.02759
1095.25	0.0272213
1095.38	0.0281431
1095.52	0.0269755
1095.65	0.0277129
1095.78	0.0270984
1095.92	0.0274057
1096.05	0.0272213
1096.18	0.0268526
1096.32	0.0283274
1096.45	0.0277744
1096.59	0.0269141
1096.72	0.0271599
1096.85	0.0274671
1096.99	0.0272213
1097.12	0.0278358
1097.25	0.0276515
1097.39	0.0274057
1097.52	0.0285117
1097.65	0.0263611
1097.79	0.0280202
1097.92	0.0276515
1098.06	0.0282659
1098.19	0.0275286
1098.32	0.026484
1098.46	0.0277744
1098.59	0.0277744
1098.72	0.0282045
1098.86	0.0277744
1098.99	0.0272213
1099.12	0.0274671
1099.26	0.0276515
1099.39	0.0277129
1099.53	0.0271599
1099.66	0.0285117
1099.79	0.0274057
1099.93	0.0274671
1100.06	0.0269755
1100.19	0.0285117
1100.33	0.0278358
1100.46	0.0272828
1100.59	0.0279587
1100.73	0.026484
1100.86	0.0276515
1100.99	0.0275286
1101.13	0.0282659
1101.26	0.0285117
1101.4	0.0277129
1101.53	0.0280202
1101.66	0.0277744
1101.8	0.0279587
1101.93	0.0269141
1102.06	0.0281431
1102.2	0.0283888
1102.33	0.0271599
1102.46	0.0272828
1102.6	0.0276515
1102.73	0.0268526
1102.87	0.0278358
1103	0.0273442
1103.13	0.0276515
1103.27	0.0274671
1103.4	0.0273442
1103.53	0.0272213
1103.67	0.02759
1103.8	0.0272828
1103.93	0.0274671
1104.07	0.0280816
1104.2	0.0282045
1104.34	0.0274671
1104.47	0.0276515
1104.6	0.0267912
1104.74	0.0278358
1104.87	0.0269141
1105	0.0272828
1105.14	0.0276515
1105.27	0.0268526
1105.4	0.0274671
1105.54	0.0274057
1105.67	0.0278973
1105.8	0.0282045
1105.94	0.0280202
1106.07	0.0271599
1106.21	0.0267298
1106.34	0.0266069
1106.47	0.0271599
1106.61	0.0272828
1106.74	0.0276515
1106.87	0.0278973
1107.01	0.0276515
1107.14	0.02759
1107.27	0.0272828
1107.41	0.0278358
1107.54	0.0277129

