Source: Spectrum Viewer

Chart: Pulse Spectrum

Series: 
Wavelength (nm)	S (a.u.)
617.638	0.0271706
617.773	0.0276591
617.908	0.0277201
618.043	0.0267432
618.178	0.0270485
618.313	0.0272927
618.448	0.0280865
618.583	0.0282086
618.718	0.0272317
618.853	0.0268653
618.988	0.0274759
619.123	0.027598
619.258	0.0282086
619.394	0.0272927
619.529	0.0274148
619.664	0.0272317
619.799	0.0273538
619.934	0.0275369
620.069	0.0275369
620.204	0.0270485
620.339	0.0274148
620.474	0.0273538
620.609	0.0277812
620.744	0.0268042
620.879	0.0272927
621.014	0.0267432
621.149	0.0277201
621.284	0.0269264
621.419	0.027598
621.554	0.0271706
621.689	0.0270485
621.825	0.0270485
621.96	0.0278422
622.095	0.0267432
622.23	0.0278422
622.365	0.0277201
622.5	0.0274759
622.635	0.0280254
622.77	0.0268653
622.905	0.0270485
623.04	0.027598
623.175	0.0271706
623.31	0.0272927
623.445	0.0273538
623.58	0.0275369
623.715	0.0267432
623.85	0.0272317
623.985	0.0271706
624.12	0.0279033
624.255	0.0275369
624.39	0.0277812
624.525	0.0275369
624.661	0.0271095
624.796	0.0277812
624.931	0.0272317
625.066	0.0272927
625.201	0.0273538
625.336	0.0278422
625.471	0.0279033
625.606	0.0271706
625.741	0.0269874
625.876	0.0267432
626.011	0.0280865
626.146	0.0273538
626.281	0.0270485
626.416	0.0266821
626.551	0.0270485
626.686	0.0273538
626.821	0.0274759
626.956	0.0266211
627.091	0.0275369
627.226	0.0270485
627.361	0.0272317
627.496	0.0279033
627.631	0.0276591
627.766	0.0271706
627.901	0.0274759
628.036	0.0275369
628.171	0.0270485
628.307	0.0272927
628.442	0.0272927
628.577	0.0270485
628.712	0.0276591
628.847	0.026499
628.982	0.0270485
629.117	0.0272317
629.252	0.0274148
629.387	0.0268653
629.522	0.0281475
629.657	0.0269264
629.792	0.0272927
629.927	0.0274759
630.062	0.0264379
630.197	0.0271706
630.332	0.0268653
630.467	0.0271095
630.602	0.0271706
630.737	0.0273538
630.872	0.0270485
631.007	0.027598
631.142	0.0278422
631.277	0.0272317
631.412	0.0268653
631.547	0.0273538
631.682	0.0272317
631.817	0.02656
631.952	0.0276591
632.087	0.0275369
632.222	0.0272927
632.357	0.0263768
632.492	0.0279033
632.627	0.0284528
632.762	0.0273538
632.897	0.0275369
633.032	0.0271706
633.167	0.0279033
633.302	0.0275369
633.437	0.0277201
633.572	0.0271706
633.707	0.0270485
633.842	0.0270485
633.978	0.0277201
634.113	0.0272317
634.248	0.027598
634.383	0.0278422
634.518	0.0278422
634.653	0.0269874
634.788	0.0271706
634.923	0.0282696
635.058	0.0274148
635.193	0.0279033
635.328	0.0271706
635.463	0.0276591
635.598	0.027598
635.733	0.0277812
635.868	0.0279033
636.003	0.0268042
636.138	0.0274759
636.273	0.0277201
636.408	0.0275369
636.543	0.0271095
636.678	0.0261326
636.813	0.0273538
636.948	0.0274148
637.083	0.0272317
637.218	0.0267432
637.353	0.0272927
637.488	0.0275369
637.623	0.0270485
637.758	0.0276591
637.893	0.0272317
638.028	0.0275369
638.163	0.02656
638.298	0.0272317
638.433	0.0273538
638.568	0.0277812
638.703	0.0269874
638.838	0.0269264
638.973	0.0277201
639.108	0.0271095
639.243	0.0267432
639.378	0.0268042
639.513	0.0277812
639.648	0.0274759
639.783	0.0274759
639.918	0.0274759
640.053	0.0275369
640.188	0.0269874
640.323	0.0279643
640.458	0.0272317
640.593	0.0274759
640.728	0.0274759
640.863	0.0274759
640.998	0.0272927
641.133	0.0270485
641.268	0.0268042
641.403	0.0272927
641.538	0.0274759
641.673	0.0272927
641.808	0.0282086
641.943	0.0278422
642.078	0.0277201
642.213	0.0277201
642.348	0.0272317
642.483	0.0277201
642.618	0.0271095
642.753	0.0266211
642.888	0.0274148
643.023	0.0274148
643.158	0.0272927
643.293	0.0275369
643.428	0.0261326
643.563	0.0271706
643.698	0.0276591
643.833	0.0278422
643.968	0.0274759
644.103	0.0280865
644.237	0.0269874
644.372	0.027598
644.507	0.0271706
644.642	0.0269264
644.777	0.0267432
644.912	0.0266821
645.047	0.0276591
645.182	0.0276591
645.317	0.0278422
645.452	0.0274148
645.587	0.0275369
645.722	0.0277812
645.857	0.0274148
645.992	0.0272927
646.127	0.0268653
646.262	0.0273538
646.397	0.0272317
646.532	0.0275369
646.667	0.0275369
646.802	0.0285749
646.937	0.0281475
647.072	0.0277812
647.207	0.0271706
647.342	0.0275369
647.477	0.0271095
647.612	0.0275369
647.747	0.02656
647.882	0.0274759
648.017	0.0262547
648.152	0.0274759
648.287	0.0269264
648.422	0.027598
648.557	0.026499
648.692	0.0273538
648.827	0.0271095
648.962	0.0280865
649.097	0.0275369
649.232	0.0269874
649.367	0.0263158
649.502	0.0275369
649.637	0.0276591
649.772	0.0269874
649.906	0.0279033
650.041	0.0275369
650.176	0.026499
650.311	0.0271095
650.446	0.0269874
650.581	0.0270485
650.716	0.0274759
650.851	0.0275369
650.986	0.0274148
651.121	0.0275369
651.256	0.0272927
651.391	0.0280865
651.526	0.027598
651.661	0.0272927
651.796	0.0270485
651.931	0.0272317
652.066	0.0269264
652.201	0.0268653
652.336	0.0267432
652.471	0.0282696
652.606	0.0261937
652.741	0.0282086
652.876	0.0279643
653.011	0.0271706
653.146	0.0283917
653.281	0.0276591
653.415	0.0270485
653.55	0.0267432
653.685	0.0271095
653.82	0.0276591
653.955	0.0266821
654.09	0.0275369
654.225	0.0266211
654.36	0.0268042
654.495	0.0277201
654.63	0.0270485
654.765	0.0271095
654.9	0.0268653
655.035	0.0282086
655.17	0.0272317
655.305	0.0264379
655.44	0.0278422
655.575	0.0277201
655.71	0.0280865
655.845	0.0269874
655.98	0.0270485
656.115	0.0273538
656.25	0.0271706
656.384	0.0267432
656.519	0.0271706
656.654	0.0278422
656.789	0.0267432
656.924	0.0272317
657.059	0.02656
657.194	0.0280254
657.329	0.0269874
657.464	0.0270485
657.599	0.0274759
657.734	0.0271706
657.869	0.0272927
658.004	0.0280254
658.139	0.0268653
658.274	0.0271706
658.409	0.0266821
658.544	0.0270485
658.679	0.0276591
658.813	0.0270485
658.948	0.0274759
659.083	0.0267432
659.218	0.0276591
659.353	0.026499
659.488	0.0277812
659.623	0.0279033
659.758	0.0278422
659.893	0.0268042
660.028	0.0271706
660.163	0.0268042
660.298	0.0271095
660.433	0.0267432
660.568	0.0271706
660.703	0.02656
660.838	0.0276591
660.972	0.0268653
661.107	0.0274759
661.242	0.0273538
661.377	0.0272927
661.512	0.0277201
661.647	0.0271706
661.782	0.0274148
661.917	0.0272317
662.052	0.0280865
662.187	0.0269874
662.322	0.0278422
662.457	0.0274759
662.592	0.0269874
662.727	0.0280865
662.862	0.0274759
662.996	0.0279033
663.131	0.0273538
663.266	0.0277201
663.401	0.0272927
663.536	0.0272927
663.671	0.0269874
663.806	0.0281475
663.941	0.0272927
664.076	0.0276591
664.211	0.0266211
664.346	0.0271706
664.481	0.0276591
664.616	0.0266211
664.75	0.0271706
664.885	0.0272317
665.02	0.0267432
665.155	0.0270485
665.29	0.026499
665.425	0.0268042
665.56	0.0271095
665.695	0.0274148
665.83	0.0273538
665.965	0.0272317
666.1	0.0263158
666.235	0.0274759
666.37	0.0276591
666.504	0.0271706
666.639	0.0266821
666.774	0.027598
666.909	0.0273538
667.044	0.0273538
667.179	0.0271706
667.314	0.0269264
667.449	0.0272927
667.584	0.027598
667.719	0.0281475
667.854	0.0277812
667.989	0.0272927
668.123	0.0278422
668.258	0.0266821
668.393	0.0275369
668.528	0.0274148
668.663	0.0266211
668.798	0.0271706
668.933	0.0273538
669.068	0.0272927
669.203	0.0275369
669.338	0.0271706
669.473	0.0277812
669.607	0.0263768
669.742	0.0273538
669.877	0.0268042
670.012	0.0272927
670.147	0.0271706
670.282	0.0271095
670.417	0.0269264
670.552	0.0277812
670.687	0.0268653
670.822	0.0269264
670.957	0.0272317
671.091	0.0275369
671.226	0.0282086
671.361	0.0270485
671.496	0.0272927
671.631	0.0270485
671.766	0.0274759
671.901	0.0278422
672.036	0.0280865
672.171	0.0274759
672.306	0.0279643
672.44	0.0274148
672.575	0.0277812
672.71	0.0274148
672.845	0.0268042
672.98	0.0271706
673.115	0.0277201
673.25	0.027598
673.385	0.0271706
673.52	0.0273538
673.655	0.0279033
673.789	0.0271706
673.924	0.0267432
674.059	0.0277201
674.194	0.0278422
674.329	0.027598
674.464	0.0283917
674.599	0.0278422
674.734	0.0268042
674.869	0.0278422
675.003	0.0270485
675.138	0.0269264
675.273	0.0281475
675.408	0.0275369
675.543	0.0274759
675.678	0.0272927
675.813	0.0272317
675.948	0.0275369
676.083	0.0262547
676.217	0.0274759
676.352	0.0280865
676.487	0.0269264
676.622	0.0269874
676.757	0.0274759
676.892	0.0262547
677.027	0.0272927
677.162	0.0277201
677.297	0.0268042
677.431	0.0273538
677.566	0.0271095
677.701	0.0268042
677.836	0.0269874
677.971	0.0270485
678.106	0.0277812
678.241	0.0268042
678.376	0.0267432
678.511	0.0262547
678.645	0.0273538
678.78	0.0282086
678.915	0.0271095
679.05	0.0276591
679.185	0.026499
679.32	0.0269874
679.455	0.0276591
679.59	0.0275369
679.724	0.0269264
679.859	0.0274148
679.994	0.0269264
680.129	0.0274759
680.264	0.0272927
680.399	0.0274759
680.534	0.0277812
680.669	0.0269264
680.803	0.0272927
680.938	0.0269874
681.073	0.0271095
681.208	0.0271706
681.343	0.0269874
681.478	0.027598
681.613	0.0272317
681.748	0.0278422
681.882	0.0274148
682.017	0.026499
682.152	0.027598
682.287	0.0268042
682.422	0.0269874
682.557	0.0274148
682.692	0.0266821
682.827	0.0268653
682.961	0.0269264
683.096	0.0273538
683.231	0.0272317
683.366	0.0277812
683.501	0.0271095
683.636	0.0273538
683.771	0.0269264
683.906	0.0275369
684.04	0.0266821
684.175	0.0270485
684.31	0.0279033
684.445	0.0272927
684.58	0.0278422
684.715	0.0272317
684.85	0.0266821
684.984	0.0271095
685.119	0.0282696
685.254	0.0274148
685.389	0.0276591
685.524	0.0274759
685.659	0.0263768
685.794	0.0271706
685.928	0.0276591
686.063	0.0269264
686.198	0.0274148
686.333	0.0276591
686.468	0.0276591
686.603	0.02656
686.738	0.0269874
686.872	0.0272927
687.007	0.0274759
687.142	0.0275369
687.277	0.0272317
687.412	0.0271706
687.547	0.0269264
687.682	0.0268042
687.816	0.0274148
687.951	0.0271095
688.086	0.0267432
688.221	0.0269264
688.356	0.0277812
688.491	0.0274148
688.626	0.0270485
688.76	0.0269874
688.895	0.0277812
689.03	0.0274759
689.165	0.0282696
689.3	0.0268653
689.435	0.0271095
689.57	0.02656
689.704	0.0266821
689.839	0.0268042
689.974	0.0268653
690.109	0.0276591
690.244	0.0271706
690.379	0.0268653
690.513	0.0271095
690.648	0.0274759
690.783	0.0274148
690.918	0.0271706
691.053	0.0274148
691.188	0.0273538
691.323	0.0278422
691.457	0.0271095
691.592	0.0274148
691.727	0.0263768
691.862	0.0270485
691.997	0.0274759
692.132	0.0280865
692.266	0.0277201
692.401	0.0263158
692.536	0.0274759
692.671	0.0269264
692.806	0.0279033
692.941	0.0272317
693.075	0.0280254
693.21	0.0273538
693.345	0.0274759
693.48	0.0264379
693.615	0.0274148
693.75	0.0271706
693.885	0.0279033
694.019	0.0281475
694.154	0.0274759
694.289	0.027598
694.424	0.0272927
694.559	0.027598
694.694	0.0271095
694.828	0.0278422
694.963	0.0273538
695.098	0.0274759
695.233	0.026499
695.368	0.0277812
695.503	0.0272317
695.637	0.0269264
695.772	0.0277812
695.907	0.0272317
696.042	0.0274148
696.177	0.0271706
696.312	0.0277812
696.446	0.028697
696.581	0.0268653
696.716	0.0282696
696.851	0.0272927
696.986	0.0268653
697.12	0.028697
697.255	0.0274148
697.39	0.02656
697.525	0.0269264
697.66	0.0277812
697.795	0.0273538
697.929	0.0279643
698.064	0.0272317
698.199	0.0274148
698.334	0.0272317
698.469	0.0277812
698.604	0.0275369
698.738	0.0274759
698.873	0.0276591
699.008	0.0277201
699.143	0.027598
699.278	0.0275369
699.412	0.0283917
699.547	0.02656
699.682	0.0269264
699.817	0.027598
699.952	0.0269874
700.087	0.0271706
700.221	0.0274148
700.356	0.0271095
700.491	0.0271706
700.626	0.0266821
700.761	0.0272317
700.895	0.0279033
701.03	0.0272317
701.165	0.0271706
701.3	0.0270485
701.435	0.0274759
701.57	0.0272317
701.704	0.0266821
701.839	0.0271095
701.974	0.0277201
702.109	0.0266821
702.244	0.0270485
702.378	0.0260716
702.513	0.0262547
702.648	0.0268653
702.783	0.0274148
702.918	0.0276591
703.052	0.0274148
703.187	0.026499
703.322	0.027598
703.457	0.0270485
703.592	0.0272317
703.727	0.0274759
703.861	0.0274148
703.996	0.0281475
704.131	0.0270485
704.266	0.0272927
704.401	0.0271706
704.535	0.0272317
704.67	0.0272927
704.805	0.0271706
704.94	0.0278422
705.075	0.027598
705.209	0.0269874
705.344	0.0271095
705.479	0.0271706
705.614	0.028636
705.749	0.0278422
705.883	0.0272317
706.018	0.0274759
706.153	0.0277812
706.288	0.0269874
706.423	0.0273538
706.557	0.0272927
706.692	0.0274759
706.827	0.0273538
706.962	0.0271095
707.097	0.027598
707.231	0.0274759
707.366	0.0274759
707.501	0.0278422
707.636	0.0273538
707.771	0.0273538
707.905	0.0272927
708.04	0.0274759
708.175	0.027598
708.31	0.0271706
708.445	0.0267432
708.579	0.0275369
708.714	0.0274148
708.849	0.0266211
708.984	0.0274148
709.118	0.0269264
709.253	0.0263768
709.388	0.0273538
709.523	0.0266821
709.658	0.0274148
709.792	0.0272927
709.927	0.0274148
710.062	0.0269874
710.197	0.0267432
710.332	0.0272317
710.466	0.0279643
710.601	0.0269874
710.736	0.0268042
710.871	0.0274759
711.006	0.0274148
711.14	0.0278422
711.275	0.0268653
711.41	0.0275369
711.545	0.0268653
711.679	0.0271706
711.814	0.0270485
711.949	0.0269874
712.084	0.0279033
712.219	0.0269874
712.353	0.0279033
712.488	0.027598
712.623	0.0274148
712.758	0.0272317
712.892	0.0275369
713.027	0.0270485
713.162	0.0278422
713.297	0.0280865
713.432	0.0269264
713.566	0.0278422
713.701	0.027598
713.836	0.0269264
713.971	0.0277812
714.105	0.0278422
714.24	0.0272317
714.375	0.0276591
714.51	0.027598
714.645	0.0272927
714.779	0.0277812
714.914	0.0264379
715.049	0.0280865
715.184	0.0280254
715.318	0.0262547
715.453	0.0274759
715.588	0.0280254
715.723	0.0274148
715.858	0.0267432
715.992	0.0278422
716.127	0.0279033
716.262	0.0271095
716.397	0.0272927
716.531	0.0277812
716.666	0.0284528
716.801	0.0272927
716.936	0.0276591
717.07	0.0275369
717.205	0.0277201
717.34	0.0276591
717.475	0.0277201
717.61	0.0273538
717.744	0.0279643
717.879	0.0274759
718.014	0.027598
718.149	0.0270485
718.283	0.0270485
718.418	0.0272317
718.553	0.0277812
718.688	0.0270485
718.822	0.0277201
718.957	0.0271095
719.092	0.0276591
719.227	0.0272927
719.361	0.0275369
719.496	0.0274759
719.631	0.0270485
719.766	0.0274148
719.9	0.0268653
720.035	0.0277201
720.17	0.0271706
720.305	0.0271095
720.44	0.0275369
720.574	0.0272317
720.709	0.0270485
720.844	0.0272317
720.979	0.0275369
721.113	0.0274759
721.248	0.0271095
721.383	0.0269264
721.518	0.0272317
721.652	0.0271706
721.787	0.0274759
721.922	0.0269874
722.057	0.0273538
722.191	0.0271706
722.326	0.02656
722.461	0.0262547
722.596	0.0266211
722.73	0.0277812
722.865	0.0267432
723	0.0271706
723.135	0.0273538
723.269	0.0275369
723.404	0.0271706
723.539	0.0271706
723.674	0.0276591
723.808	0.0274148
723.943	0.0266821
724.078	0.0269264
724.213	0.0270485
724.347	0.0279033
724.482	0.0283307
724.617	0.0271706
724.752	0.0270485
724.886	0.0269874
725.021	0.0270485
725.156	0.0279643
725.291	0.0278422
725.425	0.0282086
725.56	0.027598
725.695	0.0268042
725.829	0.0266821
725.964	0.0274759
726.099	0.0279643
726.234	0.0269874
726.368	0.0271706
726.503	0.0276591
726.638	0.0276591
726.773	0.0277812
726.907	0.0272927
727.042	0.0277201
727.177	0.0281475
727.312	0.0274148
727.446	0.0274148
727.581	0.0272927
727.716	0.0282696
727.851	0.0271706
727.985	0.0285139
728.12	0.0274759
728.255	0.0272927
728.389	0.0271095
728.524	0.0280254
728.659	0.0272317
728.794	0.0273538
728.928	0.0275369
729.063	0.0272927
729.198	0.0269264
729.333	0.0272317
729.467	0.028636
729.602	0.0280254
729.737	0.0272927
729.872	0.0269874
730.006	0.02656
730.141	0.0271706
730.276	0.0269874
730.41	0.0268042
730.545	0.0274148
730.68	0.0277201
730.815	0.0269874
730.949	0.0275369
731.084	0.0274148
731.219	0.0268653
731.354	0.0275369
731.488	0.0277201
731.623	0.027598
731.758	0.0277201
731.892	0.0266821
732.027	0.0269264
732.162	0.027598
732.297	0.0268042
732.431	0.0271095
732.566	0.0274759
732.701	0.0271706
732.835	0.0277201
732.97	0.0269264
733.105	0.0277812
733.24	0.0267432
733.374	0.0270485
733.509	0.0282086
733.644	0.0282696
733.779	0.0271706
733.913	0.0277812
734.048	0.0273538
734.183	0.0272927
734.317	0.0272927
734.452	0.0268653
734.587	0.0276591
734.722	0.0274759
734.856	0.0272317
734.991	0.0269874
735.126	0.0269264
735.26	0.0276591
735.395	0.0271706
735.53	0.0272927
735.665	0.0269264
735.799	0.0274759
735.934	0.0272317
736.069	0.0280254
736.203	0.0274759
736.338	0.0276591
736.473	0.0275369
736.607	0.0275369
736.742	0.0269874
736.877	0.0274759
737.012	0.0268042
737.146	0.0272317
737.281	0.0274759
737.416	0.0266211
737.55	0.0277201
737.685	0.0268042
737.82	0.0263768
737.955	0.0274148
738.089	0.0280865
738.224	0.0267432
738.359	0.0282086
738.493	0.0269874
738.628	0.0272317
738.763	0.0275369
738.897	0.0273538
739.032	0.0273538
739.167	0.027598
739.302	0.0271095
739.436	0.0277201
739.571	0.0274148
739.706	0.0272927
739.84	0.0279643
739.975	0.0273538
740.11	0.0274148
740.244	0.0275369
740.379	0.0274759
740.514	0.0271706
740.649	0.027598
740.783	0.0273538
740.918	0.0276591
741.053	0.0271706
741.187	0.0273538
741.322	0.0279033
741.457	0.0276591
741.591	0.0271095
741.726	0.0274148
741.861	0.0269874
741.996	0.028636
742.13	0.0283307
742.265	0.0278422
742.4	0.0274759
742.534	0.0282086
742.669	0.0274148
742.804	0.027598
742.938	0.0276591
743.073	0.0271095
743.208	0.0272927
743.342	0.0280865
743.477	0.0266821
743.612	0.0274148
743.747	0.0266211
743.881	0.0269264
744.016	0.0271706
744.151	0.0271706
744.285	0.0290023
744.42	0.0282696
744.555	0.027598
744.689	0.0276591
744.824	0.0270485
744.959	0.0272927
745.093	0.0280254
745.228	0.0271706
745.363	0.0279643
745.497	0.0276591
745.632	0.0269874
745.767	0.0277201
745.901	0.0277812
746.036	0.0274759
746.171	0.0277201
746.305	0.0274759
746.44	0.0273538
746.575	0.0272317
746.71	0.0272317
746.844	0.0275369
746.979	0.0274148
747.114	0.0269874
747.248	0.0274148
747.383	0.02656
747.518	0.0276591
747.652	0.0275369
747.787	0.0274148
747.922	0.0274148
748.056	0.0275369
748.191	0.0270485
748.326	0.0268653
748.46	0.0269874
748.595	0.0268653
748.73	0.0275369
748.864	0.0276591
748.999	0.0273538
749.134	0.0272317
749.268	0.0268653
749.403	0.0274759
749.538	0.0274759
749.672	0.0260105
749.807	0.0270485
749.942	0.0274148
750.076	0.0266821
750.211	0.0268653
750.346	0.0278422
750.48	0.0271706
750.615	0.0277812
750.75	0.0270485
750.884	0.0275369
751.019	0.0273538
751.154	0.0273538
751.288	0.0284528
751.423	0.0271706
751.558	0.0274148
751.692	0.0269264
751.827	0.0266211
751.962	0.0266821
752.096	0.0280254
752.231	0.0276591
752.366	0.026499
752.5	0.0268042
752.635	0.0269264
752.77	0.0270485
752.904	0.0271095
753.039	0.02656
753.174	0.0272927
753.308	0.0269874
753.443	0.0269874
753.578	0.0272927
753.712	0.0267432
753.847	0.0278422
753.982	0.0272317
754.116	0.0272317
754.251	0.0267432
754.386	0.0270485
754.52	0.0277812
754.655	0.0271706
754.79	0.0279033
754.924	0.0279033
755.059	0.0266211
755.194	0.0285749
755.328	0.027598
755.463	0.0270485
755.597	0.0271706
755.732	0.0272317
755.867	0.0272927
756.001	0.0266211
756.136	0.0268653
756.271	0.0272927
756.405	0.0269874
756.54	0.0274759
756.675	0.0266211
756.809	0.0271706
756.944	0.0275369
757.079	0.0274759
757.213	0.0277812
757.348	0.0279033
757.483	0.0271706
757.617	0.0274759
757.752	0.0268042
757.887	0.0272317
758.021	0.0269874
758.156	0.0269874
758.29	0.0272927
758.425	0.0277201
758.56	0.02656
758.694	0.0271095
758.829	0.0277201
758.964	0.0266211
759.098	0.0271706
759.233	0.0282696
759.368	0.0279643
759.502	0.0274148
759.637	0.0280254
759.772	0.027598
759.906	0.0271706
760.041	0.0277812
760.175	0.0269874
760.31	0.0273538
760.445	0.027598
760.579	0.0275369
760.714	0.0269874
760.849	0.0280254
760.983	0.0274759
761.118	0.0278422
761.253	0.0275369
761.387	0.0282696
761.522	0.0266821
761.656	0.0268653
761.791	0.0274759
761.926	0.0280865
762.06	0.026499
762.195	0.0277201
762.33	0.0272927
762.464	0.0280254
762.599	0.0276591
762.733	0.0275369
762.868	0.0274148
763.003	0.0267432
763.137	0.0262547
763.272	0.0274759
763.407	0.0274759
763.541	0.0275369
763.676	0.0270485
763.811	0.0272317
763.945	0.0266211
764.08	0.0268042
764.214	0.0266211
764.349	0.0273538
764.484	0.0274759
764.618	0.0269874
764.753	0.0280254
764.888	0.027598
765.022	0.0278422
765.157	0.0270485
765.291	0.0275369
765.426	0.0272927
765.561	0.0280865
765.695	0.0269874
765.83	0.0271095
765.965	0.0268042
766.099	0.0272927
766.234	0.0277812
766.368	0.0277201
766.503	0.0267432
766.638	0.0279033
766.772	0.0277201
766.907	0.0270485
767.041	0.0268653
767.176	0.0272317
767.311	0.0271706
767.445	0.0269264
767.58	0.0266821
767.715	0.0270485
767.849	0.0273538
767.984	0.0271706
768.118	0.0274148
768.253	0.0272927
768.388	0.0275369
768.522	0.0271706
768.657	0.0270485
768.791	0.0272317
768.926	0.0270485
769.061	0.0280865
769.195	0.0278422
769.33	0.0270485
769.465	0.0277812
769.599	0.0275369
769.734	0.0272927
769.868	0.027598
770.003	0.0271095
770.138	0.0268042
770.272	0.0278422
770.407	0.0271095
770.541	0.0257663
770.676	0.0266211
770.811	0.0272927
770.945	0.0279643
771.08	0.0269264
771.214	0.0269264
771.349	0.0272317
771.484	0.0261326
771.618	0.0272927
771.753	0.0272927
771.887	0.0279033
772.022	0.0271706
772.157	0.0271706
772.291	0.0275369
772.426	0.0275369
772.56	0.0273538
772.695	0.027598
772.83	0.0272317
772.964	0.0270485
773.099	0.0272317
773.233	0.0267432
773.368	0.0274759
773.503	0.0270485
773.637	0.0266821
773.772	0.0275369
773.906	0.0276591
774.041	0.0271706
774.176	0.0269264
774.31	0.0271095
774.445	0.027598
774.579	0.0274759
774.714	0.0282696
774.849	0.0268653
774.983	0.026499
775.118	0.0266821
775.252	0.0272317
775.387	0.0277201
775.522	0.02656
775.656	0.0280865
775.791	0.0277812
775.925	0.0272317
776.06	0.0267432
776.195	0.0274759
776.329	0.0278422
776.464	0.0279033
776.598	0.0274759
776.733	0.0269874
776.868	0.0273538
777.002	0.0274148
777.137	0.0277201
777.271	0.0274759
777.406	0.0275369
777.54	0.0274759
777.675	0.0272927
777.81	0.0270485
777.944	0.0274148
778.079	0.0272317
778.213	0.0260716
778.348	0.0280254
778.483	0.02656
778.617	0.0275369
778.752	0.027598
778.886	0.0279643
779.021	0.0277812
779.155	0.027598
779.29	0.027598
779.425	0.0285139
779.559	0.0266821
779.694	0.0269874
779.828	0.027598
779.963	0.0276591
780.098	0.0269874
780.232	0.0276591
780.367	0.0277201
780.501	0.0271706
780.636	0.0278422
780.77	0.0283307
780.905	0.0280254
781.04	0.027598
781.174	0.0278422
781.309	0.0269264
781.443	0.0269264
781.578	0.0279643
781.712	0.0276591
781.847	0.0264379
781.982	0.027598
782.116	0.0280865
782.251	0.0272927
782.385	0.0278422
782.52	0.0269874
782.654	0.0271095
782.789	0.0272927
782.924	0.0280865
783.058	0.0283917
783.193	0.0279033
783.327	0.0269264
783.462	0.0271095
783.596	0.0276591
783.731	0.0275369
783.866	0.0277201
784	0.0269264
784.135	0.027598
784.269	0.0278422
784.404	0.0268653
784.538	0.0272317
784.673	0.027598
784.808	0.0268653
784.942	0.0285139
785.077	0.0277201
785.211	0.0280254
785.346	0.0283307
785.48	0.0272927
785.615	0.027598
785.75	0.0276591
785.884	0.0262547
786.019	0.0275369
786.153	0.0280254
786.288	0.0268653
786.422	0.0272317
786.557	0.0271706
786.691	0.028697
786.826	0.027598
786.961	0.0278422
787.095	0.027598
787.23	0.0269874
787.364	0.0266211
787.499	0.0269874
787.633	0.0268042
787.768	0.0267432
787.902	0.0269264
788.037	0.0274759
788.172	0.0278422
788.306	0.0278422
788.441	0.0272317
788.575	0.0282086
788.71	0.0266821
788.844	0.0270485
788.979	0.0282086
789.113	0.0276591
789.248	0.0277812
789.383	0.0271706
789.517	0.0269874
789.652	0.0277201
789.786	0.0267432
789.921	0.027598
790.055	0.0270485
790.19	0.0272317
790.324	0.0270485
790.459	0.0273538
790.594	0.0277201
790.728	0.0272927
790.863	0.0271706
790.997	0.0271706
791.132	0.027598
791.266	0.0285749
791.401	0.0274759
791.535	0.0279033
791.67	0.0278422
791.804	0.0280254
791.939	0.0277812
792.074	0.0269874
792.208	0.0266821
792.343	0.0274148
792.477	0.0273538
792.612	0.0281475
792.746	0.0274759
792.881	0.0272927
793.015	0.0271095
793.15	0.0274759
793.284	0.0271706
793.419	0.0279033
793.553	0.0272317
793.688	0.0277201
793.823	0.0282086
793.957	0.0272927
794.092	0.0268653
794.226	0.0277201
794.361	0.0274759
794.495	0.0282696
794.63	0.0284528
794.764	0.0275369
794.899	0.0271095
795.033	0.0277201
795.168	0.0281475
795.302	0.0271706
795.437	0.0277812
795.572	0.0277201
795.706	0.0275369
795.841	0.0272927
795.975	0.0272317
796.11	0.0270485
796.244	0.0279643
796.379	0.0274759
796.513	0.0274759
796.648	0.0274148
796.782	0.0276591
796.917	0.0278422
797.051	0.0270485
797.186	0.0272317
797.32	0.0279643
797.455	0.0279033
797.589	0.0279033
797.724	0.027598
797.859	0.0271706
797.993	0.0277201
798.128	0.0273538
798.262	0.0272317
798.397	0.0277201
798.531	0.0285139
798.666	0.0279643
798.8	0.0278422
798.935	0.0274759
799.069	0.0271095
799.204	0.0271095
799.338	0.0283307
799.473	0.027598
799.607	0.0271706
799.742	0.0282696
799.876	0.0287581
800.011	0.0283307
800.145	0.0282086
800.28	0.0275369
800.414	0.0278422
800.549	0.0280254
800.683	0.028697
800.818	0.0279643
800.953	0.0281475
801.087	0.0278422
801.222	0.0274759
801.356	0.0279033
801.491	0.0282696
801.625	0.0284528
801.76	0.0283307
801.894	0.0292466
802.029	0.028697
802.163	0.0283307
802.298	0.0283307
802.432	0.027598
802.567	0.0291855
802.701	0.0290634
802.836	0.0295518
802.97	0.0292466
803.105	0.0291244
803.239	0.0291855
803.374	0.029674
803.508	0.0293076
803.643	0.0299792
803.777	0.0299182
803.912	0.0291244
804.046	0.0306509
804.181	0.0299792
804.315	0.0293687
804.45	0.0302845
804.584	0.0302845
804.719	0.0301624
804.853	0.0309562
804.988	0.0311393
805.122	0.0312004
805.257	0.0320552
805.391	0.0321163
805.526	0.031872
805.66	0.0313225
805.795	0.0326047
805.929	0.0333985
806.064	0.0335206
806.198	0.0336427
806.333	0.0365124
806.467	0.0357186
806.602	0.0366345
806.736	0.0384662
806.871	0.0394432
807.005	0.0402369
807.14	0.0433508
807.274	0.0448773
807.409	0.0464037
807.543	0.0542801
807.678	0.0703383
807.812	0.143302
807.947	0.326902
808.081	0.341983
808.216	0.256381
808.35	0.315362
808.485	0.938698
808.619	1
808.754	0.996886
808.888	0.998474
809.023	0.993406
809.157	0.992551
809.292	0.985774
809.426	0.982782
809.561	0.976798
809.695	0.964892
809.83	0.957138
809.964	0.729637
810.099	0.299792
810.233	0.169374
810.368	0.0910978
810.502	0.0517768
810.637	0.0431677
810.771	0.0383441
810.906	0.0358408
811.04	0.0357797
811.175	0.0348638
811.309	0.0333985
811.444	0.0333985
811.578	0.0326047
811.713	0.0324215
811.847	0.0323605
811.982	0.030773
812.116	0.0313225
812.251	0.0316889
812.385	0.0311393
812.519	0.0311393
812.654	0.0305898
812.788	0.0304677
812.923	0.030834
813.057	0.0294908
813.192	0.0299182
813.326	0.0292466
813.461	0.0289413
813.595	0.0293687
813.73	0.0300403
813.864	0.0302235
813.999	0.0289413
814.133	0.0291855
814.268	0.0295518
814.402	0.028697
814.537	0.0300403
814.671	0.0281475
814.806	0.0288191
814.94	0.0291244
815.075	0.0283917
815.209	0.0281475
815.344	0.0277812
815.478	0.0285139
815.612	0.0271706
815.747	0.0282086
815.881	0.0273538
816.016	0.0287581
816.15	0.0280254
816.285	0.0284528
816.419	0.0273538
816.554	0.0277812
816.688	0.0278422
816.823	0.0278422
816.957	0.0282086
817.092	0.0281475
817.226	0.0278422
817.361	0.0283307
817.495	0.0279033
817.63	0.0280254
817.764	0.0272317
817.898	0.0285749
818.033	0.0282086
818.167	0.0280865
818.302	0.0273538
818.436	0.0274759
818.571	0.0284528
818.705	0.027598
818.84	0.0272927
818.974	0.0280865
819.109	0.0274148
819.243	0.0271706
819.378	0.0273538
819.512	0.027598
819.646	0.0270485
819.781	0.0280865
819.915	0.0272927
820.05	0.0284528
820.184	0.0277201
820.319	0.0271706
820.453	0.0277812
820.588	0.0277201
820.722	0.0272927
820.857	0.0274148
820.991	0.0264379
821.126	0.0279033
821.26	0.0277201
821.394	0.0268042
821.529	0.0280254
821.663	0.0277201
821.798	0.0271706
821.932	0.0282696
822.067	0.0274148
822.201	0.0274759
822.336	0.0280254
822.47	0.0269874
822.605	0.0262547
822.739	0.0273538
822.873	0.0274148
823.008	0.0274148
823.142	0.0270485
823.277	0.0274759
823.411	0.0273538
823.546	0.0283917
823.68	0.0266821
823.815	0.0269874
823.949	0.0277812
824.083	0.0271095
824.218	0.0280865
824.352	0.0277812
824.487	0.0271095
824.621	0.0282696
824.756	0.0270485
824.89	0.0277201
825.025	0.0264379
825.159	0.0273538
825.293	0.0280865
825.428	0.0274759
825.562	0.0271095
825.697	0.0271095
825.831	0.0282086
825.966	0.0281475
826.1	0.0270485
826.235	0.0267432
826.369	0.0271095
826.503	0.0277201
826.638	0.0281475
826.772	0.0275369
826.907	0.0271095
827.041	0.027598
827.176	0.0267432
827.31	0.0279643
827.445	0.0277812
827.579	0.0273538
827.713	0.0272317
827.848	0.0272317
827.982	0.0274148
828.117	0.0268042
828.251	0.0270485
828.386	0.0272927
828.52	0.0269264
828.654	0.0280254
828.789	0.0274759
828.923	0.0279643
829.058	0.0272927
829.192	0.0278422
829.327	0.0275369
829.461	0.0267432
829.596	0.0269264
829.73	0.027598
829.864	0.0280865
829.999	0.0282086
830.133	0.0273538
830.268	0.0279033
830.402	0.0266821
830.537	0.0282696
830.671	0.0272317
830.805	0.0273538
830.94	0.0268653
831.074	0.0271706
831.209	0.0279033
831.343	0.028697
831.478	0.0271095
831.612	0.0272317
831.746	0.0269874
831.881	0.0279033
832.015	0.0270485
832.15	0.0276591
832.284	0.0274148
832.418	0.0272927
832.553	0.0269874
832.687	0.0279643
832.822	0.0279033
832.956	0.0275369
833.091	0.0276591
833.225	0.0266821
833.359	0.0272317
833.494	0.0270485
833.628	0.0277201
833.763	0.0277812
833.897	0.0277812
834.032	0.0272317
834.166	0.0274759
834.3	0.0277201
834.435	0.0275369
834.569	0.0272317
834.704	0.0281475
834.838	0.0277812
834.972	0.0272927
835.107	0.0275369
835.241	0.0269264
835.376	0.0273538
835.51	0.0278422
835.645	0.0267432
835.779	0.0283917
835.913	0.0277201
836.048	0.0277201
836.182	0.0279033
836.317	0.0275369
836.451	0.0276591
836.585	0.0272317
836.72	0.0274148
836.854	0.0276591
836.989	0.0272927
837.123	0.0266821
837.257	0.0277201
837.392	0.0274759
837.526	0.0271095
837.661	0.0272927
837.795	0.0276591
837.929	0.0278422
838.064	0.0276591
838.198	0.0268653
838.333	0.0276591
838.467	0.0280254
838.602	0.0271095
838.736	0.0276591
838.87	0.0267432
839.005	0.0279643
839.139	0.0268042
839.274	0.0274759
839.408	0.0272317
839.542	0.0267432
839.677	0.0266211
839.811	0.0280254
839.946	0.0268653
840.08	0.0276591
840.214	0.0270485
840.349	0.0274759
840.483	0.0280865
840.618	0.0267432
840.752	0.027598
840.886	0.0275369
841.021	0.0273538
841.155	0.0271706
841.29	0.0275369
841.424	0.0271095
841.558	0.0271706
841.693	0.028697
841.827	0.0279033
841.961	0.0272927
842.096	0.027598
842.23	0.0281475
842.365	0.0270485
842.499	0.0272317
842.633	0.0273538
842.768	0.0268042
842.902	0.0266821
843.037	0.0279643
843.171	0.02656
843.305	0.0271706
843.44	0.0278422
843.574	0.0274759
843.709	0.0274759
843.843	0.0273538
843.977	0.0273538
844.112	0.0270485
844.246	0.0274759
844.381	0.0272317
844.515	0.0268653
844.649	0.0277201
844.784	0.0266821
844.918	0.0270485
845.052	0.0274148
845.187	0.0276591
845.321	0.0282086
845.456	0.027598
845.59	0.0266211
845.724	0.0276591
845.859	0.0272927
845.993	0.0269874
846.128	0.0277201
846.262	0.0272317
846.396	0.0279033
846.531	0.0273538
846.665	0.0266211
846.799	0.0266821
846.934	0.0272317
847.068	0.0268042
847.203	0.0274148
847.337	0.0277812
847.471	0.0277201
847.606	0.0267432
847.74	0.0280865
847.874	0.0264379
848.009	0.0271095
848.143	0.0272317
848.278	0.0264379
848.412	0.0269264
848.546	0.0271706
848.681	0.0267432
848.815	0.0266211
848.949	0.0262547
849.084	0.0272317
849.218	0.027598
849.353	0.0269874
849.487	0.0284528
849.621	0.0278422
849.756	0.0274759
849.89	0.0278422
850.024	0.0269874
850.159	0.0281475
850.293	0.0266211
850.428	0.0267432
850.562	0.0266211
850.696	0.0280254
850.831	0.0259494
850.965	0.0271706
851.099	0.0276591
851.234	0.0268653
851.368	0.0274148
851.502	0.0269874
851.637	0.0272317
851.771	0.0274148
851.906	0.0269874
852.04	0.0263158
852.174	0.0273538
852.309	0.0277201
852.443	0.027598
852.577	0.0272317
852.712	0.0267432
852.846	0.0278422
852.98	0.0272317
853.115	0.0272927
853.249	0.0277812
853.384	0.0272927
853.518	0.0269874
853.652	0.0280865
853.787	0.0275369
853.921	0.0272927
854.055	0.0264379
854.19	0.0270485
854.324	0.0274148
854.458	0.0268042
854.593	0.0274759
854.727	0.0272927
854.861	0.027598
854.996	0.0267432
855.13	0.0277812
855.265	0.0269264
855.399	0.0268042
855.533	0.0274148
855.668	0.0275369
855.802	0.0277201
855.936	0.0272927
856.071	0.0268042
856.205	0.0270485
856.339	0.0280865
856.474	0.0272927
856.608	0.0264379
856.742	0.027598
856.877	0.0274148
857.011	0.0268653
857.145	0.0274759
857.28	0.0267432
857.414	0.0271095
857.549	0.0277201
857.683	0.0275369
857.817	0.0269874
857.952	0.0277201
858.086	0.0271095
858.22	0.0277201
858.355	0.0281475
858.489	0.0270485
858.623	0.0280254
858.758	0.0273538
858.892	0.027598
859.026	0.0273538
859.161	0.0272927
859.295	0.0275369
859.429	0.0268042
859.564	0.0272927
859.698	0.0268653
859.832	0.0270485
859.967	0.0272317
860.101	0.0269264
860.235	0.0282086
860.37	0.0270485
860.504	0.0272927
860.638	0.0268653
860.773	0.0280254
860.907	0.0284528
861.041	0.0274759
861.176	0.0272927
861.31	0.0271706
861.444	0.0266211
861.579	0.0268042
861.713	0.0272927
861.847	0.0269874
861.982	0.0277201
862.116	0.0271095
862.25	0.0273538
862.385	0.0278422
862.519	0.0271706
862.653	0.0280254
862.788	0.0266821
862.922	0.0280254
863.056	0.0277812
863.191	0.0283307
863.325	0.0270485
863.459	0.0283917
863.594	0.0274759
863.728	0.0272317
863.862	0.0266821
863.997	0.0274759
864.131	0.0276591
864.265	0.0278422
864.4	0.0276591
864.534	0.0269264
864.668	0.0272927
864.803	0.0272927
864.937	0.0269874
865.071	0.0269874
865.206	0.0272927
865.34	0.0263768
865.474	0.0284528
865.609	0.0283917
865.743	0.0272927
865.877	0.0273538
866.012	0.0279643
866.146	0.0274759
866.28	0.0277812
866.415	0.027598
866.549	0.02656
866.683	0.0271095
866.818	0.0270485
866.952	0.0276591
867.086	0.0273538
867.221	0.0273538
867.355	0.0280254
867.489	0.0274148
867.623	0.0276591
867.758	0.0273538
867.892	0.0274759
868.026	0.027598
868.161	0.0277201
868.295	0.0282086
868.429	0.0274759
868.564	0.0274759
868.698	0.026499
868.832	0.0271706
868.967	0.0279643
869.101	0.027598
869.235	0.0274148
869.37	0.0268653
869.504	0.0266821
869.638	0.0283307
869.773	0.0270485
869.907	0.0277812
870.041	0.0275369
870.175	0.0272927
870.31	0.0276591
870.444	0.0271706
870.578	0.0272317
870.713	0.0260105
870.847	0.0274759
870.981	0.0267432
871.116	0.0274148
871.25	0.0282086
871.384	0.0266211
871.519	0.027598
871.653	0.027598
871.787	0.0270485
871.921	0.0272317
872.056	0.0282086
872.19	0.0270485
872.324	0.0266821
872.459	0.0287581
872.593	0.0268653
872.727	0.0274148
872.862	0.0275369
872.996	0.0272317
873.13	0.0270485
873.264	0.0277812
873.399	0.0274759
873.533	0.0279643
873.667	0.0267432
873.802	0.0273538
873.936	0.0266211
874.07	0.0274148
874.205	0.0280865
874.339	0.0272927
874.473	0.0266211
874.607	0.0272927
874.742	0.0274759
874.876	0.028636
875.01	0.0274148
875.145	0.0280865
875.279	0.0277812
875.413	0.027598
875.548	0.0275369
875.682	0.027598
875.816	0.0274759
875.95	0.0279033
876.085	0.0261937
876.219	0.0268653
876.353	0.0274759
876.488	0.0272927
876.622	0.0277812
876.756	0.0279033
876.89	0.0278422
877.025	0.0275369
877.159	0.0262547
877.293	0.027598
877.428	0.0270485
877.562	0.0270485
877.696	0.0279643
877.83	0.0277201
877.965	0.0266821
878.099	0.0275369
878.233	0.0271706
878.368	0.0266821
878.502	0.0276591
878.636	0.0268042
878.77	0.0269264
878.905	0.0282696
879.039	0.0277201
879.173	0.0277812
879.308	0.0281475
879.442	0.027598
879.576	0.0271706
879.71	0.0271095
879.845	0.0277201
879.979	0.0268653
880.113	0.0280254
880.248	0.0271095
880.382	0.0280865
880.516	0.0271706
880.65	0.0279643
880.785	0.0274759
880.919	0.0264379
881.053	0.0273538
881.188	0.0271095
881.322	0.0272317
881.456	0.0272317
881.59	0.0271095
881.725	0.0271095
881.859	0.028697
881.993	0.0273538
882.127	0.0277201
882.262	0.0262547
882.396	0.0278422
882.53	0.0269874
882.665	0.0272927
882.799	0.0274148
882.933	0.0266821
883.067	0.0272317
883.202	0.0272317
883.336	0.0272927
883.47	0.0268042
883.604	0.0267432
883.739	0.0269874
883.873	0.0274148
884.007	0.0268653
884.142	0.0274759
884.276	0.0275369
884.41	0.0276591
884.544	0.0279643
884.679	0.0272927
884.813	0.0277201
884.947	0.0276591
885.081	0.0274148
885.216	0.0272317
885.35	0.0274148
885.484	0.0271095
885.618	0.0273538
885.753	0.0277201
885.887	0.0274759
886.021	0.0277201
886.155	0.0257052
886.29	0.0274148
886.424	0.0279033
886.558	0.0269264
886.693	0.0281475
886.827	0.0268653
886.961	0.0268653
887.095	0.026499
887.23	0.0272317
887.364	0.0269874
887.498	0.0266821
887.632	0.0269264
887.767	0.0274759
887.901	0.0273538
888.035	0.0274759
888.169	0.0273538
888.304	0.0277812
888.438	0.0260105
888.572	0.0274759
888.706	0.0276591
888.841	0.0274759
888.975	0.0274148
889.109	0.0274759
889.243	0.0271706
889.378	0.0274759
889.512	0.0269874
889.646	0.0272317
889.78	0.0268042
889.915	0.0281475
890.049	0.0271095
890.183	0.0278422
890.317	0.0269264
890.452	0.0272317
890.586	0.0270485
890.72	0.0274759
890.854	0.0277201
890.989	0.0269874
891.123	0.0283307
891.257	0.0275369
891.391	0.0272317
891.526	0.028636
891.66	0.0274148
891.794	0.0274759
891.928	0.0270485
892.063	0.0279033
892.197	0.0279643
892.331	0.0268042
892.465	0.0276591
892.6	0.027598
892.734	0.0266821
892.868	0.0279643
893.002	0.0271706
893.137	0.0268653
893.271	0.0271706
893.405	0.0277201
893.539	0.0276591
893.674	0.0271706
893.808	0.0279643
893.942	0.0268653
894.076	0.0260716
894.21	0.0277201
894.345	0.0279033
894.479	0.0270485
894.613	0.0270485
894.747	0.0268042
894.882	0.0270485
895.016	0.0270485
895.15	0.0266821
895.284	0.0279643
895.419	0.0272927
895.553	0.0282086
895.687	0.027598
895.821	0.0278422
895.956	0.026499
896.09	0.0279033
896.224	0.0277812
896.358	0.0271706
896.492	0.0263768
896.627	0.0270485
896.761	0.0274759
896.895	0.0277201
897.029	0.0268653
897.164	0.0266211
897.298	0.0268042
897.432	0.0278422
897.566	0.0269264
897.701	0.0266211
897.835	0.0268653
897.969	0.0271095
898.103	0.0277201
898.237	0.0274148
898.372	0.0278422
898.506	0.0275369
898.64	0.027598
898.774	0.0273538
898.909	0.0261326
899.043	0.0280254
899.177	0.0272927
899.311	0.0269264
899.445	0.0273538
899.58	0.0283917
899.714	0.0276591
899.848	0.0271095
899.982	0.0276591
900.117	0.0270485
900.251	0.0272927
900.385	0.0281475
900.519	0.0268653
900.653	0.027598
900.788	0.0270485
900.922	0.0274148
901.056	0.027598
901.19	0.0270485
901.325	0.0273538
901.459	0.0282696
901.593	0.0269264
901.727	0.0274759
901.861	0.0269264
901.996	0.0274759
902.13	0.0283917
902.264	0.0274148
902.398	0.0274759
902.532	0.0274759
902.667	0.0274148
902.801	0.0270485
902.935	0.0268042
903.069	0.0278422
903.204	0.0274148
903.338	0.0277201
903.472	0.02656
903.606	0.0269874
903.74	0.027598
903.875	0.0274148
904.009	0.0276591
904.143	0.0268042
904.277	0.0276591
904.411	0.0273538
904.546	0.0274148
904.68	0.0272927
904.814	0.0268653
904.948	0.0271095
905.082	0.0280254
905.217	0.0268653
905.351	0.0268042
905.485	0.027598
905.619	0.0270485
905.753	0.0276591
905.888	0.0271095
906.022	0.0276591
906.156	0.0272317
906.29	0.0274759
906.424	0.0274148
906.559	0.0279033
906.693	0.0271706
906.827	0.0271706
906.961	0.0268042
907.095	0.0274759
907.23	0.0271706
907.364	0.0271095
907.498	0.0263768
907.632	0.027598
907.766	0.0273538
907.901	0.0270485
908.035	0.0276591
908.169	0.0271706
908.303	0.0274148
908.437	0.0272927
908.572	0.0263158
908.706	0.0271706
908.84	0.0277812
908.974	0.0272927
909.108	0.0270485
909.243	0.0269874
909.377	0.0280865
909.511	0.0272927
909.645	0.0283307
909.779	0.0270485
909.914	0.0278422
910.048	0.0262547
910.182	0.027598
910.316	0.0284528
910.45	0.0270485
910.585	0.027598
910.719	0.0276591
910.853	0.0275369
910.987	0.0271095
911.121	0.0279033
911.255	0.0280865
911.39	0.0273538
911.524	0.0269264
911.658	0.0272317
911.792	0.0266211
911.926	0.0279643
912.061	0.0266211
912.195	0.027598
912.329	0.0267432
912.463	0.0272317
912.597	0.027598
912.732	0.0271706
912.866	0.0264379
913	0.0275369
913.134	0.0282696
913.268	0.0273538
913.402	0.0273538
913.537	0.0271095
913.671	0.0272317
913.805	0.0279643
913.939	0.0268653
914.073	0.0275369
914.208	0.0274148
914.342	0.0266211
914.476	0.0263768
914.61	0.0267432
914.744	0.0273538
914.878	0.0274759
915.013	0.0271095
915.147	0.0279643
915.281	0.0274759
915.415	0.0276591
915.549	0.0281475
915.683	0.0272927
915.818	0.0269874
915.952	0.0277201
916.086	0.0268042
916.22	0.0268653
916.354	0.0272317
916.488	0.0277201
916.623	0.0279033
916.757	0.0280865
916.891	0.0277201
917.025	0.0266821
917.159	0.0277201
917.293	0.0267432
917.428	0.0275369
917.562	0.0279643
917.696	0.0280865
917.83	0.0269874
917.964	0.0280865
918.098	0.0271706
918.233	0.0274148
918.367	0.0279033
918.501	0.0266211
918.635	0.0271706
918.769	0.0273538
918.903	0.0277812
919.038	0.0277201
919.172	0.0280254
919.306	0.02656
919.44	0.0275369
919.574	0.0274148
919.708	0.0279033
919.843	0.0266821
919.977	0.0272927
920.111	0.0274759
920.245	0.0282086
920.379	0.0272317
920.513	0.0270485
920.648	0.0274148
920.782	0.0277201
920.916	0.02656
921.05	0.0275369
921.184	0.0271095
921.318	0.0277201
921.453	0.0271706
921.587	0.0263768
921.721	0.0275369
921.855	0.0267432
921.989	0.0283307
922.123	0.0275369
922.257	0.0279643
922.392	0.0275369
922.526	0.0271706
922.66	0.0277812
922.794	0.0278422
922.928	0.0273538
923.062	0.0275369
923.197	0.0274148
923.331	0.0278422
923.465	0.0274759
923.599	0.0283917
923.733	0.0274148
923.867	0.0272927
924.001	0.0274148
924.136	0.0272927
924.27	0.0279643
924.404	0.0267432
924.538	0.0268653
924.672	0.027598
924.806	0.027598
924.94	0.0271095
925.075	0.0272317
925.209	0.0262547
925.343	0.0273538
925.477	0.0277812
925.611	0.0272317
925.745	0.0269874
925.879	0.0277201
926.014	0.0267432
926.148	0.0269264
926.282	0.0282696
926.416	0.0269264
926.55	0.0268042
926.684	0.0279033
926.818	0.0271095
926.953	0.0274148
927.087	0.0269874
927.221	0.0273538
927.355	0.0263158
927.489	0.0270485
927.623	0.0282696
927.757	0.0269874
927.892	0.0269874
928.026	0.0281475
928.16	0.027598
928.294	0.0280254
928.428	0.0277201
928.562	0.0282696
928.696	0.0272927
928.831	0.0274148
928.965	0.0283307
929.099	0.0274148
929.233	0.0269264
929.367	0.0264379
929.501	0.0277201
929.635	0.0272317
929.769	0.0272927
929.904	0.0274148
930.038	0.0269264
930.172	0.0275369
930.306	0.0267432
930.44	0.0278422
930.574	0.0271706
930.708	0.027598
930.843	0.0271706
930.977	0.0274148
931.111	0.0272927
931.245	0.0279033
931.379	0.0269874
931.513	0.0269874
931.647	0.0274148
931.781	0.0277812
931.916	0.0269874
932.05	0.0272317
932.184	0.02656
932.318	0.0273538
932.452	0.0276591
932.586	0.0272927
932.72	0.02656
932.854	0.0269874
932.989	0.0272927
933.123	0.0271706
933.257	0.0272927
933.391	0.0274148
933.525	0.0271706
933.659	0.0274759
933.793	0.0270485
933.927	0.0277812
934.061	0.0269874
934.196	0.0273538
934.33	0.0271706
934.464	0.0272927
934.598	0.0277201
934.732	0.0274148
934.866	0.0269264
935	0.0271095
935.134	0.0280254
935.269	0.0274148
935.403	0.0270485
935.537	0.0275369
935.671	0.0269264
935.805	0.0274148
935.939	0.0279033
936.073	0.0280865
936.207	0.0272927
936.341	0.0273538
936.476	0.0277812
936.61	0.0282696
936.744	0.0274759
936.878	0.0276591
937.012	0.0277201
937.146	0.0278422
937.28	0.027598
937.414	0.0280254
937.548	0.0272927
937.683	0.0279643
937.817	0.0272317
937.951	0.0280254
938.085	0.0271095
938.219	0.0267432
938.353	0.0266211
938.487	0.0274759
938.621	0.0272927
938.755	0.0272927
938.889	0.0271095
939.024	0.0283307
939.158	0.0268653
939.292	0.0274148
939.426	0.0277201
939.56	0.0277812
939.694	0.02656
939.828	0.0274759
939.962	0.0270485
940.096	0.027598
940.231	0.0274759
940.365	0.0268653
940.499	0.0272927
940.633	0.0276591
940.767	0.0271095
940.901	0.0270485
941.035	0.0272927
941.169	0.0269874
941.303	0.0271095
941.437	0.0272927
941.571	0.0275369
941.706	0.0268653
941.84	0.0270485
941.974	0.0277812
942.108	0.0268042
942.242	0.0273538
942.376	0.0272927
942.51	0.0273538
942.644	0.0271095
942.778	0.0277812
942.912	0.0277201
943.047	0.0277812
943.181	0.0274148
943.315	0.027598
943.449	0.0271095
943.583	0.0279643
943.717	0.027598
943.851	0.0278422
943.985	0.0280865
944.119	0.0268042
944.253	0.0268653
944.387	0.0278422
944.522	0.0272317
944.656	0.0275369
944.79	0.0276591
944.924	0.0272927
945.058	0.0279033
945.192	0.027598
945.326	0.0272317
945.46	0.0275369
945.594	0.0269874
945.728	0.0268042
945.862	0.0273538
945.996	0.0266211
946.131	0.0277201
946.265	0.027598
946.399	0.0274759
946.533	0.0272927
946.667	0.0269264
946.801	0.0276591
946.935	0.0276591
947.069	0.0276591
947.203	0.0269874
947.337	0.0272927
947.471	0.026499
947.605	0.0277201
947.739	0.0281475
947.874	0.0269874
948.008	0.0279643
948.142	0.0277812
948.276	0.0270485
948.41	0.0271095
948.544	0.0274148
948.678	0.0280254
948.812	0.0273538
948.946	0.0276591
949.08	0.0277812
949.214	0.0269874
949.348	0.0274148
949.482	0.0275369
949.617	0.0272317
949.751	0.0275369
949.885	0.0271095
950.019	0.0274759
950.153	0.0269264
950.287	0.0269874
950.421	0.0275369
950.555	0.0270485
950.689	0.0272317
950.823	0.0272927
950.957	0.0270485
951.091	0.0268042
951.225	0.0263158
951.359	0.0277812
951.493	0.0268653
951.628	0.0270485
951.762	0.0274759
951.896	0.0266211
952.03	0.0283917
952.164	0.0272927
952.298	0.0274148
952.432	0.0277812
952.566	0.0276591
952.7	0.0282086
952.834	0.0274759
952.968	0.0282086
953.102	0.0268042
953.236	0.0274148
953.37	0.0269874
953.504	0.0272317
953.639	0.0275369
953.773	0.0272927
953.907	0.0272317
954.041	0.0276591
954.175	0.0264379
954.309	0.0276591
954.443	0.0270485
954.577	0.0269264
954.711	0.0270485
954.845	0.0272927
954.979	0.0268042
955.113	0.027598
955.247	0.0272317
955.381	0.0271095
955.515	0.0274148
955.649	0.0269874
955.783	0.0277201
955.917	0.0269874
956.052	0.0272927
956.186	0.0275369
956.32	0.0268653
956.454	0.0276591
956.588	0.02656
956.722	0.0272927
956.856	0.0274759
956.99	0.0277201
957.124	0.0277201
957.258	0.0277201
957.392	0.0271706
957.526	0.0280865
957.66	0.0279643
957.794	0.0269264
957.928	0.0269264
958.062	0.0272927
958.196	0.0271706
958.33	0.0268042
958.464	0.0275369
958.598	0.0268042
958.733	0.0277812
958.867	0.0274759
959.001	0.0271706
959.135	0.0272317
959.269	0.0277812
959.403	0.0274759
959.537	0.0277812
959.671	0.0275369
959.805	0.0270485
959.939	0.0270485
960.073	0.027598
960.207	0.0268653
960.341	0.0270485
960.475	0.0282086
960.609	0.0270485
960.743	0.0277812
960.877	0.0276591
961.011	0.0277812
961.145	0.0278422
961.279	0.027598
961.413	0.0268653
961.547	0.0271095
961.681	0.0285139
961.815	0.0277812
961.949	0.0278422
962.083	0.0268042
962.218	0.0281475
962.352	0.027598
962.486	0.0278422
962.62	0.0281475
962.754	0.0271706
962.888	0.0276591
963.022	0.0274148
963.156	0.0274759
963.29	0.0285139
963.424	0.0274148
963.558	0.0269264
963.692	0.0271095
963.826	0.0282696
963.96	0.0270485
964.094	0.0283307
964.228	0.0269264
964.362	0.02656
964.496	0.0270485
964.63	0.0272927
964.764	0.0263768
964.898	0.0275369
965.032	0.0273538
965.166	0.0270485
965.3	0.0272317
965.434	0.0277812
965.568	0.0274148
965.702	0.0272317
965.836	0.027598
965.97	0.0275369
966.104	0.0276591
966.238	0.0274759
966.372	0.0280865
966.506	0.0271095
966.64	0.0275369
966.774	0.0261326
966.908	0.0272317
967.043	0.0272317
967.177	0.0273538
967.311	0.0271706
967.445	0.0275369
967.579	0.0269874
967.713	0.0268653
967.847	0.0271095
967.981	0.0277201
968.115	0.0272317
968.249	0.0268042
968.383	0.0279643
968.517	0.0276591
968.651	0.0276591
968.785	0.0275369
968.919	0.0279643
969.053	0.027598
969.187	0.0276591
969.321	0.0280254
969.455	0.0272317
969.589	0.0272927
969.723	0.0278422
969.857	0.0278422
969.991	0.0271095
970.125	0.0272927
970.259	0.0274759
970.393	0.0271095
970.527	0.0269264
970.661	0.0284528
970.795	0.0274759
970.929	0.027598
971.063	0.0257663
971.197	0.0272317
971.331	0.0259494
971.465	0.0267432
971.599	0.0274759
971.733	0.0277201
971.867	0.0274759
972.001	0.0272927
972.135	0.0272317
972.269	0.0277201
972.403	0.0267432
972.537	0.0267432
972.671	0.0278422
972.805	0.02656
972.939	0.0277812
973.073	0.0269264
973.207	0.0271706
973.341	0.0274759
973.475	0.0269264
973.609	0.0274759
973.743	0.0272927
973.877	0.0277812
974.011	0.0263158
974.145	0.0274759
974.279	0.026499
974.413	0.0268042
974.547	0.0274148
974.681	0.0272927
974.815	0.0271706
974.949	0.0269874
975.083	0.0271095
975.217	0.0277812
975.351	0.0271095
975.485	0.0271095
975.619	0.0274759
975.753	0.0273538
975.887	0.0271095
976.021	0.0268653
976.155	0.0271095
976.289	0.0268042
976.423	0.02656
976.557	0.0277812
976.691	0.027598
976.825	0.0268042
976.959	0.0274759
977.093	0.0275369
977.227	0.0272927
977.361	0.0279643
977.495	0.0277201
977.629	0.0271706
977.763	0.0266211
977.897	0.0272317
978.031	0.0275369
978.165	0.0281475
978.299	0.0268653
978.433	0.0279643
978.567	0.0266821
978.701	0.0271706
978.835	0.0257052
978.969	0.0274759
979.103	0.0272317
979.237	0.0280865
979.371	0.0279643
979.505	0.0270485
979.639	0.0272927
979.773	0.02656
979.907	0.0278422
980.041	0.0273538
980.175	0.0268042
980.308	0.0273538
980.442	0.0267432
980.576	0.0272927
980.71	0.0272317
980.844	0.0270485
980.978	0.0269264
981.112	0.0280254
981.246	0.0274148
981.38	0.0274148
981.514	0.0273538
981.648	0.0275369
981.782	0.0273538
981.916	0.0272317
982.05	0.0274759
982.184	0.026499
982.318	0.0277812
982.452	0.0262547
982.586	0.0277201
982.72	0.0285749
982.854	0.0277201
982.988	0.0280254
983.122	0.0275369
983.256	0.0279033
983.39	0.0272317
983.524	0.0276591
983.658	0.0270485
983.792	0.0274148
983.926	0.02656
984.06	0.0280865
984.194	0.0276591
984.328	0.0279643
984.462	0.0269264
984.596	0.0268653
984.73	0.027598
984.864	0.0277812
984.998	0.0269264
985.132	0.0280865
985.265	0.0279643
985.399	0.0280254
985.533	0.0274759
985.667	0.0273538
985.801	0.0272317
985.935	0.026499
986.069	0.0274148
986.203	0.027598
986.337	0.0280865
986.471	0.0278422
986.605	0.0279033
986.739	0.0269874
986.873	0.0267432
987.007	0.0272927
987.141	0.0271706
987.275	0.0266821
987.409	0.0272927
987.543	0.0268042
987.677	0.0282086
987.811	0.0278422
987.945	0.0277812
988.079	0.0272927
988.213	0.0269874
988.347	0.0268042
988.481	0.0269874
988.614	0.0274148
988.748	0.0274759
988.882	0.0273538
989.016	0.0268042
989.15	0.0269874
989.284	0.0269264
989.418	0.0267432
989.552	0.0280865
989.686	0.027598
989.82	0.0274759
989.954	0.0269874
990.088	0.0283307
990.222	0.027598
990.356	0.0267432
990.49	0.0274759
990.624	0.0273538
990.758	0.0271706
990.892	0.0266821
991.026	0.0277812
991.16	0.0272317
991.294	0.0272927
991.427	0.0274759
991.561	0.0279643
991.695	0.0274148
991.829	0.0277201
991.963	0.0276591
992.097	0.026499
992.231	0.0274759
992.365	0.0274759
992.499	0.0271706
992.633	0.0261937
992.767	0.0276591
992.901	0.0266211
993.035	0.0271095
993.169	0.0270485
993.303	0.0277812
993.437	0.0266821
993.571	0.0267432
993.704	0.0273538
993.838	0.0282086
993.972	0.0266821
994.106	0.0268042
994.24	0.0270485
994.374	0.0274759
994.508	0.0274759
994.642	0.0279643
994.776	0.0274759
994.91	0.0279643
995.044	0.0274148
995.178	0.0275369
995.312	0.0263768
995.446	0.0272927
995.58	0.0266821
995.714	0.0277812
995.847	0.0266211
995.981	0.0271095
996.115	0.0268042
996.249	0.0279643
996.383	0.0274759
996.517	0.0279643
996.651	0.0274148
996.785	0.0267432
996.919	0.0274759
997.053	0.0269264
997.187	0.0272317
997.321	0.027598
997.455	0.0278422
997.589	0.0279033
997.722	0.0274759
997.856	0.0269874
997.99	0.0280254
998.124	0.02656
998.258	0.0271095
998.392	0.0269874
998.526	0.0269874
998.66	0.02656
998.794	0.0269264
998.928	0.0273538
999.062	0.0285139
999.196	0.0272927
999.33	0.0282696
999.464	0.0279643
999.597	0.0270485
999.731	0.0273538
999.865	0.0271095
999.999	0.0271706
1000.13	0.0269874
1000.27	0.0269264
1000.4	0.0276591
1000.53	0.0268653
1000.67	0.0275369
1000.8	0.02656
1000.94	0.0270485
1001.07	0.0282086
1001.2	0.0267432
1001.34	0.0279033
1001.47	0.0274759
1001.61	0.0277201
1001.74	0.0269874
1001.87	0.0279643
1002.01	0.0280865
1002.14	0.0279033
1002.28	0.0273538
1002.41	0.0266821
1002.54	0.0279643
1002.68	0.0270485
1002.81	0.0266821
1002.95	0.0273538
1003.08	0.0271706
1003.21	0.0271706
1003.35	0.027598
1003.48	0.0278422
1003.61	0.0277812
1003.75	0.0274148
1003.88	0.0268653
1004.02	0.0266211
1004.15	0.0283917
1004.28	0.0272927
1004.42	0.0277812
1004.55	0.0266821
1004.69	0.0268653
1004.82	0.0276591
1004.95	0.027598
1005.09	0.0272317
1005.22	0.0269874
1005.36	0.0266211
1005.49	0.0268042
1005.62	0.0277201
1005.76	0.0281475
1005.89	0.0261937
1006.03	0.027598
1006.16	0.028636
1006.29	0.0267432
1006.43	0.02656
1006.56	0.0274148
1006.69	0.0269874
1006.83	0.0269264
1006.96	0.0274759
1007.1	0.0272927
1007.23	0.0264379
1007.36	0.0271706
1007.5	0.0280254
1007.63	0.0272317
1007.77	0.0276591
1007.9	0.0275369
1008.03	0.0268042
1008.17	0.0271706
1008.3	0.0270485
1008.44	0.0277201
1008.57	0.027598
1008.7	0.0277812
1008.84	0.0271095
1008.97	0.0269264
1009.1	0.0266821
1009.24	0.0269874
1009.37	0.0267432
1009.51	0.0277201
1009.64	0.0270485
1009.77	0.0274148
1009.91	0.0272927
1010.04	0.0263158
1010.18	0.0268042
1010.31	0.0277812
1010.44	0.0282086
1010.58	0.0273538
1010.71	0.0264379
1010.85	0.0280865
1010.98	0.0269264
1011.11	0.0268653
1011.25	0.0272927
1011.38	0.0272317
1011.51	0.0267432
1011.65	0.0274759
1011.78	0.0272927
1011.92	0.0274759
1012.05	0.0274759
1012.18	0.0271706
1012.32	0.0270485
1012.45	0.0271706
1012.59	0.027598
1012.72	0.0274759
1012.85	0.02656
1012.99	0.0274759
1013.12	0.0281475
1013.26	0.0271706
1013.39	0.0279033
1013.52	0.0281475
1013.66	0.0272317
1013.79	0.0271095
1013.92	0.0268653
1014.06	0.027598
1014.19	0.0274148
1014.33	0.027598
1014.46	0.0275369
1014.59	0.0278422
1014.73	0.0277201
1014.86	0.0266211
1015	0.0274148
1015.13	0.0270485
1015.26	0.027598
1015.4	0.0272317
1015.53	0.0268653
1015.67	0.0268042
1015.8	0.0269264
1015.93	0.0272317
1016.07	0.0270485
1016.2	0.0269874
1016.33	0.0273538
1016.47	0.0279643
1016.6	0.02656
1016.74	0.0274759
1016.87	0.0274759
1017	0.0274759
1017.14	0.0274148
1017.27	0.0276591
1017.41	0.0273538
1017.54	0.0271706
1017.67	0.0269264
1017.81	0.0270485
1017.94	0.0261326
1018.07	0.0269874
1018.21	0.0271706
1018.34	0.0267432
1018.48	0.0271095
1018.61	0.0274759
1018.74	0.0279643
1018.88	0.0276591
1019.01	0.0271095
1019.15	0.0273538
1019.28	0.0273538
1019.41	0.0271095
1019.55	0.0279643
1019.68	0.0268042
1019.82	0.027598
1019.95	0.0270485
1020.08	0.02656
1020.22	0.0274148
1020.35	0.027598
1020.48	0.0275369
1020.62	0.0269264
1020.75	0.0276591
1020.89	0.0271706
1021.02	0.0277201
1021.15	0.0268653
1021.29	0.0272317
1021.42	0.0274759
1021.56	0.0271706
1021.69	0.0271706
1021.82	0.0273538
1021.96	0.0266821
1022.09	0.0263768
1022.22	0.0278422
1022.36	0.0279033
1022.49	0.0273538
1022.63	0.0277812
1022.76	0.0275369
1022.89	0.0268042
1023.03	0.0266211
1023.16	0.0274148
1023.3	0.0273538
1023.43	0.0275369
1023.56	0.0276591
1023.7	0.0283917
1023.83	0.0271095
1023.96	0.0271706
1024.1	0.0270485
1024.23	0.0279033
1024.37	0.0277812
1024.5	0.0272317
1024.63	0.0279033
1024.77	0.0269874
1024.9	0.0269874
1025.04	0.027598
1025.17	0.0279033
1025.3	0.0278422
1025.44	0.0271095
1025.57	0.0269874
1025.7	0.0272317
1025.84	0.0285749
1025.97	0.0276591
1026.11	0.0274148
1026.24	0.0271706
1026.37	0.0274148
1026.51	0.0269874
1026.64	0.0271706
1026.78	0.0270485
1026.91	0.0271706
1027.04	0.0269874
1027.18	0.0269264
1027.31	0.0272927
1027.44	0.0277201
1027.58	0.0283307
1027.71	0.0278422
1027.85	0.0271095
1027.98	0.0272317
1028.11	0.0274759
1028.25	0.02656
1028.38	0.0279033
1028.52	0.0270485
1028.65	0.0270485
1028.78	0.0271095
1028.92	0.0271706
1029.05	0.0277201
1029.18	0.0274759
1029.32	0.0270485
1029.45	0.0276591
1029.59	0.0274759
1029.72	0.0274148
1029.85	0.0272927
1029.99	0.0271706
1030.12	0.0272927
1030.26	0.0272317
1030.39	0.0268653
1030.52	0.0270485
1030.66	0.0271706
1030.79	0.0271706
1030.92	0.0278422
1031.06	0.0278422
1031.19	0.0274759
1031.33	0.0267432
1031.46	0.0279033
1031.59	0.0266821
1031.73	0.0263158
1031.86	0.0273538
1031.99	0.0261326
1032.13	0.0279643
1032.26	0.0271706
1032.4	0.0277201
1032.53	0.0271095
1032.66	0.0276591
1032.8	0.0277201
1032.93	0.0273538
1033.07	0.0277812
1033.2	0.0272317
1033.33	0.0279643
1033.47	0.0272927
1033.6	0.0266211
1033.73	0.0268653
1033.87	0.0276591
1034	0.0275369
1034.14	0.0277812
1034.27	0.0272317
1034.4	0.0270485
1034.54	0.0289413
1034.67	0.0266821
1034.81	0.027598
1034.94	0.0274148
1035.07	0.0277812
1035.21	0.0273538
1035.34	0.0272927
1035.47	0.0281475
1035.61	0.027598
1035.74	0.0277812
1035.88	0.0277201
1036.01	0.0269264
1036.14	0.02656
1036.28	0.0275369
1036.41	0.0275369
1036.54	0.0274148
1036.68	0.0277201
1036.81	0.0279643
1036.95	0.0281475
1037.08	0.0274759
1037.21	0.0268042
1037.35	0.0277201
1037.48	0.0271095
1037.62	0.0274148
1037.75	0.0282696
1037.88	0.0274759
1038.02	0.0274148
1038.15	0.0268042
1038.28	0.0279643
1038.42	0.0268653
1038.55	0.0279033
1038.69	0.0268653
1038.82	0.0276591
1038.95	0.0266211
1039.09	0.0273538
1039.22	0.0273538
1039.35	0.0274148
1039.49	0.0273538
1039.62	0.027598
1039.76	0.0272927
1039.89	0.0269874
1040.02	0.0272927
1040.16	0.026499
1040.29	0.0270485
1040.43	0.0279033
1040.56	0.0272927
1040.69	0.0276591
1040.83	0.0270485
1040.96	0.0271095
1041.09	0.026499
1041.23	0.0266821
1041.36	0.0274759
1041.5	0.0266211
1041.63	0.0271095
1041.76	0.0279033
1041.9	0.0272927
1042.03	0.0275369
1042.16	0.0274148
1042.3	0.0271095
1042.43	0.0277812
1042.57	0.0273538
1042.7	0.0272927
1042.83	0.0271095
1042.97	0.0283307
1043.1	0.0277201
1043.23	0.0272317
1043.37	0.026499
1043.5	0.0272927
1043.64	0.0272927
1043.77	0.0275369
1043.9	0.0281475
1044.04	0.0271095
1044.17	0.0271095
1044.31	0.0270485
1044.44	0.0275369
1044.57	0.0277201
1044.71	0.0274759
1044.84	0.0266821
1044.97	0.0269874
1045.11	0.0280865
1045.24	0.0273538
1045.38	0.027598
1045.51	0.0263158
1045.64	0.0269874
1045.78	0.0263768
1045.91	0.0283917
1046.04	0.0269874
1046.18	0.0277201
1046.31	0.02656
1046.45	0.0274759
1046.58	0.0277812
1046.71	0.0272317
1046.85	0.0267432
1046.98	0.0266821
1047.11	0.0271706
1047.25	0.0274148
1047.38	0.0280254
1047.52	0.0281475
1047.65	0.0274759
1047.78	0.0267432
1047.92	0.0266821
1048.05	0.0264379
1048.18	0.0276591
1048.32	0.0269874
1048.45	0.0273538
1048.59	0.0270485
1048.72	0.0279033
1048.85	0.0277201
1048.99	0.0275369
1049.12	0.0274759
1049.25	0.0269264
1049.39	0.0273538
1049.52	0.0269874
1049.66	0.0268653
1049.79	0.0272317
1049.92	0.0275369
1050.06	0.0275369
1050.19	0.0275369
1050.33	0.0264379
1050.46	0.0274759
1050.59	0.0271706
1050.73	0.0264379
1050.86	0.0268653
1050.99	0.02656
1051.13	0.0272927
1051.26	0.0260716
1051.4	0.0274759
1051.53	0.0271095
1051.66	0.0263158
1051.8	0.0268042
1051.93	0.027598
1052.06	0.0270485
1052.2	0.0274759
1052.33	0.0279033
1052.47	0.0277201
1052.6	0.0270485
1052.73	0.0272927
1052.87	0.0274759
1053	0.0266211
1053.13	0.0271095
1053.27	0.0272927
1053.4	0.0272927
1053.54	0.0271095
1053.67	0.0274759
1053.8	0.0282696
1053.94	0.0261937
1054.07	0.0272317
1054.2	0.027598
1054.34	0.0274759
1054.47	0.0271095
1054.61	0.0275369
1054.74	0.0269264
1054.87	0.0272317
1055.01	0.0268653
1055.14	0.0275369
1055.27	0.0279643
1055.41	0.0283307
1055.54	0.0282696
1055.68	0.0269874
1055.81	0.0270485
1055.94	0.0268653
1056.08	0.0266821
1056.21	0.0269264
1056.34	0.0272927
1056.48	0.0272927
1056.61	0.027598
1056.75	0.0274148
1056.88	0.0273538
1057.01	0.0275369
1057.15	0.0274148
1057.28	0.0285749
1057.41	0.0281475
1057.55	0.0280254
1057.68	0.0269264
1057.82	0.0284528
1057.95	0.027598
1058.08	0.0271095
1058.22	0.0277201
1058.35	0.0270485
1058.48	0.0272927
1058.62	0.0272927
1058.75	0.0287581
1058.89	0.0273538
1059.02	0.0277812
1059.15	0.0273538
1059.29	0.0277201
1059.42	0.0270485
1059.55	0.0268653
1059.69	0.0277201
1059.82	0.0275369
1059.96	0.0271706
1060.09	0.0268042
1060.22	0.0270485
1060.36	0.0267432
1060.49	0.0274759
1060.62	0.0278422
1060.76	0.0271706
1060.89	0.0277812
1061.03	0.0275369
1061.16	0.0270485
1061.29	0.0274759
1061.43	0.0268042
1061.56	0.0279033
1061.69	0.0266821
1061.83	0.0273538
1061.96	0.0283917
1062.1	0.0268653
1062.23	0.0266211
1062.36	0.0273538
1062.5	0.0280254
1062.63	0.0277812
1062.76	0.0272317
1062.9	0.0270485
1063.03	0.0272317
1063.17	0.0269264
1063.3	0.0282696
1063.43	0.0274148
1063.57	0.0272927
1063.7	0.02656
1063.83	0.0273538
1063.97	0.0270485
1064.1	0.0270485
1064.23	0.0272317
1064.37	0.0279033
1064.5	0.027598
1064.64	0.0275369
1064.77	0.0270485
1064.9	0.0271706
1065.04	0.0263768
1065.17	0.0271706
1065.3	0.0270485
1065.44	0.0276591
1065.57	0.0269264
1065.71	0.0275369
1065.84	0.0264379
1065.97	0.0273538
1066.11	0.0275369
1066.24	0.0279643
1066.37	0.0272927
1066.51	0.0270485
1066.64	0.0264379
1066.78	0.0271706
1066.91	0.0276591
1067.04	0.0271095
1067.18	0.0268653
1067.31	0.0279643
1067.44	0.0264379
1067.58	0.0274759
1067.71	0.0274759
1067.85	0.0269264
1067.98	0.0267432
1068.11	0.0268042
1068.25	0.0271706
1068.38	0.0269874
1068.51	0.0274759
1068.65	0.0275369
1068.78	0.0279643
1068.92	0.0277812
1069.05	0.0272927
1069.18	0.0278422
1069.32	0.0278422
1069.45	0.0268042
1069.58	0.0270485
1069.72	0.0282086
1069.85	0.027598
1069.98	0.0271095
1070.12	0.0271706
1070.25	0.0272927
1070.39	0.027598
1070.52	0.0279033
1070.65	0.0271706
1070.79	0.0271095
1070.92	0.0276591
1071.05	0.0272317
1071.19	0.0279643
1071.32	0.0277201
1071.46	0.0270485
1071.59	0.0284528
1071.72	0.0272317
1071.86	0.027598
1071.99	0.0266211
1072.12	0.0280865
1072.26	0.0278422
1072.39	0.0272927
1072.53	0.0276591
1072.66	0.0270485
1072.79	0.0268653
1072.93	0.0282696
1073.06	0.0277812
1073.19	0.0273538
1073.33	0.0274759
1073.46	0.0272927
1073.59	0.0279033
1073.73	0.0273538
1073.86	0.0268042
1074	0.0273538
1074.13	0.0274759
1074.26	0.0272317
1074.4	0.0279033
1074.53	0.0280254
1074.66	0.0277201
1074.8	0.0272317
1074.93	0.0275369
1075.07	0.0270485
1075.2	0.0279033
1075.33	0.0277812
1075.47	0.0281475
1075.6	0.0273538
1075.73	0.0272317
1075.87	0.0268042
1076	0.0282696
1076.14	0.0280254
1076.27	0.027598
1076.4	0.0279033
1076.54	0.0272927
1076.67	0.0274759
1076.8	0.0268042
1076.94	0.0277812
1077.07	0.027598
1077.2	0.0269874
1077.34	0.027598
1077.47	0.0273538
1077.61	0.0266211
1077.74	0.0270485
1077.87	0.0276591
1078.01	0.0272317
1078.14	0.0277812
1078.27	0.027598
1078.41	0.0279643
1078.54	0.0274148
1078.68	0.0274148
1078.81	0.0277201
1078.94	0.0266211
1079.08	0.0272317
1079.21	0.0274759
1079.34	0.0271706
1079.48	0.0280254
1079.61	0.0271706
1079.74	0.026499
1079.88	0.0274759
1080.01	0.0266821
1080.15	0.0275369
1080.28	0.0269264
1080.41	0.0272317
1080.55	0.0276591
1080.68	0.027598
1080.81	0.0269874
1080.95	0.0273538
1081.08	0.0276591
1081.22	0.0275369
1081.35	0.0277812
1081.48	0.0269264
1081.62	0.0270485
1081.75	0.0271706
1081.88	0.026499
1082.02	0.0282086
1082.15	0.0277201
1082.28	0.0275369
1082.42	0.0272317
1082.55	0.0273538
1082.69	0.0276591
1082.82	0.0271706
1082.95	0.027598
1083.09	0.0279033
1083.22	0.0270485
1083.35	0.02656
1083.49	0.0282696
1083.62	0.027598
1083.75	0.0274148
1083.89	0.0270485
1084.02	0.0276591
1084.16	0.0272927
1084.29	0.027598
1084.42	0.0274759
1084.56	0.0276591
1084.69	0.0272317
1084.82	0.0267432
1084.96	0.0278422
1085.09	0.027598
1085.23	0.0275369
1085.36	0.0266211
1085.49	0.0273538
1085.63	0.0276591
1085.76	0.0271095
1085.89	0.0277201
1086.03	0.0272317
1086.16	0.0272927
1086.29	0.0275369
1086.43	0.0270485
1086.56	0.0275369
1086.7	0.0272927
1086.83	0.0272927
1086.96	0.0266821
1087.1	0.0274148
1087.23	0.0275369
1087.36	0.0285139
1087.5	0.0274759
1087.63	0.027598
1087.76	0.0272927
1087.9	0.0282696
1088.03	0.0274148
1088.17	0.0269874
1088.3	0.0282086
1088.43	0.0269264
1088.57	0.0268042
1088.7	0.0280865
1088.83	0.0272927
1088.97	0.0276591
1089.1	0.0273538
1089.24	0.0279033
1089.37	0.026499
1089.5	0.0277201
1089.64	0.0270485
1089.77	0.0268653
1089.9	0.0269874
1090.04	0.0278422
1090.17	0.0271095
1090.3	0.0277201
1090.44	0.0276591
1090.57	0.0274759
1090.71	0.0268653
1090.84	0.0263768
1090.97	0.0280865
1091.11	0.0270485
1091.24	0.0266821
1091.37	0.0275369
1091.51	0.0273538
1091.64	0.0277812
1091.77	0.0270485
1091.91	0.0274148
1092.04	0.027598
1092.18	0.027598
1092.31	0.0279033
1092.44	0.0271706
1092.58	0.0275369
1092.71	0.0278422
1092.84	0.02656
1092.98	0.0269874
1093.11	0.0274148
1093.24	0.027598
1093.38	0.0274759
1093.51	0.02656
1093.65	0.026499
1093.78	0.0274148
1093.91	0.0272317
1094.05	0.028697
1094.18	0.0268042
1094.31	0.0280254
1094.45	0.027598
1094.58	0.0269264
1094.71	0.0272317
1094.85	0.0272317
1094.98	0.0279033
1095.12	0.0271095
1095.25	0.0264379
1095.38	0.0279643
1095.52	0.02656
1095.65	0.0277812
1095.78	0.0275369
1095.92	0.0268653
1096.05	0.0268042
1096.18	0.0274148
1096.32	0.027598
1096.45	0.0270485
1096.59	0.0282086
1096.72	0.026499
1096.85	0.0275369
1096.99	0.0266821
1097.12	0.0279643
1097.25	0.0274759
1097.39	0.0269264
1097.52	0.0269264
1097.65	0.0277201
1097.79	0.0279643
1097.92	0.0270485
1098.06	0.0272927
1098.19	0.0270485
1098.32	0.0276591
1098.46	0.0267432
1098.59	0.0272317
1098.72	0.0277201
1098.86	0.0277201
1098.99	0.0264379
1099.12	0.0279643
1099.26	0.0269264
1099.39	0.0282086
1099.53	0.0261326
1099.66	0.0280865
1099.79	0.0269874
1099.93	0.0274148
1100.06	0.0271706
1100.19	0.0280865
1100.33	0.027598
1100.46	0.0277812
1100.59	0.0274759
1100.73	0.0268653
1100.86	0.0271706
1100.99	0.0275369
1101.13	0.0269264
1101.26	0.0277812
1101.4	0.0279643
1101.53	0.0268653
1101.66	0.0277201
1101.8	0.0274759
1101.93	0.027598
1102.06	0.0274148
1102.2	0.0268653
1102.33	0.0275369
1102.46	0.0266211
1102.6	0.0275369
1102.73	0.0273538
1102.87	0.0276591
1103	0.0274759
1103.13	0.0263158
1103.27	0.0280865
1103.4	0.0273538
1103.53	0.0274148
1103.67	0.0277812
1103.8	0.0274759
1103.93	0.0267432
1104.07	0.0268653
1104.2	0.0263768
1104.34	0.0268042
1104.47	0.0268653
1104.6	0.0269874
1104.74	0.0272317
1104.87	0.0274759
1105	0.0275369
1105.14	0.0273538
1105.27	0.0273538
1105.4	0.0279033
1105.54	0.0279033
1105.67	0.0266821
1105.8	0.027598
1105.94	0.0275369
1106.07	0.0268653
1106.21	0.0267432
1106.34	0.0272317
1106.47	0.0275369
1106.61	0.0277201
1106.74	0.0269874
1106.87	0.0271095
1107.01	0.0277201
1107.14	0.0269874
1107.27	0.0273538
1107.41	0.0280254
1107.54	0.0271706

