Source: Spectrum Viewer

Chart: Pulse Spectrum

Series: 
Wavelength (nm)	S (a.u.)
617.638	0.0272844
617.773	0.026674
617.908	0.0278337
618.043	0.0275285
618.178	0.0275285
618.313	0.0272233
618.448	0.0265519
618.583	0.0271623
618.718	0.0270402
618.853	0.0267961
618.988	0.0291766
619.123	0.0265519
619.258	0.0278948
619.394	0.026613
619.529	0.0264909
619.664	0.0272844
619.799	0.0279558
619.934	0.0278337
620.069	0.028261
620.204	0.0270402
620.339	0.0286272
620.474	0.0272844
620.609	0.0280168
620.744	0.0282
620.879	0.0271623
621.014	0.0269181
621.149	0.0277727
621.284	0.0258805
621.419	0.0259415
621.554	0.0271623
621.689	0.0272844
621.825	0.0275285
621.96	0.0279558
622.095	0.0274065
622.23	0.0278948
622.365	0.0272233
622.5	0.0275285
622.635	0.0275285
622.77	0.0272233
622.905	0.0269792
623.04	0.0268571
623.175	0.0270402
623.31	0.0265519
623.445	0.0271623
623.58	0.0277117
623.715	0.0276506
623.85	0.0272844
623.985	0.0272233
624.12	0.0280779
624.255	0.0278337
624.39	0.0263078
624.525	0.0269181
624.661	0.0272233
624.796	0.026674
624.931	0.0280779
625.066	0.026674
625.201	0.0274675
625.336	0.0269181
625.471	0.0275896
625.606	0.0278948
625.741	0.0280168
625.876	0.0271623
626.011	0.0273454
626.146	0.026613
626.281	0.026613
626.416	0.0270402
626.551	0.0272844
626.686	0.0271623
626.821	0.0259415
626.956	0.0272233
627.091	0.0275285
627.226	0.0271623
627.361	0.0269792
627.496	0.0271013
627.631	0.0276506
627.766	0.0269792
627.901	0.026674
628.036	0.0265519
628.171	0.0278337
628.307	0.0272233
628.442	0.0274065
628.577	0.0265519
628.712	0.0277117
628.847	0.0276506
628.982	0.0272844
629.117	0.0276506
629.252	0.0274065
629.387	0.0273454
629.522	0.0270402
629.657	0.0276506
629.792	0.0275896
629.927	0.0273454
630.062	0.0274675
630.197	0.0277727
630.332	0.0277117
630.467	0.0272844
630.602	0.0272844
630.737	0.0278337
630.872	0.0274065
631.007	0.0272233
631.142	0.0278948
631.277	0.0275896
631.412	0.0270402
631.547	0.0274675
631.682	0.0272233
631.817	0.0272233
631.952	0.0280168
632.087	0.0278948
632.222	0.0269792
632.357	0.0271623
632.492	0.026613
632.627	0.0271013
632.762	0.0277117
632.897	0.0273454
633.032	0.0279558
633.167	0.0277117
633.302	0.0264909
633.437	0.0278337
633.572	0.0274675
633.707	0.0271623
633.842	0.0272844
633.978	0.0276506
634.113	0.0269792
634.248	0.0275285
634.383	0.0278337
634.518	0.0275285
634.653	0.0280779
634.788	0.0270402
634.923	0.0274065
635.058	0.0269181
635.193	0.0279558
635.328	0.0271013
635.463	0.0274065
635.598	0.0272233
635.733	0.0269792
635.868	0.0280168
636.003	0.0267961
636.138	0.0274675
636.273	0.0272844
636.408	0.0274065
636.543	0.0274675
636.678	0.0277117
636.813	0.0273454
636.948	0.0268571
637.083	0.0267961
637.218	0.0275285
637.353	0.0278337
637.488	0.0269181
637.623	0.0277117
637.758	0.026735
637.893	0.0272233
638.028	0.026735
638.163	0.0274065
638.298	0.0271623
638.433	0.0273454
638.568	0.0272233
638.703	0.0280168
638.838	0.0271013
638.973	0.0270402
639.108	0.0273454
639.243	0.0277117
639.378	0.0272233
639.513	0.0271013
639.648	0.0278337
639.783	0.0275285
639.918	0.0271013
640.053	0.0275896
640.188	0.026735
640.323	0.0272844
640.458	0.0274675
640.593	0.0269181
640.728	0.0275285
640.863	0.0276506
640.998	0.0282
641.133	0.0275285
641.268	0.0282
641.403	0.0277117
641.538	0.0271623
641.673	0.0277727
641.808	0.0276506
641.943	0.0271623
642.078	0.026735
642.213	0.0272844
642.348	0.026735
642.483	0.028261
642.618	0.0260026
642.753	0.0275896
642.888	0.026735
643.023	0.0273454
643.158	0.0271623
643.293	0.0272233
643.428	0.0265519
643.563	0.0277117
643.698	0.0276506
643.833	0.0269181
643.968	0.0272233
644.103	0.0274675
644.237	0.0277727
644.372	0.0269181
644.507	0.0280168
644.642	0.0272233
644.777	0.0273454
644.912	0.0269792
645.047	0.0271013
645.182	0.0272844
645.317	0.0275285
645.452	0.0271013
645.587	0.0283831
645.722	0.0275896
645.857	0.0271013
645.992	0.0277727
646.127	0.0271013
646.262	0.0276506
646.397	0.0267961
646.532	0.0268571
646.667	0.0267961
646.802	0.0281389
646.937	0.0271013
647.072	0.0269792
647.207	0.0269792
647.342	0.0267961
647.477	0.0272844
647.612	0.0280779
647.747	0.0275285
647.882	0.0276506
648.017	0.0279558
648.152	0.0285052
648.287	0.0277727
648.422	0.0270402
648.557	0.026674
648.692	0.0275285
648.827	0.0272844
648.962	0.0275285
649.097	0.0264298
649.232	0.0275896
649.367	0.026674
649.502	0.0276506
649.637	0.0275285
649.772	0.0264909
649.906	0.026674
650.041	0.0267961
650.176	0.026674
650.311	0.0273454
650.446	0.0280779
650.581	0.0283831
650.716	0.0275285
650.851	0.0280779
650.986	0.0282
651.121	0.0276506
651.256	0.0272233
651.391	0.0269181
651.526	0.0281389
651.661	0.0281389
651.796	0.0275285
651.931	0.0273454
652.066	0.026735
652.201	0.0272844
652.336	0.0267961
652.471	0.0278948
652.606	0.0272233
652.741	0.0280168
652.876	0.0275285
653.011	0.0271623
653.146	0.0264909
653.281	0.0265519
653.415	0.0275285
653.55	0.0272844
653.685	0.0275285
653.82	0.0277117
653.955	0.0280779
654.09	0.026735
654.225	0.0267961
654.36	0.0275896
654.495	0.0269181
654.63	0.0274065
654.765	0.0278948
654.9	0.0269792
655.035	0.0264909
655.17	0.0275285
655.305	0.0271623
655.44	0.0272844
655.575	0.0270402
655.71	0.0272233
655.845	0.0272233
655.98	0.0274065
656.115	0.0280168
656.25	0.0280168
656.384	0.0272233
656.519	0.0261857
656.654	0.0276506
656.789	0.026613
656.924	0.0270402
657.059	0.0274065
657.194	0.0275285
657.329	0.0275285
657.464	0.028261
657.599	0.0278337
657.734	0.0269792
657.869	0.0274675
658.004	0.0272233
658.139	0.0269181
658.274	0.0272844
658.409	0.0276506
658.544	0.0276506
658.679	0.0275285
658.813	0.0269181
658.948	0.0264909
659.083	0.0270402
659.218	0.0274675
659.353	0.0271623
659.488	0.0274675
659.623	0.0269792
659.758	0.0277117
659.893	0.0272233
660.028	0.0280779
660.163	0.0269181
660.298	0.028261
660.433	0.0277117
660.568	0.0279558
660.703	0.0274675
660.838	0.0280779
660.972	0.0278337
661.107	0.0269792
661.242	0.0275896
661.377	0.0265519
661.512	0.0282
661.647	0.0279558
661.782	0.0269792
661.917	0.0277727
662.052	0.0274065
662.187	0.0269792
662.322	0.0264909
662.457	0.0276506
662.592	0.0276506
662.727	0.0277727
662.862	0.0267961
662.996	0.0269792
663.131	0.0273454
663.266	0.0275896
663.401	0.0271013
663.536	0.0277117
663.671	0.0275285
663.806	0.0272233
663.941	0.0274065
664.076	0.0275896
664.211	0.0279558
664.346	0.0273454
664.481	0.0282
664.616	0.0275896
664.75	0.0267961
664.885	0.0277117
665.02	0.0267961
665.155	0.0270402
665.29	0.0286272
665.425	0.0269181
665.56	0.0274675
665.695	0.0272233
665.83	0.0278337
665.965	0.0279558
666.1	0.0272844
666.235	0.0274675
666.37	0.0269181
666.504	0.0271013
666.639	0.0271623
666.774	0.0277117
666.909	0.026735
667.044	0.0277727
667.179	0.0278337
667.314	0.0275896
667.449	0.0273454
667.584	0.0275285
667.719	0.0275896
667.854	0.0271623
667.989	0.0272844
668.123	0.0269181
668.258	0.0275285
668.393	0.0278337
668.528	0.0280168
668.663	0.0269792
668.798	0.0275896
668.933	0.0264298
669.068	0.0280168
669.203	0.0280168
669.338	0.0274675
669.473	0.0275285
669.607	0.0278948
669.742	0.0272233
669.877	0.026735
670.012	0.0274675
670.147	0.0270402
670.282	0.0274675
670.417	0.0274065
670.552	0.0275896
670.687	0.0277117
670.822	0.0274065
670.957	0.0280168
671.091	0.0278948
671.226	0.0279558
671.361	0.0277727
671.496	0.0272233
671.631	0.026613
671.766	0.0270402
671.901	0.0272844
672.036	0.0274065
672.171	0.0279558
672.306	0.0277117
672.44	0.0276506
672.575	0.0277727
672.71	0.0272233
672.845	0.0283831
672.98	0.0274065
673.115	0.0278337
673.25	0.0264909
673.385	0.0280168
673.52	0.0271623
673.655	0.0270402
673.789	0.026613
673.924	0.0273454
674.059	0.0269792
674.194	0.0274675
674.329	0.0277117
674.464	0.0272233
674.599	0.0271013
674.734	0.026674
674.869	0.0277117
675.003	0.026735
675.138	0.0273454
675.273	0.0273454
675.408	0.026735
675.543	0.0269792
675.678	0.0272844
675.813	0.0277727
675.948	0.0274675
676.083	0.0272844
676.217	0.0281389
676.352	0.0278948
676.487	0.0269181
676.622	0.0270402
676.757	0.026735
676.892	0.0275285
677.027	0.0270402
677.162	0.0271623
677.297	0.0277117
677.431	0.0275285
677.566	0.0276506
677.701	0.0268571
677.836	0.0278948
677.971	0.026613
678.106	0.0277727
678.241	0.0276506
678.376	0.0264909
678.511	0.0271623
678.645	0.0267961
678.78	0.0275285
678.915	0.0271623
679.05	0.0263688
679.185	0.0270402
679.32	0.0277727
679.455	0.0275896
679.59	0.0278337
679.724	0.0276506
679.859	0.0272844
679.994	0.0276506
680.129	0.0276506
680.264	0.0272844
680.399	0.0274675
680.534	0.0274675
680.669	0.0271013
680.803	0.0279558
680.938	0.0270402
681.073	0.0281389
681.208	0.0274675
681.343	0.0277117
681.478	0.0268571
681.613	0.0267961
681.748	0.0278948
681.882	0.0274065
682.017	0.0265519
682.152	0.0280779
682.287	0.0276506
682.422	0.0279558
682.557	0.0271013
682.692	0.0275896
682.827	0.0271623
682.961	0.0277727
683.096	0.0276506
683.231	0.0274065
683.366	0.0278337
683.501	0.0270402
683.636	0.0280779
683.771	0.0268571
683.906	0.0274675
684.04	0.0269181
684.175	0.0280168
684.31	0.0274065
684.445	0.0271013
684.58	0.0271623
684.715	0.0271623
684.85	0.0274675
684.984	0.0274065
685.119	0.0275285
685.254	0.0273454
685.389	0.0278948
685.524	0.0269181
685.659	0.026674
685.794	0.0282
685.928	0.0273454
686.063	0.0271623
686.198	0.0275285
686.333	0.0272233
686.468	0.0268571
686.603	0.0277727
686.738	0.0277117
686.872	0.0277727
687.007	0.026735
687.142	0.0273454
687.277	0.0271623
687.412	0.0269181
687.547	0.0272233
687.682	0.0275285
687.816	0.0272844
687.951	0.0267961
688.086	0.0269792
688.221	0.0274675
688.356	0.0264298
688.491	0.0282
688.626	0.0260636
688.76	0.0274675
688.895	0.028322
689.03	0.0281389
689.165	0.026735
689.3	0.0268571
689.435	0.0275896
689.57	0.026735
689.704	0.0281389
689.839	0.0271623
689.974	0.0271013
690.109	0.0268571
690.244	0.0282
690.379	0.0272233
690.513	0.0271013
690.648	0.0271623
690.783	0.0277117
690.918	0.0274675
691.053	0.0270402
691.188	0.0273454
691.323	0.0278337
691.457	0.0272844
691.592	0.0277727
691.727	0.0274675
691.862	0.026674
691.997	0.0276506
692.132	0.0272233
692.266	0.0270402
692.401	0.0275896
692.536	0.0289324
692.671	0.0269181
692.806	0.0280779
692.941	0.0271623
693.075	0.0278948
693.21	0.0275896
693.345	0.026735
693.48	0.0275896
693.615	0.0279558
693.75	0.0278948
693.885	0.0277117
694.019	0.0274065
694.154	0.0272233
694.289	0.0264909
694.424	0.0271623
694.559	0.0269181
694.694	0.0277117
694.828	0.0273454
694.963	0.0275285
695.098	0.0269792
695.233	0.028322
695.368	0.0275896
695.503	0.0268571
695.637	0.0277727
695.772	0.0272844
695.907	0.0281389
696.042	0.0281389
696.177	0.0277727
696.312	0.0274065
696.446	0.0272233
696.581	0.0271623
696.716	0.0275285
696.851	0.0265519
696.986	0.0275896
697.12	0.0278948
697.255	0.0276506
697.39	0.0270402
697.525	0.0280779
697.66	0.0274065
697.795	0.0274065
697.929	0.0275285
698.064	0.0268571
698.199	0.0270402
698.334	0.0272233
698.469	0.0285052
698.604	0.0273454
698.738	0.0280168
698.873	0.0273454
699.008	0.0265519
699.143	0.0270402
699.278	0.0270402
699.412	0.0269181
699.547	0.0275896
699.682	0.0278948
699.817	0.0272844
699.952	0.0274675
700.087	0.0274065
700.221	0.0271013
700.356	0.0272844
700.491	0.026613
700.626	0.0277727
700.761	0.0273454
700.895	0.0274065
701.03	0.0272233
701.165	0.0271013
701.3	0.0267961
701.435	0.0270402
701.57	0.0272844
701.704	0.0277727
701.839	0.0270402
701.974	0.0275285
702.109	0.0279558
702.244	0.0281389
702.378	0.0273454
702.513	0.0269181
702.648	0.0274675
702.783	0.0275285
702.918	0.0269792
703.052	0.0274065
703.187	0.0277727
703.322	0.0268571
703.457	0.0281389
703.592	0.0267961
703.727	0.0269792
703.861	0.0270402
703.996	0.026674
704.131	0.0282
704.266	0.0271013
704.401	0.0278948
704.535	0.0274675
704.67	0.0273454
704.805	0.0281389
704.94	0.0270402
705.075	0.0270402
705.209	0.0278337
705.344	0.0275285
705.479	0.0275285
705.614	0.0278337
705.749	0.0273454
705.883	0.0273454
706.018	0.026674
706.153	0.0279558
706.288	0.0281389
706.423	0.0274065
706.557	0.0272844
706.692	0.0271623
706.827	0.0278948
706.962	0.026613
707.097	0.0275896
707.231	0.0276506
707.366	0.0264909
707.501	0.0278337
707.636	0.0272233
707.771	0.0269181
707.905	0.0272233
708.04	0.0277117
708.175	0.026735
708.31	0.0275896
708.445	0.0275285
708.579	0.0269181
708.714	0.0271013
708.849	0.0278337
708.984	0.0272233
709.118	0.0270402
709.253	0.0272233
709.388	0.026735
709.523	0.0280168
709.658	0.0274065
709.792	0.0273454
709.927	0.0271623
710.062	0.0269181
710.197	0.0278948
710.332	0.0269181
710.466	0.0274065
710.601	0.026735
710.736	0.026674
710.871	0.0269792
711.006	0.0281389
711.14	0.0274065
711.275	0.0272233
711.41	0.0271623
711.545	0.0269181
711.679	0.0280779
711.814	0.0278337
711.949	0.0275285
712.084	0.0275896
712.219	0.0272844
712.353	0.0278337
712.488	0.0271623
712.623	0.026735
712.758	0.0274675
712.892	0.0271623
713.027	0.0262467
713.162	0.0277117
713.297	0.0278337
713.432	0.0268571
713.566	0.0270402
713.701	0.0269792
713.836	0.0274065
713.971	0.0273454
714.105	0.0272844
714.24	0.0264909
714.375	0.0269181
714.51	0.0275896
714.645	0.0273454
714.779	0.0274675
714.914	0.0270402
715.049	0.0277727
715.184	0.0271623
715.318	0.0278337
715.453	0.0271013
715.588	0.0281389
715.723	0.0269792
715.858	0.0264909
715.992	0.0270402
716.127	0.0280779
716.262	0.0264909
716.397	0.0276506
716.531	0.0275285
716.666	0.0271623
716.801	0.0261246
716.936	0.0272233
717.07	0.0274065
717.205	0.0268571
717.34	0.0274675
717.475	0.0270402
717.61	0.0274065
717.744	0.0272233
717.879	0.028261
718.014	0.0264298
718.149	0.0271013
718.283	0.0278337
718.418	0.026674
718.553	0.0271013
718.688	0.0271013
718.822	0.0274065
718.957	0.0280168
719.092	0.0270402
719.227	0.0274065
719.361	0.0273454
719.496	0.0284441
719.631	0.0271013
719.766	0.0272844
719.9	0.0278948
720.035	0.0271623
720.17	0.0273454
720.305	0.0276506
720.44	0.0271623
720.574	0.0269181
720.709	0.0280168
720.844	0.0277117
720.979	0.0275896
721.113	0.0274065
721.248	0.0264298
721.383	0.0271623
721.518	0.0272844
721.652	0.0275896
721.787	0.0272844
721.922	0.0269181
722.057	0.0281389
722.191	0.0274675
722.326	0.0273454
722.461	0.0271013
722.596	0.0276506
722.73	0.0280779
722.865	0.0269181
723	0.0275285
723.135	0.0260026
723.269	0.0272844
723.404	0.0272233
723.539	0.0274675
723.674	0.0276506
723.808	0.0264298
723.943	0.0281389
724.078	0.0277727
724.213	0.0272233
724.347	0.0271623
724.482	0.0270402
724.617	0.0269181
724.752	0.0269792
724.886	0.0269792
725.021	0.0276506
725.156	0.0279558
725.291	0.0268571
725.425	0.0274065
725.56	0.0275285
725.695	0.0277727
725.829	0.0274675
725.964	0.0276506
726.099	0.0277727
726.234	0.0264909
726.368	0.0278948
726.503	0.0279558
726.638	0.0277117
726.773	0.0270402
726.907	0.0275896
727.042	0.0269792
727.177	0.0272844
727.312	0.0279558
727.446	0.0269792
727.581	0.0282
727.716	0.0269792
727.851	0.0272233
727.985	0.0284441
728.12	0.0275285
728.255	0.0271623
728.389	0.0277117
728.524	0.0275896
728.659	0.0272844
728.794	0.0275285
728.928	0.0274675
729.063	0.0271013
729.198	0.0282
729.333	0.0273454
729.467	0.0272844
729.602	0.0279558
729.737	0.0274675
729.872	0.0271623
730.006	0.0264909
730.141	0.0272233
730.276	0.0267961
730.41	0.026735
730.545	0.0277727
730.68	0.0273454
730.815	0.0273454
730.949	0.0273454
731.084	0.0275896
731.219	0.0270402
731.354	0.0271013
731.488	0.0273454
731.623	0.0274675
731.758	0.026735
731.892	0.0273454
732.027	0.0275896
732.162	0.0272844
732.297	0.0269181
732.431	0.0275285
732.566	0.0277727
732.701	0.0279558
732.835	0.0277117
732.97	0.0269792
733.105	0.0274675
733.24	0.026613
733.374	0.0271623
733.509	0.0274065
733.644	0.0277117
733.779	0.0262467
733.913	0.0282
734.048	0.0272844
734.183	0.0277727
734.317	0.0264298
734.452	0.0271623
734.587	0.0272844
734.722	0.0264909
734.856	0.0268571
734.991	0.0277727
735.126	0.0268571
735.26	0.0275285
735.395	0.0278948
735.53	0.0275285
735.665	0.0276506
735.799	0.0275285
735.934	0.026735
736.069	0.0281389
736.203	0.0268571
736.338	0.0273454
736.473	0.0274065
736.607	0.0263078
736.742	0.0273454
736.877	0.0274675
737.012	0.0267961
737.146	0.0276506
737.281	0.0272844
737.416	0.0270402
737.55	0.0279558
737.685	0.0272233
737.82	0.0272233
737.955	0.0264909
738.089	0.0272233
738.224	0.0276506
738.359	0.0270402
738.493	0.0274065
738.628	0.0274675
738.763	0.0276506
738.897	0.0272233
739.032	0.026735
739.167	0.0270402
739.302	0.0273454
739.436	0.0274675
739.571	0.0264909
739.706	0.0276506
739.84	0.0282
739.975	0.0279558
740.11	0.0272233
740.244	0.0275285
740.379	0.0272233
740.514	0.0275285
740.649	0.0272844
740.783	0.0273454
740.918	0.0272844
741.053	0.0272844
741.187	0.026613
741.322	0.0269792
741.457	0.0276506
741.591	0.0272233
741.726	0.0272844
741.861	0.0274675
741.996	0.0274675
742.13	0.0278948
742.265	0.0262467
742.4	0.0272844
742.534	0.0262467
742.669	0.0275285
742.804	0.0275896
742.938	0.0272844
743.073	0.0288104
743.208	0.0272233
743.342	0.0274675
743.477	0.0280779
743.612	0.0275896
743.747	0.0269181
743.881	0.0274675
744.016	0.0275896
744.151	0.0275896
744.285	0.0275285
744.42	0.0269792
744.555	0.0271623
744.689	0.0272233
744.824	0.026735
744.959	0.0271013
745.093	0.0269792
745.228	0.0277117
745.363	0.0276506
745.497	0.0274065
745.632	0.0274675
745.767	0.0277117
745.901	0.0277727
746.036	0.0277727
746.171	0.026674
746.305	0.0263078
746.44	0.0280168
746.575	0.0280779
746.71	0.0275285
746.844	0.0283831
746.979	0.0268571
747.114	0.0277117
747.248	0.026613
747.383	0.0273454
747.518	0.0272844
747.652	0.0276506
747.787	0.0268571
747.922	0.0275285
748.056	0.0274675
748.191	0.0267961
748.326	0.0275896
748.46	0.028322
748.595	0.0272233
748.73	0.0258805
748.864	0.0269792
748.999	0.0278337
749.134	0.0274675
749.268	0.0273454
749.403	0.0277117
749.538	0.0276506
749.672	0.028322
749.807	0.0269792
749.942	0.0271013
750.076	0.0273454
750.211	0.0277117
750.346	0.0271013
750.48	0.0273454
750.615	0.0272844
750.75	0.0273454
750.884	0.0269181
751.019	0.0268571
751.154	0.0274065
751.288	0.0274065
751.423	0.0264298
751.558	0.0275285
751.692	0.0272233
751.827	0.0275285
751.962	0.0275896
752.096	0.0280779
752.231	0.0272844
752.366	0.0279558
752.5	0.0279558
752.635	0.0271013
752.77	0.0275285
752.904	0.0281389
753.039	0.0269792
753.174	0.0277117
753.308	0.0280779
753.443	0.0275896
753.578	0.0276506
753.712	0.0275285
753.847	0.0264298
753.982	0.0281389
754.116	0.0274675
754.251	0.0271623
754.386	0.0280168
754.52	0.0273454
754.655	0.0275896
754.79	0.0268571
754.924	0.0275896
755.059	0.0268571
755.194	0.0274675
755.328	0.0270402
755.463	0.0264298
755.597	0.0271623
755.732	0.0275896
755.867	0.026735
756.001	0.0271623
756.136	0.0272844
756.271	0.0274065
756.405	0.026613
756.54	0.0278948
756.675	0.0271623
756.809	0.0272844
756.944	0.0263078
757.079	0.0275896
757.213	0.0280168
757.348	0.028261
757.483	0.0270402
757.617	0.0272844
757.752	0.0273454
757.887	0.0285662
758.021	0.0285662
758.156	0.0269792
758.29	0.0273454
758.425	0.026735
758.56	0.0271013
758.694	0.0272233
758.829	0.0278948
758.964	0.0280168
759.098	0.0271623
759.233	0.0276506
759.368	0.0271623
759.502	0.0271623
759.637	0.0268571
759.772	0.0279558
759.906	0.0274675
760.041	0.0274065
760.175	0.0269792
760.31	0.0274065
760.445	0.0280168
760.579	0.0275896
760.714	0.026674
760.849	0.0260636
760.983	0.0276506
761.118	0.0277117
761.253	0.0264909
761.387	0.026613
761.522	0.0274675
761.656	0.0274065
761.791	0.0275896
761.926	0.0280168
762.06	0.0272233
762.195	0.0277117
762.33	0.0277727
762.464	0.0271013
762.599	0.0274065
762.733	0.0272233
762.868	0.0264909
763.003	0.0274675
763.137	0.0270402
763.272	0.0274065
763.407	0.0278948
763.541	0.0275285
763.676	0.0277727
763.811	0.0274065
763.945	0.0272233
764.08	0.0265519
764.214	0.0271623
764.349	0.0276506
764.484	0.0272233
764.618	0.0277117
764.753	0.0270402
764.888	0.0280779
765.022	0.0278337
765.157	0.0269792
765.291	0.0275896
765.426	0.0279558
765.561	0.0275896
765.695	0.0277727
765.83	0.0277117
765.965	0.0277727
766.099	0.0272233
766.234	0.0273454
766.368	0.026674
766.503	0.0271013
766.638	0.0274675
766.772	0.0279558
766.907	0.0267961
767.041	0.0278948
767.176	0.0272233
767.311	0.0269792
767.445	0.0273454
767.58	0.0270402
767.715	0.0277117
767.849	0.0268571
767.984	0.0273454
768.118	0.0275896
768.253	0.0272233
768.388	0.0278337
768.522	0.0274065
768.657	0.0270402
768.791	0.0275896
768.926	0.0276506
769.061	0.0276506
769.195	0.0275285
769.33	0.0271623
769.465	0.0271623
769.599	0.0270402
769.734	0.0277727
769.868	0.0272844
770.003	0.0261246
770.138	0.0274065
770.272	0.0271013
770.407	0.0278337
770.541	0.0274065
770.676	0.0268571
770.811	0.0277117
770.945	0.0278948
771.08	0.026613
771.214	0.0279558
771.349	0.0281389
771.484	0.0274065
771.618	0.0270402
771.753	0.0277727
771.887	0.0276506
772.022	0.0274065
772.157	0.0270402
772.291	0.0272233
772.426	0.0273454
772.56	0.0275285
772.695	0.0280168
772.83	0.0267961
772.964	0.0276506
773.099	0.0275285
773.233	0.0277727
773.368	0.0274675
773.503	0.0280168
773.637	0.0268571
773.772	0.0276506
773.906	0.0277727
774.041	0.0268571
774.176	0.0280779
774.31	0.0265519
774.445	0.0270402
774.579	0.0274065
774.714	0.0274065
774.849	0.0272844
774.983	0.0277117
775.118	0.0276506
775.252	0.0268571
775.387	0.0282
775.522	0.0280779
775.656	0.0268571
775.791	0.0279558
775.925	0.0274675
776.06	0.0269792
776.195	0.026735
776.329	0.0271623
776.464	0.0280168
776.598	0.0278948
776.733	0.0281389
776.868	0.0269792
777.002	0.0264298
777.137	0.0274675
777.271	0.0273454
777.406	0.0275896
777.54	0.0269181
777.675	0.026674
777.81	0.0277727
777.944	0.0264298
778.079	0.0272844
778.213	0.0280168
778.348	0.0272844
778.483	0.0277117
778.617	0.0277727
778.752	0.0274065
778.886	0.0270402
779.021	0.0277727
779.155	0.0272233
779.29	0.0269181
779.425	0.0275896
779.559	0.026674
779.694	0.0277117
779.828	0.0275285
779.963	0.0274065
780.098	0.0271013
780.232	0.0269792
780.367	0.0273454
780.501	0.026735
780.636	0.0275896
780.77	0.0271623
780.905	0.0280168
781.04	0.0267961
781.174	0.0272844
781.309	0.0277727
781.443	0.0272233
781.578	0.0282
781.712	0.0269792
781.847	0.0269181
781.982	0.0275896
782.116	0.0278337
782.251	0.0275896
782.385	0.0276506
782.52	0.026735
782.654	0.0275285
782.789	0.0271013
782.924	0.0278948
783.058	0.0276506
783.193	0.0278948
783.327	0.0278337
783.462	0.0270402
783.596	0.0269181
783.731	0.0278948
783.866	0.0274675
784	0.0276506
784.135	0.0271013
784.269	0.028261
784.404	0.0264298
784.538	0.0280168
784.673	0.0271013
784.808	0.0277117
784.942	0.0269181
785.077	0.0278337
785.211	0.0275896
785.346	0.0271013
785.48	0.0268571
785.615	0.0274675
785.75	0.0273454
785.884	0.0272844
786.019	0.028261
786.153	0.0269792
786.288	0.0278948
786.422	0.0281389
786.557	0.026674
786.691	0.0280168
786.826	0.0272233
786.961	0.028322
787.095	0.0272233
787.23	0.0274675
787.364	0.0274065
787.499	0.0277117
787.633	0.0277727
787.768	0.0271013
787.902	0.0280168
788.037	0.0263688
788.172	0.0271013
788.306	0.0271623
788.441	0.0274065
788.575	0.0273454
788.71	0.0278948
788.844	0.0274675
788.979	0.0272233
789.113	0.0278948
789.248	0.0277117
789.383	0.0270402
789.517	0.0276506
789.652	0.028261
789.786	0.0280779
789.921	0.0282
790.055	0.0274675
790.19	0.0272844
790.324	0.026735
790.459	0.0279558
790.594	0.0277727
790.728	0.0271623
790.863	0.0279558
790.997	0.0277117
791.132	0.0274065
791.266	0.0285052
791.401	0.0272844
791.535	0.0275285
791.67	0.0272233
791.804	0.0274675
791.939	0.0282
792.074	0.0272844
792.208	0.0269792
792.343	0.0270402
792.477	0.0274065
792.612	0.0285662
792.746	0.0269792
792.881	0.0280168
793.015	0.0275896
793.15	0.0272233
793.284	0.0269181
793.419	0.0273454
793.553	0.0278948
793.688	0.0278337
793.823	0.0271013
793.957	0.0281389
794.092	0.0277727
794.226	0.0277117
794.361	0.0271013
794.495	0.0274675
794.63	0.0272844
794.764	0.0280779
794.899	0.0275285
795.033	0.0277727
795.168	0.0278337
795.302	0.0289324
795.437	0.0278948
795.572	0.0276506
795.706	0.0274065
795.841	0.0276506
795.975	0.0269792
796.11	0.0284441
796.244	0.0271013
796.379	0.0278337
796.513	0.0278337
796.648	0.0280168
796.782	0.0275285
796.917	0.0268571
797.051	0.028261
797.186	0.0274065
797.32	0.028322
797.455	0.0275896
797.589	0.0286272
797.724	0.0280168
797.859	0.0275285
797.993	0.0278948
798.128	0.0278948
798.262	0.028322
798.397	0.0275285
798.531	0.0287493
798.666	0.0277727
798.8	0.0280168
798.935	0.0275285
799.069	0.0279558
799.204	0.028261
799.338	0.0278337
799.473	0.028261
799.607	0.0288104
799.742	0.0279558
799.876	0.0283831
800.011	0.0282
800.145	0.0286883
800.28	0.0274675
800.414	0.0286272
800.549	0.0271013
800.683	0.0283831
800.818	0.0286272
800.953	0.0286883
801.087	0.0281389
801.222	0.0286883
801.356	0.0289324
801.491	0.0287493
801.625	0.0293597
801.76	0.0296039
801.894	0.0275896
802.029	0.0289324
802.163	0.0277117
802.298	0.0288714
802.432	0.0290545
802.567	0.0286883
802.701	0.0295428
802.836	0.029848
802.97	0.0296649
803.105	0.0285662
803.239	0.0295428
803.374	0.0302753
803.508	0.0299091
803.643	0.0300311
803.777	0.0300922
803.912	0.0302753
804.046	0.0299091
804.181	0.0302753
804.315	0.0305194
804.45	0.0303363
804.584	0.0315571
804.719	0.0311298
804.853	0.0316181
804.988	0.0316792
805.122	0.0328389
805.257	0.0327779
805.391	0.0331441
805.526	0.0342428
805.66	0.0336935
805.795	0.0338766
805.929	0.0349142
806.064	0.0354026
806.198	0.0370506
806.333	0.0385155
806.467	0.0389428
806.602	0.0405298
806.736	0.0430935
806.871	0.0432766
807.005	0.0465116
807.14	0.0510895
807.274	0.0607337
807.409	0.128304
807.543	0.228469
807.678	0.204419
807.812	0.16688
807.947	0.564854
808.081	0.997619
808.216	1
808.35	1
808.485	1
808.619	1
808.754	1
808.888	1
809.023	1
809.157	1
809.292	0.997864
809.426	0.998779
809.561	0.992248
809.695	0.992309
809.83	0.985534
809.964	0.983397
810.099	0.975218
810.233	0.966734
810.368	0.956174
810.502	0.910822
810.637	0.528292
810.771	0.120308
810.906	0.072148
811.04	0.06757
811.175	0.0552402
811.309	0.0429714
811.444	0.0379662
811.578	0.0375389
811.713	0.0363181
811.847	0.0365623
811.982	0.0356467
812.116	0.0343649
812.251	0.0335103
812.385	0.0343649
812.519	0.034548
812.654	0.0324727
812.788	0.0325337
812.923	0.0321675
813.057	0.0323506
813.192	0.031374
813.326	0.031374
813.461	0.0319233
813.595	0.0310688
813.73	0.0315571
813.864	0.0303974
813.999	0.0311298
814.133	0.0304584
814.268	0.029787
814.402	0.0301532
814.537	0.0307636
814.671	0.0296039
814.806	0.0295428
814.94	0.0300922
815.075	0.0297259
815.209	0.0287493
815.344	0.0292376
815.478	0.0288104
815.612	0.0289324
815.747	0.0290545
815.881	0.028322
816.016	0.0294818
816.15	0.0289935
816.285	0.028261
816.419	0.0275285
816.554	0.0294207
816.688	0.0288104
816.823	0.0286272
816.957	0.0282
817.092	0.0281389
817.226	0.0276506
817.361	0.0289324
817.495	0.028322
817.63	0.0277117
817.764	0.0282
817.898	0.0274675
818.033	0.0277727
818.167	0.0280168
818.302	0.0294818
818.436	0.0281389
818.571	0.0278948
818.705	0.0288104
818.84	0.0277117
818.974	0.0285052
819.109	0.0287493
819.243	0.0283831
819.378	0.0279558
819.512	0.0282
819.646	0.0282
819.781	0.0277727
819.915	0.0281389
820.05	0.0280779
820.184	0.0274675
820.319	0.0274675
820.453	0.0281389
820.588	0.0273454
820.722	0.0280168
820.857	0.0275896
820.991	0.0283831
821.126	0.0276506
821.26	0.0277727
821.394	0.0279558
821.529	0.0271013
821.663	0.028322
821.798	0.0283831
821.932	0.0272844
822.067	0.0272233
822.201	0.0270402
822.336	0.0272233
822.47	0.0275896
822.605	0.0277117
822.739	0.0274065
822.873	0.0281389
823.008	0.0277727
823.142	0.0275896
823.277	0.0278948
823.411	0.0279558
823.546	0.0280779
823.68	0.0273454
823.815	0.0272844
823.949	0.0279558
824.083	0.0274065
824.218	0.0275896
824.352	0.0281389
824.487	0.0280779
824.621	0.0281389
824.756	0.0272233
824.89	0.0279558
825.025	0.0272233
825.159	0.0280779
825.293	0.0274675
825.428	0.0279558
825.562	0.0278337
825.697	0.0281389
825.831	0.0274065
825.966	0.026674
826.1	0.0262467
826.235	0.0278948
826.369	0.0280168
826.503	0.0271013
826.638	0.0274675
826.772	0.0268571
826.907	0.0279558
827.041	0.0279558
827.176	0.0275896
827.31	0.0278337
827.445	0.0279558
827.579	0.0278948
827.713	0.0271623
827.848	0.0275896
827.982	0.0275285
828.117	0.0277117
828.251	0.0271623
828.386	0.0282
828.52	0.0268571
828.654	0.0271623
828.789	0.0264909
828.923	0.0272233
829.058	0.0273454
829.192	0.0274675
829.327	0.0270402
829.461	0.0265519
829.596	0.0272844
829.73	0.0278948
829.864	0.0264909
829.999	0.0275285
830.133	0.0268571
830.268	0.0273454
830.402	0.0276506
830.537	0.0276506
830.671	0.0274065
830.805	0.0271623
830.94	0.026735
831.074	0.0271013
831.209	0.0277727
831.343	0.0277117
831.478	0.0267961
831.612	0.0274065
831.746	0.0271013
831.881	0.0273454
832.015	0.0270402
832.15	0.0276506
832.284	0.0265519
832.418	0.0281389
832.553	0.0272233
832.687	0.0276506
832.822	0.0278948
832.956	0.0280779
833.091	0.026674
833.225	0.0274065
833.359	0.0280168
833.494	0.0272844
833.628	0.028322
833.763	0.0269181
833.897	0.026735
834.032	0.0277117
834.166	0.0277727
834.3	0.0264298
834.435	0.0267961
834.569	0.0278948
834.704	0.0265519
834.838	0.0270402
834.972	0.0272233
835.107	0.0275285
835.241	0.0269792
835.376	0.0275896
835.51	0.0269792
835.645	0.0277117
835.779	0.0274065
835.913	0.0272844
836.048	0.026613
836.182	0.0275285
836.317	0.0272844
836.451	0.0268571
836.585	0.0271623
836.72	0.0260636
836.854	0.0272233
836.989	0.028322
837.123	0.0268571
837.257	0.0268571
837.392	0.0281389
837.526	0.0272844
837.661	0.0277117
837.795	0.0278948
837.929	0.0270402
838.064	0.0274675
838.198	0.0275896
838.333	0.0279558
838.467	0.0261246
838.602	0.0275896
838.736	0.0267961
838.87	0.0275896
839.005	0.0271013
839.139	0.0277117
839.274	0.0277117
839.408	0.0271013
839.542	0.0272844
839.677	0.026735
839.811	0.0277727
839.946	0.0277117
840.08	0.0281389
840.214	0.0275896
840.349	0.0271013
840.483	0.0274675
840.618	0.0276506
840.752	0.0275896
840.886	0.0275285
841.021	0.0278948
841.155	0.0275896
841.29	0.0269181
841.424	0.0273454
841.558	0.0272233
841.693	0.0272233
841.827	0.0277727
841.961	0.0270402
842.096	0.0275896
842.23	0.0263078
842.365	0.0278948
842.499	0.0275896
842.633	0.0277117
842.768	0.0273454
842.902	0.0275896
843.037	0.0268571
843.171	0.0274065
843.305	0.0278337
843.44	0.026674
843.574	0.0272844
843.709	0.0272233
843.843	0.0279558
843.977	0.0270402
844.112	0.0275896
844.246	0.0277727
844.381	0.0275896
844.515	0.0268571
844.649	0.0275896
844.784	0.0270402
844.918	0.0272844
845.052	0.0271623
845.187	0.0274675
845.321	0.0274675
845.456	0.0276506
845.59	0.0271623
845.724	0.0272233
845.859	0.0273454
845.993	0.0275285
846.128	0.0268571
846.262	0.0277117
846.396	0.0274675
846.531	0.0265519
846.665	0.0283831
846.799	0.0274675
846.934	0.0285052
847.068	0.0272233
847.203	0.0272844
847.337	0.0271013
847.471	0.0271623
847.606	0.0280779
847.74	0.0271013
847.874	0.0267961
848.009	0.0267961
848.143	0.0275285
848.278	0.0272233
848.412	0.0277117
848.546	0.0275285
848.681	0.0271623
848.815	0.0277727
848.949	0.0277117
849.084	0.0281389
849.218	0.0275896
849.353	0.0279558
849.487	0.0270402
849.621	0.0278337
849.756	0.0271013
849.89	0.0278337
850.024	0.0273454
850.159	0.0283831
850.293	0.0271013
850.428	0.0277117
850.562	0.0269792
850.696	0.0278337
850.831	0.0276506
850.965	0.0272233
851.099	0.0278948
851.234	0.0268571
851.368	0.0278948
851.502	0.0274675
851.637	0.0271623
851.771	0.026613
851.906	0.0272844
852.04	0.0277117
852.174	0.0278948
852.309	0.0275896
852.443	0.0276506
852.577	0.0269792
852.712	0.0273454
852.846	0.0282
852.98	0.0271623
853.115	0.0268571
853.249	0.0277727
853.384	0.0274065
853.518	0.0274675
853.652	0.0276506
853.787	0.0275285
853.921	0.0267961
854.055	0.0284441
854.19	0.0272233
854.324	0.0272844
854.458	0.0276506
854.593	0.0270402
854.727	0.0272844
854.861	0.0272844
854.996	0.0274675
855.13	0.0275285
855.265	0.0282
855.399	0.0280168
855.533	0.0272233
855.668	0.0275285
855.802	0.0277727
855.936	0.0272844
856.071	0.0272844
856.205	0.0275896
856.339	0.0287493
856.474	0.0265519
856.608	0.0272844
856.742	0.0269181
856.877	0.0268571
857.011	0.0275896
857.145	0.026674
857.28	0.0274065
857.414	0.0271623
857.549	0.026613
857.683	0.0275896
857.817	0.0271013
857.952	0.0275896
858.086	0.0280168
858.22	0.0267961
858.355	0.0264909
858.489	0.0275285
858.623	0.0273454
858.758	0.0271013
858.892	0.0281389
859.026	0.0277117
859.161	0.028261
859.295	0.0276506
859.429	0.0278337
859.564	0.0278337
859.698	0.026613
859.832	0.0265519
859.967	0.0269792
860.101	0.0264909
860.235	0.0267961
860.37	0.0275896
860.504	0.0272844
860.638	0.0263078
860.773	0.0269792
860.907	0.0267961
861.041	0.0270402
861.176	0.0272844
861.31	0.0285052
861.444	0.0272844
861.579	0.0277727
861.713	0.0271013
861.847	0.0271013
861.982	0.0267961
862.116	0.0275896
862.25	0.0274065
862.385	0.0272233
862.519	0.0273454
862.653	0.0271013
862.788	0.026735
862.922	0.0268571
863.056	0.0275896
863.191	0.0279558
863.325	0.0270402
863.459	0.0267961
863.594	0.0278337
863.728	0.0274065
863.862	0.0265519
863.997	0.0272233
864.131	0.0270402
864.265	0.0275896
864.4	0.0279558
864.534	0.0273454
864.668	0.0272233
864.803	0.0279558
864.937	0.0271623
865.071	0.0267961
865.206	0.0275285
865.34	0.0269792
865.474	0.0274065
865.609	0.0269181
865.743	0.0271013
865.877	0.0269792
866.012	0.0274675
866.146	0.0276506
866.28	0.0283831
866.415	0.0276506
866.549	0.0273454
866.683	0.0272844
866.818	0.0278337
866.952	0.026674
867.086	0.026674
867.221	0.0276506
867.355	0.0271013
867.489	0.0275285
867.623	0.0283831
867.758	0.0278337
867.892	0.0278337
868.026	0.0269792
868.161	0.0278337
868.295	0.026613
868.429	0.0271623
868.564	0.0270402
868.698	0.0275896
868.832	0.0282
868.967	0.0281389
869.101	0.0269792
869.235	0.0264298
869.37	0.0282
869.504	0.0280168
869.638	0.0268571
869.773	0.0271623
869.907	0.026613
870.041	0.0275896
870.175	0.026735
870.31	0.0274065
870.444	0.0276506
870.578	0.0274065
870.713	0.0274675
870.847	0.0277117
870.981	0.0272233
871.116	0.0271013
871.25	0.0269792
871.384	0.0273454
871.519	0.0278948
871.653	0.0280168
871.787	0.0275896
871.921	0.0271623
872.056	0.0269181
872.19	0.0278948
872.324	0.0272233
872.459	0.026674
872.593	0.0271013
872.727	0.0272844
872.862	0.0279558
872.996	0.0271623
873.13	0.0272233
873.264	0.0273454
873.399	0.0272844
873.533	0.0274675
873.667	0.0273454
873.802	0.0271013
873.936	0.0269792
874.07	0.0278948
874.205	0.0273454
874.339	0.0275896
874.473	0.0272844
874.607	0.026674
874.742	0.0272233
874.876	0.0267961
875.01	0.0270402
875.145	0.0273454
875.279	0.0272844
875.413	0.0270402
875.548	0.026735
875.682	0.0272233
875.816	0.0269792
875.95	0.0272844
876.085	0.0272844
876.219	0.0274065
876.353	0.0267961
876.488	0.0273454
876.622	0.0272233
876.756	0.0280168
876.89	0.0278337
877.025	0.0269792
877.159	0.0274065
877.293	0.026613
877.428	0.0288104
877.562	0.0274675
877.696	0.028322
877.83	0.0272844
877.965	0.0277727
878.099	0.0275896
878.233	0.0277727
878.368	0.0280168
878.502	0.0274065
878.636	0.0269181
878.77	0.0275896
878.905	0.0274675
879.039	0.0275896
879.173	0.0277117
879.308	0.0282
879.442	0.0273454
879.576	0.0277117
879.71	0.0272233
879.845	0.0271623
879.979	0.0265519
880.113	0.0273454
880.248	0.0272233
880.382	0.0278337
880.516	0.0281389
880.65	0.0271623
880.785	0.0278948
880.919	0.0265519
881.053	0.0274065
881.188	0.0269792
881.322	0.028322
881.456	0.026674
881.59	0.0270402
881.725	0.0275285
881.859	0.0276506
881.993	0.0270402
882.127	0.0275896
882.262	0.0280168
882.396	0.0274065
882.53	0.0275896
882.665	0.0282
882.799	0.0265519
882.933	0.0272233
883.067	0.0273454
883.202	0.0269792
883.336	0.0265519
883.47	0.0277117
883.604	0.0268571
883.739	0.0275285
883.873	0.0272233
884.007	0.0282
884.142	0.0271623
884.276	0.0277117
884.41	0.026735
884.544	0.0276506
884.679	0.0262467
884.813	0.0262467
884.947	0.026735
885.081	0.0285052
885.216	0.0275896
885.35	0.0272844
885.484	0.026735
885.618	0.0278337
885.753	0.0275285
885.887	0.0277117
886.021	0.0277727
886.155	0.0275896
886.29	0.0278948
886.424	0.0275285
886.558	0.026735
886.693	0.0274065
886.827	0.0274675
886.961	0.0265519
887.095	0.0275285
887.23	0.0281389
887.364	0.0271623
887.498	0.0278948
887.632	0.0272233
887.767	0.0278948
887.901	0.0273454
888.035	0.0274675
888.169	0.0275285
888.304	0.0273454
888.438	0.0276506
888.572	0.0277117
888.706	0.026674
888.841	0.0263688
888.975	0.0277117
889.109	0.0276506
889.243	0.0269792
889.378	0.0276506
889.512	0.0274675
889.646	0.0268571
889.78	0.0276506
889.915	0.028261
890.049	0.0274675
890.183	0.0272844
890.317	0.0275285
890.452	0.0279558
890.586	0.0270402
890.72	0.026674
890.854	0.0271623
890.989	0.0276506
891.123	0.0278948
891.257	0.0274065
891.391	0.0275896
891.526	0.0271013
891.66	0.0274065
891.794	0.0278948
891.928	0.0270402
892.063	0.0282
892.197	0.0271013
892.331	0.0272233
892.465	0.0274065
892.6	0.0280779
892.734	0.0275285
892.868	0.0274675
893.002	0.0268571
893.137	0.0270402
893.271	0.0268571
893.405	0.0281389
893.539	0.0270402
893.674	0.0270402
893.808	0.0275896
893.942	0.0267961
894.076	0.0275285
894.21	0.0269792
894.345	0.0274065
894.479	0.0276506
894.613	0.0274065
894.747	0.0274065
894.882	0.0268571
895.016	0.0267961
895.15	0.0270402
895.284	0.028261
895.419	0.0271623
895.553	0.0275285
895.687	0.0269181
895.821	0.0274065
895.956	0.0275896
896.09	0.0272844
896.224	0.026613
896.358	0.0278337
896.492	0.0277727
896.627	0.0278337
896.761	0.0270402
896.895	0.0277117
897.029	0.0279558
897.164	0.0274675
897.298	0.0264298
897.432	0.0262467
897.566	0.0270402
897.701	0.0271623
897.835	0.0264909
897.969	0.0269181
898.103	0.0269792
898.237	0.0276506
898.372	0.0277117
898.506	0.0274065
898.64	0.0273454
898.774	0.0278337
898.909	0.0274065
899.043	0.0269181
899.177	0.0263078
899.311	0.0274065
899.445	0.0278948
899.58	0.0273454
899.714	0.0277117
899.848	0.0278337
899.982	0.0277117
900.117	0.0271623
900.251	0.0273454
900.385	0.0272233
900.519	0.0279558
900.653	0.0275285
900.788	0.0272233
900.922	0.026613
901.056	0.0272844
901.19	0.0272233
901.325	0.0272233
901.459	0.0276506
901.593	0.0275896
901.727	0.0277727
901.861	0.0278948
901.996	0.0263078
902.13	0.0271623
902.264	0.0270402
902.398	0.0271623
902.532	0.0273454
902.667	0.0268571
902.801	0.0275896
902.935	0.0285052
903.069	0.0278948
903.204	0.0277727
903.338	0.0263078
903.472	0.0277117
903.606	0.0275285
903.74	0.0274675
903.875	0.0263078
904.009	0.0274675
904.143	0.0274065
904.277	0.0274065
904.411	0.0276506
904.546	0.0275896
904.68	0.0264909
904.814	0.0274675
904.948	0.0274675
905.082	0.0269792
905.217	0.0280168
905.351	0.0277727
905.485	0.0274675
905.619	0.0281389
905.753	0.0272233
905.888	0.0282
906.022	0.0267961
906.156	0.0275896
906.29	0.0271623
906.424	0.0276506
906.559	0.0272233
906.693	0.0259415
906.827	0.0273454
906.961	0.0267961
907.095	0.0276506
907.23	0.0272233
907.364	0.0276506
907.498	0.0260026
907.632	0.0283831
907.766	0.0280168
907.901	0.0276506
908.035	0.0273454
908.169	0.0275285
908.303	0.0274065
908.437	0.0264909
908.572	0.0269792
908.706	0.0272233
908.84	0.0275285
908.974	0.0271623
909.108	0.0267961
909.243	0.0277117
909.377	0.0274675
909.511	0.0274675
909.645	0.0270402
909.779	0.0278337
909.914	0.0271623
910.048	0.0270402
910.182	0.026613
910.316	0.0268571
910.45	0.0272844
910.585	0.0272233
910.719	0.0270402
910.853	0.0275285
910.987	0.0272844
911.121	0.0269792
911.255	0.0277117
911.39	0.0275285
911.524	0.0289935
911.658	0.0269792
911.792	0.0274065
911.926	0.0276506
912.061	0.0274675
912.195	0.0275285
912.329	0.0274675
912.463	0.0272233
912.597	0.0276506
912.732	0.0272233
912.866	0.0273454
913	0.0279558
913.134	0.0285052
913.268	0.0280168
913.402	0.0272233
913.537	0.0270402
913.671	0.028322
913.805	0.0275285
913.939	0.028322
914.073	0.026735
914.208	0.0270402
914.342	0.0272844
914.476	0.0274675
914.61	0.0271623
914.744	0.0269181
914.878	0.0269181
915.013	0.0271013
915.147	0.0278337
915.281	0.0274675
915.415	0.0277117
915.549	0.0274065
915.683	0.026735
915.818	0.0278337
915.952	0.0264909
916.086	0.0272844
916.22	0.0277117
916.354	0.0270402
916.488	0.0274675
916.623	0.0276506
916.757	0.0273454
916.891	0.0273454
917.025	0.0278337
917.159	0.0278948
917.293	0.026735
917.428	0.0269181
917.562	0.0280168
917.696	0.0283831
917.83	0.0274065
917.964	0.0276506
918.098	0.0276506
918.233	0.0273454
918.367	0.0280779
918.501	0.0280779
918.635	0.0272844
918.769	0.0274675
918.903	0.0275285
919.038	0.0276506
919.172	0.028261
919.306	0.0269792
919.44	0.0274065
919.574	0.026674
919.708	0.0274065
919.843	0.0267961
919.977	0.028261
920.111	0.026613
920.245	0.0284441
920.379	0.0269792
920.513	0.0269792
920.648	0.0278948
920.782	0.0271013
920.916	0.0269792
921.05	0.0276506
921.184	0.0275896
921.318	0.026735
921.453	0.0269792
921.587	0.0271623
921.721	0.0269792
921.855	0.0275896
921.989	0.0271013
922.123	0.0272233
922.257	0.0273454
922.392	0.0272844
922.526	0.0277117
922.66	0.0268571
922.794	0.0274065
922.928	0.0270402
923.062	0.0276506
923.197	0.0273454
923.331	0.0270402
923.465	0.0271013
923.599	0.0272844
923.733	0.0271623
923.867	0.0273454
924.001	0.0278337
924.136	0.0273454
924.27	0.0275896
924.404	0.0271013
924.538	0.0284441
924.672	0.0265519
924.806	0.0278948
924.94	0.0280168
925.075	0.0282
925.209	0.0277727
925.343	0.0279558
925.477	0.0279558
925.611	0.0281389
925.745	0.0280779
925.879	0.026613
926.014	0.0281389
926.148	0.0272844
926.282	0.0274675
926.416	0.0277117
926.55	0.0264909
926.684	0.0278337
926.818	0.0278337
926.953	0.0268571
927.087	0.0272233
927.221	0.0272233
927.355	0.0274675
927.489	0.0269792
927.623	0.0272233
927.757	0.0271623
927.892	0.0271623
928.026	0.026735
928.16	0.0275896
928.294	0.0274065
928.428	0.0277117
928.562	0.0274675
928.696	0.0271013
928.831	0.0279558
928.965	0.026674
929.099	0.0272844
929.233	0.0278337
929.367	0.026613
929.501	0.0274675
929.635	0.0274675
929.769	0.0273454
929.904	0.0274675
930.038	0.0276506
930.172	0.0278337
930.306	0.0274675
930.44	0.0276506
930.574	0.0277117
930.708	0.0277727
930.843	0.0271623
930.977	0.0273454
931.111	0.028261
931.245	0.0280168
931.379	0.0269792
931.513	0.0272233
931.647	0.028261
931.781	0.0278948
931.916	0.0277117
932.05	0.0278337
932.184	0.0274675
932.318	0.0277117
932.452	0.0277727
932.586	0.0264298
932.72	0.0271623
932.854	0.0273454
932.989	0.0271013
933.123	0.026735
933.257	0.0270402
933.391	0.0275285
933.525	0.0286883
933.659	0.0282
933.793	0.0274065
933.927	0.0278337
934.061	0.0277117
934.196	0.026735
934.33	0.0274065
934.464	0.026674
934.598	0.0272233
934.732	0.0276506
934.866	0.026735
935	0.0268571
935.134	0.0268571
935.269	0.0278337
935.403	0.0267961
935.537	0.0281389
935.671	0.0275896
935.805	0.0273454
935.939	0.0274675
936.073	0.0274065
936.207	0.0273454
936.341	0.0269181
936.476	0.0271013
936.61	0.0272233
936.744	0.0274675
936.878	0.0270402
937.012	0.0276506
937.146	0.0271623
937.28	0.0270402
937.414	0.0276506
937.548	0.0271013
937.683	0.0262467
937.817	0.0271623
937.951	0.0259415
938.085	0.0275285
938.219	0.0274675
938.353	0.0278337
938.487	0.0264298
938.621	0.0274675
938.755	0.0282
938.889	0.0276506
939.024	0.0277727
939.158	0.0278337
939.292	0.0269181
939.426	0.0272233
939.56	0.026674
939.694	0.0270402
939.828	0.0275896
939.962	0.0264909
940.096	0.0272844
940.231	0.0279558
940.365	0.0277727
940.499	0.0264298
940.633	0.0278337
940.767	0.0272844
940.901	0.0269181
941.035	0.0272844
941.169	0.0274675
941.303	0.0270402
941.437	0.0274675
941.571	0.0278948
941.706	0.0274065
941.84	0.0280168
941.974	0.0281389
942.108	0.0272233
942.242	0.0272844
942.376	0.0264909
942.51	0.0269181
942.644	0.0274675
942.778	0.0279558
942.912	0.0274065
943.047	0.0279558
943.181	0.0280779
943.315	0.0274675
943.449	0.0272844
943.583	0.0278948
943.717	0.0270402
943.851	0.0269181
943.985	0.0280779
944.119	0.0271623
944.253	0.0264298
944.387	0.0271013
944.522	0.0274675
944.656	0.0276506
944.79	0.0277117
944.924	0.0277117
945.058	0.0269181
945.192	0.0279558
945.326	0.0274675
945.46	0.0271623
945.594	0.0263078
945.728	0.0278948
945.862	0.0264909
945.996	0.0274065
946.131	0.0269792
946.265	0.0277727
946.399	0.0272844
946.533	0.0275285
946.667	0.0268571
946.801	0.026674
946.935	0.0272233
947.069	0.0280168
947.203	0.0278948
947.337	0.0275285
947.471	0.0270402
947.605	0.0267961
947.739	0.0272233
947.874	0.028261
948.008	0.0280168
948.142	0.0271623
948.276	0.0267961
948.41	0.0277727
948.544	0.0277117
948.678	0.0274675
948.812	0.0277117
948.946	0.0277727
949.08	0.0256974
949.214	0.0275896
949.348	0.0276506
949.482	0.0272844
949.617	0.0273454
949.751	0.0269792
949.885	0.0268571
950.019	0.0273454
950.153	0.026613
950.287	0.0282
950.421	0.0271623
950.555	0.0277727
950.689	0.0273454
950.823	0.0270402
950.957	0.0273454
951.091	0.0275896
951.225	0.0277117
951.359	0.0271623
951.493	0.0274675
951.628	0.0277727
951.762	0.0271013
951.896	0.0270402
952.03	0.0274065
952.164	0.0274065
952.298	0.0278337
952.432	0.0277727
952.566	0.0274675
952.7	0.0277727
952.834	0.0269181
952.968	0.0269181
953.102	0.026613
953.236	0.0265519
953.37	0.0279558
953.504	0.0274675
953.639	0.0275285
953.773	0.026674
953.907	0.0275896
954.041	0.0272844
954.175	0.0271623
954.309	0.026735
954.443	0.0274065
954.577	0.0277117
954.711	0.0269792
954.845	0.0270402
954.979	0.0275896
955.113	0.0271623
955.247	0.0271013
955.381	0.0278948
955.515	0.0276506
955.649	0.0261246
955.783	0.0275896
955.917	0.0278337
956.052	0.0272844
956.186	0.0269181
956.32	0.0269792
956.454	0.0277117
956.588	0.026735
956.722	0.0276506
956.856	0.0271013
956.99	0.0282
957.124	0.0274065
957.258	0.0269792
957.392	0.0278337
957.526	0.0272844
957.66	0.0278948
957.794	0.0274675
957.928	0.0272233
958.062	0.0271013
958.196	0.0265519
958.33	0.0272844
958.464	0.0277727
958.598	0.0276506
958.733	0.0270402
958.867	0.0277727
959.001	0.0264298
959.135	0.0273454
959.269	0.026735
959.403	0.0277727
959.537	0.0263078
959.671	0.0274675
959.805	0.0277117
959.939	0.0285052
960.073	0.0274065
960.207	0.0273454
960.341	0.0271623
960.475	0.0277117
960.609	0.0274675
960.743	0.0280779
960.877	0.026674
961.011	0.0270402
961.145	0.0271013
961.279	0.0276506
961.413	0.026613
961.547	0.0278337
961.681	0.0274065
961.815	0.0271013
961.949	0.0271623
962.083	0.0278337
962.218	0.0271013
962.352	0.0274675
962.486	0.0277117
962.62	0.0282
962.754	0.0279558
962.888	0.0278337
963.022	0.0272233
963.156	0.026735
963.29	0.0272233
963.424	0.0269181
963.558	0.0278948
963.692	0.0268571
963.826	0.0268571
963.96	0.0281389
964.094	0.0269792
964.228	0.0271623
964.362	0.0278337
964.496	0.0274675
964.63	0.0272844
964.764	0.0269792
964.898	0.0275285
965.032	0.0277117
965.166	0.0269792
965.3	0.0274675
965.434	0.0275896
965.568	0.0274675
965.702	0.026674
965.836	0.0277727
965.97	0.0274065
966.104	0.0271013
966.238	0.026735
966.372	0.028261
966.506	0.0277727
966.64	0.0272233
966.774	0.0277117
966.908	0.0264298
967.043	0.026735
967.177	0.0275896
967.311	0.0273454
967.445	0.028322
967.579	0.0275896
967.713	0.0274065
967.847	0.0268571
967.981	0.0278337
968.115	0.0264909
968.249	0.0269181
968.383	0.0275896
968.517	0.0269792
968.651	0.0269792
968.785	0.0272233
968.919	0.0274065
969.053	0.0270402
969.187	0.0273454
969.321	0.0278337
969.455	0.0271623
969.589	0.0274065
969.723	0.0268571
969.857	0.0271623
969.991	0.0275285
970.125	0.0278948
970.259	0.026735
970.393	0.0265519
970.527	0.0277117
970.661	0.0272233
970.795	0.0272233
970.929	0.0276506
971.063	0.0267961
971.197	0.0275896
971.331	0.0270402
971.465	0.0269181
971.599	0.026674
971.733	0.0271013
971.867	0.0274065
972.001	0.0277727
972.135	0.0264298
972.269	0.0275896
972.403	0.0261246
972.537	0.0269792
972.671	0.0275896
972.805	0.0272233
972.939	0.0277117
973.073	0.0274675
973.207	0.0271013
973.341	0.0272233
973.475	0.0273454
973.609	0.0274675
973.743	0.0265519
973.877	0.0275896
974.011	0.0272233
974.145	0.0279558
974.279	0.0268571
974.413	0.0268571
974.547	0.0273454
974.681	0.0278337
974.815	0.0265519
974.949	0.0267961
975.083	0.026613
975.217	0.0275285
975.351	0.0278948
975.485	0.0273454
975.619	0.0267961
975.753	0.0276506
975.887	0.0271013
976.021	0.0277727
976.155	0.0274675
976.289	0.0272844
976.423	0.0271623
976.557	0.0270402
976.691	0.0275896
976.825	0.0269181
976.959	0.0278948
977.093	0.026613
977.227	0.0272233
977.361	0.0269792
977.495	0.0280168
977.629	0.0276506
977.763	0.026735
977.897	0.0275285
978.031	0.0272844
978.165	0.0270402
978.299	0.0276506
978.433	0.0275285
978.567	0.0272844
978.701	0.026735
978.835	0.0272233
978.969	0.026735
979.103	0.0278337
979.237	0.0277727
979.371	0.0264909
979.505	0.0274675
979.639	0.0278337
979.773	0.0276506
979.907	0.0274675
980.041	0.0272233
980.175	0.0280779
980.308	0.0268571
980.442	0.0269792
980.576	0.0270402
980.71	0.0273454
980.844	0.0277727
980.978	0.026674
981.112	0.0271013
981.246	0.0276506
981.38	0.0272844
981.514	0.0280779
981.648	0.0276506
981.782	0.0278337
981.916	0.0272233
982.05	0.0275285
982.184	0.0276506
982.318	0.0269181
982.452	0.0281389
982.586	0.0271623
982.72	0.0269792
982.854	0.0274065
982.988	0.0269792
983.122	0.0276506
983.256	0.0280779
983.39	0.0275285
983.524	0.0277117
983.658	0.0273454
983.792	0.0275285
983.926	0.0274065
984.06	0.0271013
984.194	0.0270402
984.328	0.028261
984.462	0.0271013
984.596	0.0280168
984.73	0.0274675
984.864	0.0281389
984.998	0.0275285
985.132	0.0278948
985.265	0.0272233
985.399	0.0274065
985.533	0.0274675
985.667	0.0280168
985.801	0.0264298
985.935	0.028261
986.069	0.0275896
986.203	0.0280168
986.337	0.0278948
986.471	0.0272844
986.605	0.0273454
986.739	0.0269181
986.873	0.0264298
987.007	0.0285052
987.141	0.0267961
987.275	0.0269792
987.409	0.0274675
987.543	0.0272844
987.677	0.0263078
987.811	0.0274675
987.945	0.0267961
988.079	0.0271013
988.213	0.0275285
988.347	0.0280168
988.481	0.0277727
988.614	0.0269792
988.748	0.0271013
988.882	0.0275896
989.016	0.0269792
989.15	0.0269792
989.284	0.028261
989.418	0.0278948
989.552	0.0272844
989.686	0.0272844
989.82	0.0272233
989.954	0.0278337
990.088	0.0280168
990.222	0.0274065
990.356	0.0272233
990.49	0.0280168
990.624	0.0277117
990.758	0.0273454
990.892	0.0273454
991.026	0.0275896
991.16	0.0270402
991.294	0.0275896
991.427	0.0272844
991.561	0.0272233
991.695	0.0269792
991.829	0.0267961
991.963	0.0280168
992.097	0.0270402
992.231	0.0279558
992.365	0.0270402
992.499	0.0268571
992.633	0.026674
992.767	0.0271013
992.901	0.0264909
993.035	0.0273454
993.169	0.0275896
993.303	0.0269792
993.437	0.0271623
993.571	0.0272233
993.704	0.0270402
993.838	0.0271623
993.972	0.0274065
994.106	0.0270402
994.24	0.0282
994.374	0.0274675
994.508	0.028322
994.642	0.0267961
994.776	0.0274675
994.91	0.0271013
995.044	0.0278337
995.178	0.026674
995.312	0.026674
995.446	0.0270402
995.58	0.0270402
995.714	0.0272844
995.847	0.0275285
995.981	0.0272233
996.115	0.0277117
996.249	0.0267961
996.383	0.0273454
996.517	0.0278337
996.651	0.0272233
996.785	0.0278948
996.919	0.0277727
997.053	0.0267961
997.187	0.0283831
997.321	0.0268571
997.455	0.0265519
997.589	0.0272233
997.722	0.0277117
997.856	0.0280779
997.99	0.0274065
998.124	0.0274675
998.258	0.0270402
998.392	0.0270402
998.526	0.0272844
998.66	0.0271623
998.794	0.0281389
998.928	0.0271623
999.062	0.0271623
999.196	0.0274065
999.33	0.0268571
999.464	0.026735
999.597	0.026735
999.731	0.0272233
999.865	0.0274675
999.999	0.0277117
1000.13	0.0269792
1000.27	0.0271013
1000.4	0.0271623
1000.53	0.0276506
1000.67	0.0277117
1000.8	0.0278948
1000.94	0.0271013
1001.07	0.0263688
1001.2	0.0285052
1001.34	0.0277117
1001.47	0.0274065
1001.61	0.0280779
1001.74	0.0278337
1001.87	0.0282
1002.01	0.0275285
1002.14	0.0283831
1002.28	0.0268571
1002.41	0.0272233
1002.54	0.0284441
1002.68	0.0277727
1002.81	0.0275896
1002.95	0.0274675
1003.08	0.0275896
1003.21	0.0269792
1003.35	0.0269181
1003.48	0.0275896
1003.61	0.0272844
1003.75	0.0270402
1003.88	0.0272233
1004.02	0.0272233
1004.15	0.0275896
1004.28	0.0273454
1004.42	0.0279558
1004.55	0.0261246
1004.69	0.026613
1004.82	0.0271623
1004.95	0.0271013
1005.09	0.0277727
1005.22	0.0272844
1005.36	0.0280168
1005.49	0.0277727
1005.62	0.0275285
1005.76	0.0280168
1005.89	0.0276506
1006.03	0.0262467
1006.16	0.0272233
1006.29	0.0269792
1006.43	0.0275285
1006.56	0.0272233
1006.69	0.026613
1006.83	0.0278948
1006.96	0.0278948
1007.1	0.0277117
1007.23	0.0275285
1007.36	0.026674
1007.5	0.0272233
1007.63	0.0277727
1007.77	0.0275285
1007.9	0.0272844
1008.03	0.0263688
1008.17	0.0272844
1008.3	0.0283831
1008.44	0.0281389
1008.57	0.0271623
1008.7	0.0272233
1008.84	0.0271013
1008.97	0.0284441
1009.1	0.0278337
1009.24	0.0278948
1009.37	0.0273454
1009.51	0.0274675
1009.64	0.0281389
1009.77	0.0269181
1009.91	0.0281389
1010.04	0.0274675
1010.18	0.0274675
1010.31	0.0278948
1010.44	0.0283831
1010.58	0.0278948
1010.71	0.0282
1010.85	0.0271013
1010.98	0.0273454
1011.11	0.0283831
1011.25	0.0277117
1011.38	0.0272233
1011.51	0.0273454
1011.65	0.0272844
1011.78	0.0271623
1011.92	0.0278337
1012.05	0.0285052
1012.18	0.0269181
1012.32	0.0269792
1012.45	0.0282
1012.59	0.0273454
1012.72	0.0272233
1012.85	0.028322
1012.99	0.0274675
1013.12	0.026674
1013.26	0.0274065
1013.39	0.0280168
1013.52	0.0277117
1013.66	0.0271623
1013.79	0.0276506
1013.92	0.0276506
1014.06	0.0273454
1014.19	0.0277117
1014.33	0.0280168
1014.46	0.0272233
1014.59	0.0280168
1014.73	0.0269792
1014.86	0.0278948
1015	0.0275896
1015.13	0.0264909
1015.26	0.0281389
1015.4	0.0274065
1015.53	0.0283831
1015.67	0.0270402
1015.8	0.0274675
1015.93	0.0271013
1016.07	0.0272844
1016.2	0.0271013
1016.33	0.0280168
1016.47	0.0272233
1016.6	0.0265519
1016.74	0.0270402
1016.87	0.0274675
1017	0.0274065
1017.14	0.0269181
1017.27	0.0268571
1017.41	0.0271623
1017.54	0.0277727
1017.67	0.0267961
1017.81	0.0265519
1017.94	0.0268571
1018.07	0.0262467
1018.21	0.0279558
1018.34	0.0281389
1018.48	0.0268571
1018.61	0.0273454
1018.74	0.0277117
1018.88	0.0278948
1019.01	0.0269181
1019.15	0.0278948
1019.28	0.0277117
1019.41	0.0271623
1019.55	0.0267961
1019.68	0.0277117
1019.82	0.026613
1019.95	0.0276506
1020.08	0.0275896
1020.22	0.0274065
1020.35	0.0269792
1020.48	0.0286883
1020.62	0.0269792
1020.75	0.0275896
1020.89	0.026735
1021.02	0.0270402
1021.15	0.0278948
1021.29	0.0275285
1021.42	0.026613
1021.56	0.0277117
1021.69	0.0278337
1021.82	0.0275285
1021.96	0.0275896
1022.09	0.0277117
1022.22	0.0278948
1022.36	0.0276506
1022.49	0.0272844
1022.63	0.0275285
1022.76	0.0277727
1022.89	0.0274065
1023.03	0.0267961
1023.16	0.0271013
1023.3	0.028322
1023.43	0.0274065
1023.56	0.0274675
1023.7	0.0274065
1023.83	0.0275285
1023.96	0.0274675
1024.1	0.028261
1024.23	0.0274675
1024.37	0.0280779
1024.5	0.0282
1024.63	0.0267961
1024.77	0.0274675
1024.9	0.0272233
1025.04	0.0275285
1025.17	0.0271013
1025.3	0.0275896
1025.44	0.0277727
1025.57	0.0282
1025.7	0.0277117
1025.84	0.0272844
1025.97	0.0275896
1026.11	0.0278948
1026.24	0.0280168
1026.37	0.026674
1026.51	0.0271013
1026.64	0.0274675
1026.78	0.0276506
1026.91	0.0274675
1027.04	0.0267961
1027.18	0.0267961
1027.31	0.0272844
1027.44	0.0275896
1027.58	0.0265519
1027.71	0.0269792
1027.85	0.0273454
1027.98	0.0275285
1028.11	0.0278337
1028.25	0.0274675
1028.38	0.0280168
1028.52	0.0277117
1028.65	0.0264298
1028.78	0.0278948
1028.92	0.0280168
1029.05	0.0272844
1029.18	0.0274065
1029.32	0.0269792
1029.45	0.0275285
1029.59	0.0269181
1029.72	0.0272233
1029.85	0.0277727
1029.99	0.0271013
1030.12	0.0277727
1030.26	0.0275896
1030.39	0.0274065
1030.52	0.0275896
1030.66	0.0277727
1030.79	0.0271013
1030.92	0.0275285
1031.06	0.0269792
1031.19	0.0274065
1031.33	0.0274675
1031.46	0.0271013
1031.59	0.0278948
1031.73	0.0279558
1031.86	0.0271013
1031.99	0.0274065
1032.13	0.0275896
1032.26	0.0264909
1032.4	0.0272844
1032.53	0.0274675
1032.66	0.0272233
1032.8	0.0274065
1032.93	0.0270402
1033.07	0.0271623
1033.2	0.0273454
1033.33	0.026735
1033.47	0.0278337
1033.6	0.0277117
1033.73	0.0275285
1033.87	0.0276506
1034	0.0271013
1034.14	0.0274065
1034.27	0.0273454
1034.4	0.0274065
1034.54	0.0273454
1034.67	0.0272844
1034.81	0.0264298
1034.94	0.0269181
1035.07	0.0271623
1035.21	0.0274065
1035.34	0.0277117
1035.47	0.0267961
1035.61	0.0277117
1035.74	0.0274675
1035.88	0.0274065
1036.01	0.0269792
1036.14	0.0277117
1036.28	0.0277727
1036.41	0.0271623
1036.54	0.0272844
1036.68	0.0271013
1036.81	0.0282
1036.95	0.026613
1037.08	0.0272233
1037.21	0.0275896
1037.35	0.0274675
1037.48	0.0273454
1037.62	0.0270402
1037.75	0.0274675
1037.88	0.0271013
1038.02	0.0275896
1038.15	0.0262467
1038.28	0.0277117
1038.42	0.0286883
1038.55	0.028322
1038.69	0.0270402
1038.82	0.0269181
1038.95	0.0273454
1039.09	0.0279558
1039.22	0.0269181
1039.35	0.0277117
1039.49	0.0270402
1039.62	0.0275285
1039.76	0.0272844
1039.89	0.0271013
1040.02	0.0271623
1040.16	0.0271013
1040.29	0.0273454
1040.43	0.0272844
1040.56	0.0272844
1040.69	0.0275896
1040.83	0.0269181
1040.96	0.0279558
1041.09	0.0278948
1041.23	0.0271013
1041.36	0.0276506
1041.5	0.0268571
1041.63	0.0265519
1041.76	0.0271623
1041.9	0.0277727
1042.03	0.0270402
1042.16	0.0274675
1042.3	0.0277117
1042.43	0.0284441
1042.57	0.0270402
1042.7	0.0275896
1042.83	0.0268571
1042.97	0.0272844
1043.1	0.0275896
1043.23	0.0271013
1043.37	0.0274065
1043.5	0.0272233
1043.64	0.0269181
1043.77	0.0276506
1043.9	0.0278337
1044.04	0.0270402
1044.17	0.0282
1044.31	0.0271623
1044.44	0.0274065
1044.57	0.0277727
1044.71	0.0272844
1044.84	0.0272844
1044.97	0.0274065
1045.11	0.0273454
1045.24	0.0272233
1045.38	0.026735
1045.51	0.0274065
1045.64	0.0277117
1045.78	0.0276506
1045.91	0.0275285
1046.04	0.0272844
1046.18	0.0267961
1046.31	0.0271623
1046.45	0.0281389
1046.58	0.0271013
1046.71	0.0277727
1046.85	0.0275285
1046.98	0.0275896
1047.11	0.0271013
1047.25	0.0272844
1047.38	0.0268571
1047.52	0.0277117
1047.65	0.0275285
1047.78	0.0278337
1047.92	0.0277727
1048.05	0.0274065
1048.18	0.0280779
1048.32	0.0263078
1048.45	0.0274065
1048.59	0.0277117
1048.72	0.0275285
1048.85	0.026613
1048.99	0.0272233
1049.12	0.0270402
1049.25	0.0275896
1049.39	0.0277727
1049.52	0.0274065
1049.66	0.0277727
1049.79	0.0276506
1049.92	0.0276506
1050.06	0.0278337
1050.19	0.0274675
1050.33	0.0272844
1050.46	0.0277117
1050.59	0.0271013
1050.73	0.0277727
1050.86	0.0271013
1050.99	0.0281389
1051.13	0.0278337
1051.26	0.0273454
1051.4	0.0274675
1051.53	0.0272233
1051.66	0.0274065
1051.8	0.0273454
1051.93	0.0276506
1052.06	0.0271623
1052.2	0.0281389
1052.33	0.0274065
1052.47	0.0281389
1052.6	0.0283831
1052.73	0.0270402
1052.87	0.0271013
1053	0.0268571
1053.13	0.0274065
1053.27	0.0280779
1053.4	0.0273454
1053.54	0.0273454
1053.67	0.0272233
1053.8	0.0271013
1053.94	0.0285052
1054.07	0.0275285
1054.2	0.0277117
1054.34	0.0261857
1054.47	0.0270402
1054.61	0.0283831
1054.74	0.0275285
1054.87	0.0271623
1055.01	0.0277727
1055.14	0.0280779
1055.27	0.0279558
1055.41	0.0274065
1055.54	0.0278337
1055.68	0.0282
1055.81	0.0265519
1055.94	0.028261
1056.08	0.0274065
1056.21	0.0275285
1056.34	0.0272844
1056.48	0.0278337
1056.61	0.0277117
1056.75	0.0273454
1056.88	0.0271013
1057.01	0.0274065
1057.15	0.0270402
1057.28	0.0275285
1057.41	0.0275285
1057.55	0.0273454
1057.68	0.0273454
1057.82	0.0275285
1057.95	0.0267961
1058.08	0.0282
1058.22	0.0276506
1058.35	0.0271013
1058.48	0.0272844
1058.62	0.0268571
1058.75	0.0282
1058.89	0.0271013
1059.02	0.0271623
1059.15	0.0272233
1059.29	0.0274065
1059.42	0.0272233
1059.55	0.0269792
1059.69	0.026613
1059.82	0.0274065
1059.96	0.0270402
1060.09	0.0275896
1060.22	0.0278337
1060.36	0.0272233
1060.49	0.0278948
1060.62	0.0278948
1060.76	0.0269792
1060.89	0.0275896
1061.03	0.0275285
1061.16	0.0273454
1061.29	0.0276506
1061.43	0.0275896
1061.56	0.0270402
1061.69	0.026674
1061.83	0.0272233
1061.96	0.0275896
1062.1	0.0277727
1062.23	0.0272233
1062.36	0.0272233
1062.5	0.0288104
1062.63	0.0272844
1062.76	0.0274065
1062.9	0.0271623
1063.03	0.0275896
1063.17	0.0280779
1063.3	0.0277727
1063.43	0.0277117
1063.57	0.0274065
1063.7	0.0264909
1063.83	0.0272844
1063.97	0.0272233
1064.1	0.0275285
1064.23	0.0274065
1064.37	0.0280779
1064.5	0.0272844
1064.64	0.0281389
1064.77	0.0274065
1064.9	0.0271623
1065.04	0.0269792
1065.17	0.0268571
1065.3	0.0269181
1065.44	0.0275896
1065.57	0.0278948
1065.71	0.0271013
1065.84	0.0273454
1065.97	0.0267961
1066.11	0.0270402
1066.24	0.0286272
1066.37	0.0272844
1066.51	0.0277117
1066.64	0.0272233
1066.78	0.0280168
1066.91	0.0276506
1067.04	0.0272844
1067.18	0.0278337
1067.31	0.0271013
1067.44	0.0269792
1067.58	0.0273454
1067.71	0.0272844
1067.85	0.0267961
1067.98	0.0276506
1068.11	0.028322
1068.25	0.0268571
1068.38	0.0284441
1068.51	0.0279558
1068.65	0.0280168
1068.78	0.0275285
1068.92	0.0281389
1069.05	0.0275285
1069.18	0.0273454
1069.32	0.0282
1069.45	0.0268571
1069.58	0.0280168
1069.72	0.0275896
1069.85	0.0275896
1069.98	0.0278948
1070.12	0.0272233
1070.25	0.0277117
1070.39	0.0276506
1070.52	0.0273454
1070.65	0.0278948
1070.79	0.0269792
1070.92	0.0274065
1071.05	0.0276506
1071.19	0.0271623
1071.32	0.0275896
1071.46	0.0277727
1071.59	0.0268571
1071.72	0.0275896
1071.86	0.0280168
1071.99	0.0276506
1072.12	0.0271623
1072.26	0.0279558
1072.39	0.0274065
1072.53	0.0269181
1072.66	0.026613
1072.79	0.0271013
1072.93	0.0278337
1073.06	0.0278337
1073.19	0.0274675
1073.33	0.0275285
1073.46	0.0271623
1073.59	0.0269181
1073.73	0.0276506
1073.86	0.0269792
1074	0.0270402
1074.13	0.0273454
1074.26	0.0275896
1074.4	0.0275896
1074.53	0.0280168
1074.66	0.0269181
1074.8	0.0273454
1074.93	0.0270402
1075.07	0.0277727
1075.2	0.0274675
1075.33	0.0269792
1075.47	0.0272233
1075.6	0.0272233
1075.73	0.0271623
1075.87	0.0271013
1076	0.0271623
1076.14	0.0276506
1076.27	0.0269792
1076.4	0.0278337
1076.54	0.0271013
1076.67	0.0267961
1076.8	0.0282
1076.94	0.0273454
1077.07	0.0269181
1077.2	0.0279558
1077.34	0.0280168
1077.47	0.0271623
1077.61	0.0273454
1077.74	0.0277727
1077.87	0.0278948
1078.01	0.0275285
1078.14	0.0280168
1078.27	0.0275896
1078.41	0.0274065
1078.54	0.0269181
1078.68	0.0272233
1078.81	0.0280168
1078.94	0.0271623
1079.08	0.0275896
1079.21	0.0271623
1079.34	0.0272844
1079.48	0.0269792
1079.61	0.0271623
1079.74	0.0279558
1079.88	0.0269181
1080.01	0.0272233
1080.15	0.0269792
1080.28	0.0273454
1080.41	0.0271623
1080.55	0.0275896
1080.68	0.0278337
1080.81	0.0277727
1080.95	0.0274675
1081.08	0.028261
1081.22	0.0272233
1081.35	0.0273454
1081.48	0.0270402
1081.62	0.0275285
1081.75	0.028261
1081.88	0.0275896
1082.02	0.0274065
1082.15	0.0276506
1082.28	0.0272844
1082.42	0.0273454
1082.55	0.0264298
1082.69	0.0277117
1082.82	0.0275285
1082.95	0.0267961
1083.09	0.0265519
1083.22	0.0274065
1083.35	0.0273454
1083.49	0.0271013
1083.62	0.0273454
1083.75	0.0272233
1083.89	0.0272233
1084.02	0.0274675
1084.16	0.0274065
1084.29	0.028261
1084.42	0.0278337
1084.56	0.0282
1084.69	0.0282
1084.82	0.0270402
1084.96	0.0275285
1085.09	0.0269792
1085.23	0.0269792
1085.36	0.0275896
1085.49	0.0271623
1085.63	0.0276506
1085.76	0.0269792
1085.89	0.0277117
1086.03	0.0270402
1086.16	0.0272844
1086.29	0.0275896
1086.43	0.0273454
1086.56	0.0269181
1086.7	0.0274675
1086.83	0.0270402
1086.96	0.026674
1087.1	0.0280168
1087.23	0.0277727
1087.36	0.0276506
1087.5	0.0272844
1087.63	0.0275896
1087.76	0.0275285
1087.9	0.0273454
1088.03	0.0274675
1088.17	0.0277117
1088.3	0.0267961
1088.43	0.0273454
1088.57	0.0278948
1088.7	0.0272233
1088.83	0.0276506
1088.97	0.0277727
1089.1	0.0268571
1089.24	0.0271013
1089.37	0.0268571
1089.5	0.0265519
1089.64	0.0279558
1089.77	0.0275896
1089.9	0.0277117
1090.04	0.0282
1090.17	0.0269792
1090.3	0.0268571
1090.44	0.0278337
1090.57	0.0280168
1090.71	0.0271623
1090.84	0.026613
1090.97	0.0271623
1091.11	0.0261857
1091.24	0.0274675
1091.37	0.0274065
1091.51	0.0268571
1091.64	0.0275285
1091.77	0.0270402
1091.91	0.0288714
1092.04	0.0276506
1092.18	0.026674
1092.31	0.0280168
1092.44	0.0278948
1092.58	0.0274675
1092.71	0.0278337
1092.84	0.0268571
1092.98	0.0280168
1093.11	0.0271623
1093.24	0.0273454
1093.38	0.0267961
1093.51	0.0288714
1093.65	0.0272844
1093.78	0.0276506
1093.91	0.026735
1094.05	0.0276506
1094.18	0.0275285
1094.31	0.028261
1094.45	0.0273454
1094.58	0.0272233
1094.71	0.0269181
1094.85	0.0276506
1094.98	0.0274065
1095.12	0.0272844
1095.25	0.0272233
1095.38	0.0274065
1095.52	0.0274065
1095.65	0.0273454
1095.78	0.0280779
1095.92	0.0277727
1096.05	0.026674
1096.18	0.0272233
1096.32	0.0272844
1096.45	0.0277727
1096.59	0.026735
1096.72	0.0264909
1096.85	0.0280779
1096.99	0.0269181
1097.12	0.0272844
1097.25	0.0272233
1097.39	0.0270402
1097.52	0.0275285
1097.65	0.0272233
1097.79	0.0277117
1097.92	0.026735
1098.06	0.0275285
1098.19	0.0269792
1098.32	0.026674
1098.46	0.0273454
1098.59	0.026735
1098.72	0.0271013
1098.86	0.0275896
1098.99	0.0271013
1099.12	0.0288714
1099.26	0.0267961
1099.39	0.0279558
1099.53	0.0281389
1099.66	0.0274065
1099.79	0.0277727
1099.93	0.0280779
1100.06	0.0269792
1100.19	0.026674
1100.33	0.0271013
1100.46	0.0271013
1100.59	0.0273454
1100.73	0.0273454
1100.86	0.0268571
1100.99	0.0269181
1101.13	0.026735
1101.26	0.0278948
1101.4	0.0274065
1101.53	0.0276506
1101.66	0.0274065
1101.8	0.0280168
1101.93	0.0271013
1102.06	0.0269181
1102.2	0.0260026
1102.33	0.026735
1102.46	0.0277727
1102.6	0.0273454
1102.73	0.0278948
1102.87	0.0271013
1103	0.0274065
1103.13	0.0277117
1103.27	0.0277727
1103.4	0.0272844
1103.53	0.0277727
1103.67	0.0278948
1103.8	0.0276506
1103.93	0.0275896
1104.07	0.0281389
1104.2	0.0275896
1104.34	0.0276506
1104.47	0.0274065
1104.6	0.026674
1104.74	0.0280779
1104.87	0.0269792
1105	0.0267961
1105.14	0.0270402
1105.27	0.0274065
1105.4	0.0272233
1105.54	0.0275285
1105.67	0.0275896
1105.8	0.0280168
1105.94	0.0264909
1106.07	0.0273454
1106.21	0.0275285
1106.34	0.0264298
1106.47	0.0273454
1106.61	0.0276506
1106.74	0.0273454
1106.87	0.0268571
1107.01	0.0272233
1107.14	0.0282
1107.27	0.0284441
1107.41	0.026735
1107.54	0.0274675

