Source: Spectrum Viewer

Chart: Pulse Spectrum

Series: 
Wavelength (nm)	S (a.u.)
617.638	0.0261857
617.773	0.0280779
617.908	0.0286272
618.043	0.0277117
618.178	0.0272233
618.313	0.0274675
618.448	0.0271013
618.583	0.0272233
618.718	0.0277117
618.853	0.026735
618.988	0.0274675
619.123	0.0280779
619.258	0.0264909
619.394	0.026674
619.529	0.0275285
619.664	0.0272233
619.799	0.0274675
619.934	0.0272233
620.069	0.026674
620.204	0.0275896
620.339	0.0285052
620.474	0.0276506
620.609	0.0269792
620.744	0.0276506
620.879	0.0275285
621.014	0.0278948
621.149	0.0270402
621.284	0.0275896
621.419	0.0274065
621.554	0.0278948
621.689	0.0276506
621.825	0.0277117
621.96	0.0280168
622.095	0.0275285
622.23	0.0280779
622.365	0.0271013
622.5	0.0272233
622.635	0.0277727
622.77	0.028261
622.905	0.0274675
623.04	0.0275285
623.175	0.0263688
623.31	0.0272233
623.445	0.0275896
623.58	0.0275285
623.715	0.0265519
623.85	0.0278337
623.985	0.0267961
624.12	0.0269792
624.255	0.0275896
624.39	0.0269792
624.525	0.0278948
624.661	0.0264909
624.796	0.0274675
624.931	0.0275896
625.066	0.0278337
625.201	0.026674
625.336	0.0277117
625.471	0.0269181
625.606	0.0278337
625.741	0.0273454
625.876	0.0267961
626.011	0.028322
626.146	0.026613
626.281	0.0277727
626.416	0.0278948
626.551	0.0269792
626.686	0.0275285
626.821	0.0272233
626.956	0.0272233
627.091	0.0275285
627.226	0.028261
627.361	0.0274675
627.496	0.0270402
627.631	0.0282
627.766	0.0272233
627.901	0.0272844
628.036	0.0275896
628.171	0.0271623
628.307	0.0279558
628.442	0.026674
628.577	0.0263688
628.712	0.0268571
628.847	0.0271623
628.982	0.0279558
629.117	0.0278948
629.252	0.028261
629.387	0.0280779
629.522	0.0267961
629.657	0.0276506
629.792	0.026613
629.927	0.0279558
630.062	0.0272844
630.197	0.0279558
630.332	0.0271623
630.467	0.0272233
630.602	0.0279558
630.737	0.0276506
630.872	0.0280168
631.007	0.0273454
631.142	0.0271623
631.277	0.0273454
631.412	0.0270402
631.547	0.0272844
631.682	0.0276506
631.817	0.0268571
631.952	0.026735
632.087	0.0277117
632.222	0.0277727
632.357	0.0277117
632.492	0.0274065
632.627	0.0272844
632.762	0.0280168
632.897	0.0278337
633.032	0.0261857
633.167	0.0274675
633.302	0.0277117
633.437	0.0274065
633.572	0.0272233
633.707	0.0272844
633.842	0.0280168
633.978	0.0274065
634.113	0.0269792
634.248	0.0269181
634.383	0.0280168
634.518	0.0272844
634.653	0.0271013
634.788	0.0275896
634.923	0.0274675
635.058	0.0278948
635.193	0.0280168
635.328	0.0275285
635.463	0.0270402
635.598	0.026735
635.733	0.0275896
635.868	0.0267961
636.003	0.0277117
636.138	0.0276506
636.273	0.0277727
636.408	0.0271623
636.543	0.0281389
636.678	0.0271623
636.813	0.0271013
636.948	0.026613
637.083	0.0277117
637.218	0.0271013
637.353	0.0280168
637.488	0.0270402
637.623	0.0280168
637.758	0.0272844
637.893	0.0276506
638.028	0.0277727
638.163	0.0277117
638.298	0.0270402
638.433	0.0271623
638.568	0.0271623
638.703	0.0280168
638.838	0.0269181
638.973	0.0281389
639.108	0.0276506
639.243	0.0272233
639.378	0.0274675
639.513	0.0282
639.648	0.0268571
639.783	0.0274675
639.918	0.0273454
640.053	0.0278948
640.188	0.0271623
640.323	0.0273454
640.458	0.0276506
640.593	0.0274065
640.728	0.026735
640.863	0.0270402
640.998	0.0275285
641.133	0.0274675
641.268	0.0273454
641.403	0.0274675
641.538	0.0283831
641.673	0.0280168
641.808	0.0271623
641.943	0.028322
642.078	0.0277117
642.213	0.0273454
642.348	0.026613
642.483	0.0275896
642.618	0.0274065
642.753	0.0274675
642.888	0.0274675
643.023	0.0280168
643.158	0.026735
643.293	0.0284441
643.428	0.0272844
643.563	0.0269792
643.698	0.0272844
643.833	0.0264909
643.968	0.0269181
644.103	0.0271623
644.237	0.0280168
644.372	0.0269792
644.507	0.0275896
644.642	0.0272233
644.777	0.0276506
644.912	0.0280779
645.047	0.026735
645.182	0.0269792
645.317	0.0274675
645.452	0.0272233
645.587	0.0281389
645.722	0.0272233
645.857	0.0276506
645.992	0.0271623
646.127	0.0269792
646.262	0.028322
646.397	0.0272844
646.532	0.0261857
646.667	0.0276506
646.802	0.0275285
646.937	0.0269792
647.072	0.0278948
647.207	0.0275896
647.342	0.0275285
647.477	0.0268571
647.612	0.0279558
647.747	0.0272844
647.882	0.0267961
648.017	0.0270402
648.152	0.0277727
648.287	0.0273454
648.422	0.0275285
648.557	0.0272844
648.692	0.0282
648.827	0.0267961
648.962	0.0271623
649.097	0.0281389
649.232	0.028322
649.367	0.0276506
649.502	0.0280168
649.637	0.0274675
649.772	0.0272844
649.906	0.0275285
650.041	0.0275285
650.176	0.026674
650.311	0.0277117
650.446	0.0271013
650.581	0.0273454
650.716	0.028322
650.851	0.0271013
650.986	0.0283831
651.121	0.026674
651.256	0.0269792
651.391	0.0279558
651.526	0.0275285
651.661	0.0276506
651.796	0.0277117
651.931	0.0277117
652.066	0.0270402
652.201	0.0279558
652.336	0.0273454
652.471	0.0279558
652.606	0.0272844
652.741	0.0270402
652.876	0.0276506
653.011	0.028261
653.146	0.0277727
653.281	0.0274675
653.415	0.026674
653.55	0.0274675
653.685	0.0274675
653.82	0.0274675
653.955	0.0278948
654.09	0.026735
654.225	0.0271013
654.36	0.0271623
654.495	0.0279558
654.63	0.0275896
654.765	0.0270402
654.9	0.0269792
655.035	0.0275285
655.17	0.026735
655.305	0.0279558
655.44	0.0274065
655.575	0.0270402
655.71	0.0275896
655.845	0.0272233
655.98	0.0278337
656.115	0.0269792
656.25	0.0275285
656.384	0.0275285
656.519	0.0278337
656.654	0.0264298
656.789	0.0278337
656.924	0.026735
657.059	0.0281389
657.194	0.0261857
657.329	0.0281389
657.464	0.0271013
657.599	0.0268571
657.734	0.0274675
657.869	0.0277117
658.004	0.0268571
658.139	0.026613
658.274	0.0274675
658.409	0.026674
658.544	0.0268571
658.679	0.0275285
658.813	0.0284441
658.948	0.0272233
659.083	0.0277117
659.218	0.0277117
659.353	0.0274065
659.488	0.0269181
659.623	0.0269181
659.758	0.0271623
659.893	0.0277117
660.028	0.0268571
660.163	0.0278948
660.298	0.0274065
660.433	0.0277117
660.568	0.0277117
660.703	0.0272844
660.838	0.0275896
660.972	0.0271623
661.107	0.0276506
661.242	0.0272844
661.377	0.028261
661.512	0.0277117
661.647	0.0272233
661.782	0.0272844
661.917	0.0280168
662.052	0.026735
662.187	0.0269792
662.322	0.0276506
662.457	0.0277117
662.592	0.0270402
662.727	0.0276506
662.862	0.0272233
662.996	0.0272844
663.131	0.0268571
663.266	0.0269792
663.401	0.0274065
663.536	0.0270402
663.671	0.0277117
663.806	0.0272844
663.941	0.0274065
664.076	0.0268571
664.211	0.0274675
664.346	0.0285052
664.481	0.026674
664.616	0.0272844
664.75	0.0279558
664.885	0.0269181
665.02	0.0277727
665.155	0.0277117
665.29	0.0262467
665.425	0.0279558
665.56	0.0278337
665.695	0.0278948
665.83	0.0270402
665.965	0.0267961
666.1	0.0269792
666.235	0.0278337
666.37	0.0275285
666.504	0.0269181
666.639	0.0277117
666.774	0.0278948
666.909	0.028261
667.044	0.0275896
667.179	0.026735
667.314	0.0277727
667.449	0.0273454
667.584	0.0271013
667.719	0.0274065
667.854	0.0262467
667.989	0.0279558
668.123	0.0285052
668.258	0.0286883
668.393	0.0280168
668.528	0.0273454
668.663	0.0272233
668.798	0.0279558
668.933	0.0275285
669.068	0.0278337
669.203	0.0264909
669.338	0.0273454
669.473	0.0279558
669.607	0.026613
669.742	0.026674
669.877	0.0274065
670.012	0.0272233
670.147	0.0269181
670.282	0.0275285
670.417	0.0273454
670.552	0.0273454
670.687	0.0270402
670.822	0.0271623
670.957	0.0273454
671.091	0.0282
671.226	0.0274065
671.361	0.0276506
671.496	0.0275896
671.631	0.0277117
671.766	0.026613
671.901	0.0275896
672.036	0.0274065
672.171	0.0265519
672.306	0.0275285
672.44	0.0272844
672.575	0.0280779
672.71	0.028261
672.845	0.0269181
672.98	0.0280779
673.115	0.0271013
673.25	0.0274675
673.385	0.0269181
673.52	0.0276506
673.655	0.0277117
673.789	0.0272844
673.924	0.028322
674.059	0.0272233
674.194	0.0276506
674.329	0.0269792
674.464	0.026735
674.599	0.0275896
674.734	0.0275285
674.869	0.0269181
675.003	0.0261857
675.138	0.0270402
675.273	0.0275896
675.408	0.0278948
675.543	0.026735
675.678	0.0275285
675.813	0.0273454
675.948	0.026674
676.083	0.0278948
676.217	0.026674
676.352	0.028261
676.487	0.0279558
676.622	0.0273454
676.757	0.026735
676.892	0.0281389
677.027	0.0263078
677.162	0.0273454
677.297	0.0272233
677.431	0.0278337
677.566	0.0270402
677.701	0.0269792
677.836	0.0273454
677.971	0.0275285
678.106	0.0280779
678.241	0.0272233
678.376	0.0277117
678.511	0.026613
678.645	0.0271013
678.78	0.0277117
678.915	0.0281389
679.05	0.0272844
679.185	0.0275285
679.32	0.0275285
679.455	0.0273454
679.59	0.0267961
679.724	0.0271623
679.859	0.0285052
679.994	0.0268571
680.129	0.0279558
680.264	0.0272233
680.399	0.0274675
680.534	0.0274675
680.669	0.0271013
680.803	0.0269792
680.938	0.026613
681.073	0.0275285
681.208	0.0273454
681.343	0.0267961
681.478	0.026735
681.613	0.0272233
681.748	0.0282
681.882	0.0280168
682.017	0.026735
682.152	0.026674
682.287	0.0271623
682.422	0.0271623
682.557	0.0275285
682.692	0.0277727
682.827	0.0274065
682.961	0.0274065
683.096	0.026674
683.231	0.028261
683.366	0.0278337
683.501	0.026735
683.636	0.0272233
683.771	0.0277117
683.906	0.0272844
684.04	0.0264909
684.175	0.026735
684.31	0.028261
684.445	0.0273454
684.58	0.0279558
684.715	0.0277117
684.85	0.0278337
684.984	0.0273454
685.119	0.0285662
685.254	0.0272844
685.389	0.0277117
685.524	0.0271623
685.659	0.0275285
685.794	0.0272844
685.928	0.0275285
686.063	0.0283831
686.198	0.0278948
686.333	0.0272844
686.468	0.0271013
686.603	0.0280168
686.738	0.0269181
686.872	0.0275285
687.007	0.0268571
687.142	0.0274675
687.277	0.0269181
687.412	0.0272233
687.547	0.0274675
687.682	0.0276506
687.816	0.0269792
687.951	0.0277117
688.086	0.0272233
688.221	0.0280168
688.356	0.0276506
688.491	0.0275896
688.626	0.0277117
688.76	0.0272844
688.895	0.0278337
689.03	0.0273454
689.165	0.0275285
689.3	0.0270402
689.435	0.026735
689.57	0.0271013
689.704	0.0278337
689.839	0.0275896
689.974	0.0275285
690.109	0.0275896
690.244	0.0277117
690.379	0.0282
690.513	0.0285052
690.648	0.0268571
690.783	0.0271013
690.918	0.0268571
691.053	0.0276506
691.188	0.0276506
691.323	0.0277727
691.457	0.0271013
691.592	0.0277727
691.727	0.0274675
691.862	0.0276506
691.997	0.0274065
692.132	0.0269181
692.266	0.0277117
692.401	0.0275285
692.536	0.0274675
692.671	0.0274675
692.806	0.0267961
692.941	0.0268571
693.075	0.0277727
693.21	0.0281389
693.345	0.0269792
693.48	0.0275896
693.615	0.0263688
693.75	0.0275285
693.885	0.0274675
694.019	0.0278337
694.154	0.0280168
694.289	0.0269181
694.424	0.0278948
694.559	0.0271623
694.694	0.0272844
694.828	0.0274675
694.963	0.0275285
695.098	0.0275285
695.233	0.0273454
695.368	0.026674
695.503	0.0270402
695.637	0.0280779
695.772	0.0274675
695.907	0.0273454
696.042	0.0273454
696.177	0.0275896
696.312	0.0276506
696.446	0.0276506
696.581	0.0273454
696.716	0.0278948
696.851	0.0277727
696.986	0.026735
697.12	0.026613
697.255	0.0273454
697.39	0.0269792
697.525	0.0271623
697.66	0.0275896
697.795	0.026735
697.929	0.0279558
698.064	0.0265519
698.199	0.0279558
698.334	0.0271013
698.469	0.0272233
698.604	0.0275285
698.738	0.0278337
698.873	0.0276506
699.008	0.0274065
699.143	0.0279558
699.278	0.0271013
699.412	0.0271623
699.547	0.0271623
699.682	0.0279558
699.817	0.0267961
699.952	0.0271013
700.087	0.0272233
700.221	0.0277727
700.356	0.0269792
700.491	0.0272233
700.626	0.026613
700.761	0.0276506
700.895	0.0277727
701.03	0.0278337
701.165	0.0272844
701.3	0.026735
701.435	0.0277117
701.57	0.0272844
701.704	0.0271013
701.839	0.0277117
701.974	0.0280168
702.109	0.0271623
702.244	0.026613
702.378	0.0276506
702.513	0.0283831
702.648	0.0276506
702.783	0.0276506
702.918	0.0277727
703.052	0.0271623
703.187	0.0269181
703.322	0.0273454
703.457	0.0272844
703.592	0.0272233
703.727	0.0276506
703.861	0.0269181
703.996	0.0272233
704.131	0.0263078
704.266	0.0274675
704.401	0.0274675
704.535	0.0261857
704.67	0.0274675
704.805	0.0274675
704.94	0.0278948
705.075	0.0274065
705.209	0.026674
705.344	0.0272233
705.479	0.0275896
705.614	0.0264298
705.749	0.026735
705.883	0.0275896
706.018	0.0273454
706.153	0.0271623
706.288	0.0264909
706.423	0.0275285
706.557	0.0274675
706.692	0.0271623
706.827	0.0275896
706.962	0.0267961
707.097	0.0270402
707.231	0.0278948
707.366	0.0274065
707.501	0.0269792
707.636	0.0274675
707.771	0.0277117
707.905	0.0267961
708.04	0.0275896
708.175	0.0282
708.31	0.0271013
708.445	0.0277117
708.579	0.0269792
708.714	0.0274065
708.849	0.0277117
708.984	0.0271013
709.118	0.0269181
709.253	0.0273454
709.388	0.0276506
709.523	0.0280168
709.658	0.0279558
709.792	0.0267961
709.927	0.0275285
710.062	0.0267961
710.197	0.026735
710.332	0.0269181
710.466	0.0285052
710.601	0.0269792
710.736	0.0280168
710.871	0.0270402
711.006	0.0276506
711.14	0.0277727
711.275	0.0276506
711.41	0.0271013
711.545	0.0269792
711.679	0.0277117
711.814	0.0278337
711.949	0.0272233
712.084	0.0281389
712.219	0.0274065
712.353	0.0274065
712.488	0.0264909
712.623	0.0280168
712.758	0.0281389
712.892	0.0273454
713.027	0.0269181
713.162	0.0277727
713.297	0.0271623
713.432	0.0270402
713.566	0.026613
713.701	0.0276506
713.836	0.0277117
713.971	0.0271623
714.105	0.0278337
714.24	0.0280779
714.375	0.0274675
714.51	0.0272233
714.645	0.0277727
714.779	0.0269792
714.914	0.0271623
715.049	0.0278337
715.184	0.028261
715.318	0.0277117
715.453	0.028261
715.588	0.0272233
715.723	0.0286272
715.858	0.0273454
715.992	0.0268571
716.127	0.0272233
716.262	0.0275285
716.397	0.0272233
716.531	0.0271013
716.666	0.0277117
716.801	0.0267961
716.936	0.0271013
717.07	0.0273454
717.205	0.0277117
717.34	0.0272233
717.475	0.0279558
717.61	0.0269792
717.744	0.0276506
717.879	0.0275896
718.014	0.0280168
718.149	0.0275896
718.283	0.0270402
718.418	0.0271013
718.553	0.0273454
718.688	0.0278948
718.822	0.0264909
718.957	0.0274675
719.092	0.0283831
719.227	0.0280168
719.361	0.0270402
719.496	0.0271623
719.631	0.0271623
719.766	0.0272233
719.9	0.0271013
720.035	0.0275896
720.17	0.0279558
720.305	0.0269792
720.44	0.0263078
720.574	0.026613
720.709	0.0280779
720.844	0.0277117
720.979	0.0275896
721.113	0.0279558
721.248	0.0274065
721.383	0.026735
721.518	0.0277117
721.652	0.026613
721.787	0.0271623
721.922	0.0278337
722.057	0.0271013
722.191	0.0267961
722.326	0.0272844
722.461	0.026613
722.596	0.0279558
722.73	0.0271013
722.865	0.0264909
723	0.0274065
723.135	0.0272233
723.269	0.0275285
723.404	0.0275896
723.539	0.0269792
723.674	0.0263688
723.808	0.0270402
723.943	0.0271623
724.078	0.0272233
724.213	0.0272233
724.347	0.0280168
724.482	0.0278337
724.617	0.0276506
724.752	0.0276506
724.886	0.0275896
725.021	0.0279558
725.156	0.0277117
725.291	0.0277117
725.425	0.0272233
725.56	0.026613
725.695	0.0275896
725.829	0.0270402
725.964	0.0275896
726.099	0.0274065
726.234	0.0281389
726.368	0.0281389
726.503	0.0269181
726.638	0.0272233
726.773	0.0273454
726.907	0.0281389
727.042	0.0275285
727.177	0.0267961
727.312	0.0278948
727.446	0.0281389
727.581	0.0270402
727.716	0.0271013
727.851	0.0272844
727.985	0.0261246
728.12	0.0277117
728.255	0.0273454
728.389	0.0265519
728.524	0.0273454
728.659	0.0275285
728.794	0.0270402
728.928	0.0278948
729.063	0.0277727
729.198	0.0277727
729.333	0.0274675
729.467	0.0275285
729.602	0.0274675
729.737	0.0281389
729.872	0.0268571
730.006	0.028322
730.141	0.0278948
730.276	0.0271623
730.41	0.0272844
730.545	0.0274675
730.68	0.0272844
730.815	0.0282
730.949	0.0270402
731.084	0.0268571
731.219	0.0277117
731.354	0.0273454
731.488	0.0271623
731.623	0.0274675
731.758	0.0274675
731.892	0.0274675
732.027	0.0278948
732.162	0.0267961
732.297	0.0269792
732.431	0.0276506
732.566	0.0275896
732.701	0.0269181
732.835	0.0278948
732.97	0.0273454
733.105	0.0276506
733.24	0.0273454
733.374	0.0274065
733.509	0.0274065
733.644	0.0274675
733.779	0.0275896
733.913	0.0282
734.048	0.0267961
734.183	0.0272844
734.317	0.0271623
734.452	0.0272844
734.587	0.0278948
734.722	0.0280168
734.856	0.0270402
734.991	0.0279558
735.126	0.0275285
735.26	0.0271013
735.395	0.0271623
735.53	0.0282
735.665	0.0275896
735.799	0.0270402
735.934	0.0270402
736.069	0.0269181
736.203	0.0271623
736.338	0.0278337
736.473	0.0271623
736.607	0.0273454
736.742	0.0275285
736.877	0.0278948
737.012	0.0275896
737.146	0.0280168
737.281	0.0274065
737.416	0.0275896
737.55	0.0282
737.685	0.0264909
737.82	0.0272233
737.955	0.026735
738.089	0.0275896
738.224	0.0269792
738.359	0.0280168
738.493	0.0275285
738.628	0.026674
738.763	0.0265519
738.897	0.0278337
739.032	0.026735
739.167	0.0271623
739.302	0.0274065
739.436	0.0271623
739.571	0.0270402
739.706	0.026674
739.84	0.0277727
739.975	0.0268571
740.11	0.0278948
740.244	0.0272233
740.379	0.0278337
740.514	0.0268571
740.649	0.0269792
740.783	0.0273454
740.918	0.0280779
741.053	0.0269792
741.187	0.0274065
741.322	0.0274065
741.457	0.0272233
741.591	0.0275896
741.726	0.0278337
741.861	0.0272844
741.996	0.0284441
742.13	0.0286883
742.265	0.0275896
742.4	0.0275896
742.534	0.0269792
742.669	0.0275896
742.804	0.0278337
742.938	0.0274065
743.073	0.0271013
743.208	0.0272233
743.342	0.0275896
743.477	0.0280779
743.612	0.0275896
743.747	0.0275285
743.881	0.0274675
744.016	0.0269792
744.151	0.0280168
744.285	0.0272233
744.42	0.026674
744.555	0.0278948
744.689	0.0282
744.824	0.0274065
744.959	0.0278948
745.093	0.0271013
745.228	0.0281389
745.363	0.0278337
745.497	0.0272844
745.632	0.0278948
745.767	0.0274065
745.901	0.0277727
746.036	0.0271623
746.171	0.0261246
746.305	0.028322
746.44	0.0272233
746.575	0.0275896
746.71	0.0269792
746.844	0.0277727
746.979	0.0268571
747.114	0.0274675
747.248	0.0275285
747.383	0.0278337
747.518	0.0273454
747.652	0.026613
747.787	0.0269792
747.922	0.0269181
748.056	0.0274065
748.191	0.0277117
748.326	0.0269792
748.46	0.0275285
748.595	0.026735
748.73	0.0271623
748.864	0.026735
748.999	0.0275285
749.134	0.0274675
749.268	0.0285662
749.403	0.0267961
749.538	0.0282
749.672	0.0271623
749.807	0.026674
749.942	0.0274675
750.076	0.0268571
750.211	0.0279558
750.346	0.0275285
750.48	0.0274065
750.615	0.0276506
750.75	0.0277117
750.884	0.0269181
751.019	0.0271623
751.154	0.0275896
751.288	0.0274675
751.423	0.0278337
751.558	0.0268571
751.692	0.0278337
751.827	0.0271013
751.962	0.0271013
752.096	0.0274065
752.231	0.0273454
752.366	0.0275896
752.5	0.0277117
752.635	0.0277117
752.77	0.0274065
752.904	0.0274065
753.039	0.0274675
753.174	0.0274065
753.308	0.0277727
753.443	0.0272233
753.578	0.0272233
753.712	0.0271013
753.847	0.0272844
753.982	0.0274065
754.116	0.0275896
754.251	0.0278948
754.386	0.0283831
754.52	0.0272233
754.655	0.0270402
754.79	0.0278948
754.924	0.0273454
755.059	0.0272233
755.194	0.0277117
755.328	0.0270402
755.463	0.0269792
755.597	0.0273454
755.732	0.0276506
755.867	0.0277727
756.001	0.0283831
756.136	0.0276506
756.271	0.0269181
756.405	0.0276506
756.54	0.0275896
756.675	0.0271013
756.809	0.0270402
756.944	0.0274675
757.079	0.0277727
757.213	0.0270402
757.348	0.0279558
757.483	0.0274675
757.617	0.0273454
757.752	0.0268571
757.887	0.0275285
758.021	0.0272233
758.156	0.0275896
758.29	0.0284441
758.425	0.0273454
758.56	0.0267961
758.694	0.0272844
758.829	0.0274065
758.964	0.0272233
759.098	0.0280168
759.233	0.0282
759.368	0.0271623
759.502	0.0273454
759.637	0.0275896
759.772	0.0269181
759.906	0.0269792
760.041	0.0271013
760.175	0.0280779
760.31	0.0274065
760.445	0.0279558
760.579	0.0282
760.714	0.0276506
760.849	0.0275285
760.983	0.0269181
761.118	0.0274675
761.253	0.0274675
761.387	0.0274675
761.522	0.0274675
761.656	0.0282
761.791	0.0272233
761.926	0.0277727
762.06	0.0275285
762.195	0.0273454
762.33	0.0272233
762.464	0.0271013
762.599	0.0274675
762.733	0.0277117
762.868	0.0264909
763.003	0.0275896
763.137	0.0271623
763.272	0.0276506
763.407	0.0269792
763.541	0.0281389
763.676	0.0275896
763.811	0.0269181
763.945	0.0272844
764.08	0.0278337
764.214	0.0277117
764.349	0.0272233
764.484	0.0271013
764.618	0.0270402
764.753	0.0269181
764.888	0.0280779
765.022	0.0267961
765.157	0.0271623
765.291	0.0274065
765.426	0.0273454
765.561	0.0274675
765.695	0.0275285
765.83	0.0277117
765.965	0.0263078
766.099	0.0278337
766.234	0.0277727
766.368	0.0273454
766.503	0.0275285
766.638	0.0274675
766.772	0.0275285
766.907	0.0271013
767.041	0.0277727
767.176	0.0280779
767.311	0.0285052
767.445	0.0274675
767.58	0.0281389
767.715	0.0272233
767.849	0.0277727
767.984	0.0279558
768.118	0.0278948
768.253	0.0265519
768.388	0.0279558
768.522	0.0278337
768.657	0.0275285
768.791	0.0283831
768.926	0.0278948
769.061	0.0272844
769.195	0.0278337
769.33	0.0277727
769.465	0.0273454
769.599	0.0277727
769.734	0.0275896
769.868	0.0275285
770.003	0.0276506
770.138	0.026674
770.272	0.0278948
770.407	0.0272233
770.541	0.0276506
770.676	0.0274065
770.811	0.026674
770.945	0.028261
771.08	0.0275896
771.214	0.0276506
771.349	0.0269181
771.484	0.0275896
771.618	0.0277117
771.753	0.0267961
771.887	0.0279558
772.022	0.0267961
772.157	0.0275896
772.291	0.0272233
772.426	0.0273454
772.56	0.026613
772.695	0.0269792
772.83	0.0278337
772.964	0.0272233
773.099	0.0260636
773.233	0.0274065
773.368	0.0272233
773.503	0.0277117
773.637	0.026613
773.772	0.0284441
773.906	0.0272844
774.041	0.0269792
774.176	0.0269792
774.31	0.0274675
774.445	0.026735
774.579	0.0277117
774.714	0.0292987
774.849	0.0275896
774.983	0.0282
775.118	0.0276506
775.252	0.0255143
775.387	0.0275285
775.522	0.0271623
775.656	0.0280779
775.791	0.0267961
775.925	0.0275896
776.06	0.0273454
776.195	0.0269181
776.329	0.0271623
776.464	0.0274675
776.598	0.0271013
776.733	0.0277727
776.868	0.0280168
777.002	0.0270402
777.137	0.0276506
777.271	0.0269181
777.406	0.0275896
777.54	0.0274675
777.675	0.0273454
777.81	0.0274065
777.944	0.0280168
778.079	0.0270402
778.213	0.0267961
778.348	0.0277117
778.483	0.0278337
778.617	0.0271623
778.752	0.0271013
778.886	0.0268571
779.021	0.0272233
779.155	0.0274675
779.29	0.0276506
779.425	0.0278948
779.559	0.0271623
779.694	0.0275896
779.828	0.0272844
779.963	0.0271623
780.098	0.0275285
780.232	0.0277727
780.367	0.0279558
780.501	0.0277727
780.636	0.0269792
780.77	0.0280168
780.905	0.0271013
781.04	0.0280779
781.174	0.0277727
781.309	0.0274675
781.443	0.0275896
781.578	0.0277117
781.712	0.0280168
781.847	0.026735
781.982	0.0265519
782.116	0.0275285
782.251	0.0278337
782.385	0.0274675
782.52	0.0274675
782.654	0.0275896
782.789	0.0272844
782.924	0.026674
783.058	0.0274675
783.193	0.0277727
783.327	0.0284441
783.462	0.0270402
783.596	0.0275896
783.731	0.0273454
783.866	0.0272233
784	0.0270402
784.135	0.0277117
784.269	0.0269792
784.404	0.028322
784.538	0.0268571
784.673	0.0274675
784.808	0.0276506
784.942	0.0272844
785.077	0.026613
785.211	0.0277727
785.346	0.0275896
785.48	0.0267961
785.615	0.0271623
785.75	0.0280779
785.884	0.0285052
786.019	0.0276506
786.153	0.0280779
786.288	0.0274065
786.422	0.0274675
786.557	0.0273454
786.691	0.0276506
786.826	0.0277117
786.961	0.0274065
787.095	0.0278948
787.23	0.0272844
787.364	0.0279558
787.499	0.0275896
787.633	0.0274065
787.768	0.0272844
787.902	0.0273454
788.037	0.0275896
788.172	0.0272844
788.306	0.0278337
788.441	0.0278948
788.575	0.0285052
788.71	0.0262467
788.844	0.0275896
788.979	0.0275285
789.113	0.0278948
789.248	0.0282
789.383	0.0274675
789.517	0.026735
789.652	0.0282
789.786	0.0286272
789.921	0.0279558
790.055	0.0270402
790.19	0.0263078
790.324	0.0274065
790.459	0.0277117
790.594	0.0274065
790.728	0.0275896
790.863	0.028261
790.997	0.0277727
791.132	0.0271013
791.266	0.0275896
791.401	0.0270402
791.535	0.0277117
791.67	0.0273454
791.804	0.0279558
791.939	0.0269792
792.074	0.0274675
792.208	0.0269792
792.343	0.0275285
792.477	0.0278948
792.612	0.0277117
792.746	0.0276506
792.881	0.0271013
793.015	0.0275896
793.15	0.0278337
793.284	0.0281389
793.419	0.0277117
793.553	0.0274065
793.688	0.0274065
793.823	0.0273454
793.957	0.0274065
794.092	0.0285052
794.226	0.0271623
794.361	0.0280779
794.495	0.0277727
794.63	0.0272844
794.764	0.0275285
794.899	0.0280168
795.033	0.0272844
795.168	0.0275896
795.302	0.0277117
795.437	0.0263078
795.572	0.0270402
795.706	0.0272844
795.841	0.028261
795.975	0.0272233
796.11	0.0285052
796.244	0.0278337
796.379	0.0278337
796.513	0.0276506
796.648	0.028261
796.782	0.0276506
796.917	0.028261
797.051	0.0282
797.186	0.0278948
797.32	0.0294207
797.455	0.0279558
797.589	0.0290545
797.724	0.028261
797.859	0.0274065
797.993	0.0269792
798.128	0.0274675
798.262	0.0280168
798.397	0.0283831
798.531	0.0281389
798.666	0.0269792
798.8	0.0284441
798.935	0.0287493
799.069	0.0279558
799.204	0.0277727
799.338	0.0277727
799.473	0.028261
799.607	0.0278337
799.742	0.0281389
799.876	0.028261
800.011	0.0286883
800.145	0.0286272
800.28	0.0280779
800.414	0.0285662
800.549	0.0282
800.683	0.028261
800.818	0.0285052
800.953	0.0281389
801.087	0.0286883
801.222	0.0285052
801.356	0.0278948
801.491	0.0280779
801.625	0.0294207
801.76	0.0278948
801.894	0.0288714
802.029	0.0289324
802.163	0.0289935
802.298	0.0285052
802.432	0.0288104
802.567	0.029848
802.701	0.0289324
802.836	0.0290545
802.97	0.0305194
803.105	0.0292376
803.239	0.029848
803.374	0.0305805
803.508	0.0296649
803.643	0.0295428
803.777	0.0304584
803.912	0.0291155
804.046	0.0292987
804.181	0.0307636
804.315	0.029848
804.45	0.0308857
804.584	0.0312519
804.719	0.0308246
804.853	0.0321065
804.988	0.0316181
805.122	0.0322896
805.257	0.0332052
805.391	0.0324116
805.526	0.0335103
805.66	0.0336935
805.795	0.0337545
805.929	0.034548
806.064	0.0355857
806.198	0.0363181
806.333	0.0367454
806.467	0.0380272
806.602	0.0382103
806.736	0.0407129
806.871	0.0417506
807.005	0.0435207
807.14	0.0468779
807.274	0.0484038
807.409	0.0512116
807.543	0.059635
807.678	0.0734298
807.812	0.101202
807.947	0.630593
808.081	0.628334
808.216	1
808.35	1
808.485	1
808.619	1
808.754	1
808.888	1
809.023	0.997558
809.157	1
809.292	0.992981
809.426	0.998474
809.561	0.987121
809.695	0.993591
809.83	0.978453
809.964	0.987731
810.099	0.96771
810.233	0.97766
810.368	0.953855
810.502	0.960264
810.637	0.956723
810.771	0.874199
810.906	0.356345
811.04	0.126839
811.175	0.0586584
811.309	0.0474883
811.444	0.0418116
811.578	0.0403467
811.713	0.0391259
811.847	0.0374779
811.982	0.0360129
812.116	0.0360129
812.251	0.034487
812.385	0.0357077
812.519	0.0344259
812.654	0.0333272
812.788	0.033022
812.923	0.0332662
813.057	0.033022
813.192	0.031374
813.326	0.0316181
813.461	0.0325337
813.595	0.0322896
813.73	0.0311298
813.864	0.0310078
813.999	0.0311909
814.133	0.0303974
814.268	0.0302142
814.402	0.0294818
814.537	0.0300922
814.671	0.0299701
814.806	0.029787
814.94	0.029787
815.075	0.0293597
815.209	0.0292987
815.344	0.0289935
815.478	0.0292376
815.612	0.0285052
815.747	0.0293597
815.881	0.0289324
816.016	0.0285662
816.15	0.0288104
816.285	0.0282
816.419	0.0288714
816.554	0.0289935
816.688	0.0288104
816.823	0.0294207
816.957	0.0280168
817.092	0.0285052
817.226	0.0286883
817.361	0.0288714
817.495	0.0279558
817.63	0.0287493
817.764	0.0278337
817.898	0.0285052
818.033	0.0284441
818.167	0.0275896
818.302	0.0280168
818.436	0.0274675
818.571	0.0274675
818.705	0.0282
818.84	0.0275285
818.974	0.0272233
819.109	0.0285662
819.243	0.0278948
819.378	0.0277117
819.512	0.0269792
819.646	0.0277117
819.781	0.0271013
819.915	0.0288714
820.05	0.026674
820.184	0.0282
820.319	0.0278948
820.453	0.0272844
820.588	0.0285662
820.722	0.0276506
820.857	0.0280168
820.991	0.0288714
821.126	0.0287493
821.26	0.0277727
821.394	0.0280779
821.529	0.0280779
821.663	0.0283831
821.798	0.0277117
821.932	0.0277117
822.067	0.0279558
822.201	0.0278948
822.336	0.0282
822.47	0.0272844
822.605	0.0268571
822.739	0.0275896
822.873	0.0273454
823.008	0.0280168
823.142	0.0277117
823.277	0.0271623
823.411	0.0275896
823.546	0.0275896
823.68	0.0275896
823.815	0.0276506
823.949	0.0278948
824.083	0.0275896
824.218	0.0278337
824.352	0.0275285
824.487	0.0279558
824.621	0.0272233
824.756	0.0274065
824.89	0.0278337
825.025	0.0272844
825.159	0.0273454
825.293	0.0275285
825.428	0.0275896
825.562	0.0280779
825.697	0.0280779
825.831	0.0272844
825.966	0.0272233
826.1	0.0271623
826.235	0.0280779
826.369	0.026674
826.503	0.0274065
826.638	0.0272844
826.772	0.0272233
826.907	0.0276506
827.041	0.0278337
827.176	0.0274675
827.31	0.0277727
827.445	0.0277727
827.579	0.0277727
827.713	0.0275285
827.848	0.0277727
827.982	0.0278948
828.117	0.0278337
828.251	0.028261
828.386	0.0271623
828.52	0.0274675
828.654	0.0271623
828.789	0.0279558
828.923	0.0276506
829.058	0.0268571
829.192	0.0275285
829.327	0.0277117
829.461	0.0275285
829.596	0.026674
829.73	0.0272844
829.864	0.0277727
829.999	0.0278948
830.133	0.0275896
830.268	0.0275896
830.402	0.0274675
830.537	0.0277117
830.671	0.0271623
830.805	0.0283831
830.94	0.0278337
831.074	0.0277727
831.209	0.0278948
831.343	0.0272233
831.478	0.0278948
831.612	0.028261
831.746	0.0271013
831.881	0.0273454
832.015	0.0275285
832.15	0.0277117
832.284	0.0269792
832.418	0.0271013
832.553	0.0269181
832.687	0.0272844
832.822	0.0273454
832.956	0.0277117
833.091	0.0276506
833.225	0.0272844
833.359	0.0276506
833.494	0.0263688
833.628	0.026735
833.763	0.0277727
833.897	0.0269181
834.032	0.0271623
834.166	0.0280168
834.3	0.0280168
834.435	0.0271013
834.569	0.0278337
834.704	0.0280168
834.838	0.0270402
834.972	0.0275285
835.107	0.0275285
835.241	0.0277117
835.376	0.0272233
835.51	0.0274065
835.645	0.0273454
835.779	0.0270402
835.913	0.0267961
836.048	0.0275285
836.182	0.028322
836.317	0.0277117
836.451	0.0275896
836.585	0.0278948
836.72	0.0272844
836.854	0.0271623
836.989	0.0273454
837.123	0.0271013
837.257	0.0279558
837.392	0.0280779
837.526	0.0269792
837.661	0.0276506
837.795	0.0281389
837.929	0.0278948
838.064	0.0267961
838.198	0.0271623
838.333	0.0275285
838.467	0.0276506
838.602	0.0274675
838.736	0.0272844
838.87	0.028322
839.005	0.0271623
839.139	0.0265519
839.274	0.0277727
839.408	0.0278337
839.542	0.0276506
839.677	0.0271623
839.811	0.0258805
839.946	0.028261
840.08	0.0282
840.214	0.0268571
840.349	0.0270402
840.483	0.0281389
840.618	0.0260636
840.752	0.0275896
840.886	0.0277727
841.021	0.0275285
841.155	0.0269181
841.29	0.0279558
841.424	0.0273454
841.558	0.0272233
841.693	0.0278337
841.827	0.0272844
841.961	0.0278337
842.096	0.0278337
842.23	0.0263078
842.365	0.0275285
842.499	0.0275285
842.633	0.0278337
842.768	0.0282
842.902	0.0275896
843.037	0.0278948
843.171	0.0262467
843.305	0.0272233
843.44	0.0271623
843.574	0.0272233
843.709	0.0267961
843.843	0.0272844
843.977	0.0278337
844.112	0.0275285
844.246	0.0274675
844.381	0.026674
844.515	0.0273454
844.649	0.0277117
844.784	0.0275896
844.918	0.0279558
845.052	0.0278948
845.187	0.028322
845.321	0.0273454
845.456	0.0277727
845.59	0.0274675
845.724	0.0271623
845.859	0.0277117
845.993	0.0275896
846.128	0.0274675
846.262	0.0271013
846.396	0.0272844
846.531	0.0277727
846.665	0.0272233
846.799	0.0272844
846.934	0.0277117
847.068	0.0277727
847.203	0.0270402
847.337	0.0276506
847.471	0.0276506
847.606	0.0278948
847.74	0.0272844
847.874	0.0276506
848.009	0.0274065
848.143	0.0271623
848.278	0.0272844
848.412	0.0284441
848.546	0.0280168
848.681	0.0268571
848.815	0.0280779
848.949	0.0280168
849.084	0.0265519
849.218	0.0271013
849.353	0.0284441
849.487	0.0272844
849.621	0.0270402
849.756	0.0277727
849.89	0.0269792
850.024	0.0275285
850.159	0.0274065
850.293	0.0276506
850.428	0.0274065
850.562	0.0272844
850.696	0.0272233
850.831	0.0280779
850.965	0.0272233
851.099	0.026674
851.234	0.0288104
851.368	0.0274675
851.502	0.026674
851.637	0.0277117
851.771	0.0280779
851.906	0.0263078
852.04	0.0277117
852.174	0.0274675
852.309	0.0278337
852.443	0.0277117
852.577	0.0274065
852.712	0.0274065
852.846	0.0273454
852.98	0.0275285
853.115	0.0273454
853.249	0.0271013
853.384	0.0275896
853.518	0.0274065
853.652	0.0277117
853.787	0.0280779
853.921	0.0280779
854.055	0.0277727
854.19	0.0268571
854.324	0.0277727
854.458	0.0278948
854.593	0.0274675
854.727	0.0276506
854.861	0.0282
854.996	0.0273454
855.13	0.0267961
855.265	0.0267961
855.399	0.0272233
855.533	0.0273454
855.668	0.0275285
855.802	0.0277117
855.936	0.0275285
856.071	0.0279558
856.205	0.0270402
856.339	0.0275896
856.474	0.0277117
856.608	0.0271013
856.742	0.0282
856.877	0.0282
857.011	0.0271623
857.145	0.0268571
857.28	0.0276506
857.414	0.0275896
857.549	0.0275896
857.683	0.0270402
857.817	0.0272844
857.952	0.0271013
858.086	0.0275285
858.22	0.0272233
858.355	0.0273454
858.489	0.026735
858.623	0.0275896
858.758	0.0279558
858.892	0.0269181
859.026	0.0272233
859.161	0.0273454
859.295	0.0273454
859.429	0.0271013
859.564	0.0280168
859.698	0.0271623
859.832	0.0278337
859.967	0.0277727
860.101	0.0268571
860.235	0.0278948
860.37	0.0275896
860.504	0.0275896
860.638	0.0267961
860.773	0.0263078
860.907	0.0274065
861.041	0.0270402
861.176	0.0275285
861.31	0.0277117
861.444	0.0274675
861.579	0.0278337
861.713	0.0282
861.847	0.0274065
861.982	0.0273454
862.116	0.0276506
862.25	0.0277727
862.385	0.0277117
862.519	0.0274675
862.653	0.0269792
862.788	0.0279558
862.922	0.0263688
863.056	0.026613
863.191	0.0269181
863.325	0.0280779
863.459	0.0269181
863.594	0.0271623
863.728	0.0278337
863.862	0.0272844
863.997	0.028322
864.131	0.0271623
864.265	0.0271623
864.4	0.0280779
864.534	0.0271623
864.668	0.0278948
864.803	0.0282
864.937	0.0270402
865.071	0.0272844
865.206	0.0272233
865.34	0.0272844
865.474	0.0278948
865.609	0.0272233
865.743	0.0267961
865.877	0.0275285
866.012	0.0274675
866.146	0.0272844
866.28	0.0275285
866.415	0.0275896
866.549	0.0271623
866.683	0.0261857
866.818	0.0278337
866.952	0.0277727
867.086	0.026735
867.221	0.0263078
867.355	0.0268571
867.489	0.0272844
867.623	0.0274675
867.758	0.0271013
867.892	0.0279558
868.026	0.0275285
868.161	0.0282
868.295	0.0273454
868.429	0.0278948
868.564	0.0274065
868.698	0.0282
868.832	0.0275285
868.967	0.0274675
869.101	0.0271623
869.235	0.0274675
869.37	0.026735
869.504	0.0281389
869.638	0.0271623
869.773	0.0277727
869.907	0.0274065
870.041	0.0271623
870.175	0.0275285
870.31	0.0270402
870.444	0.0278337
870.578	0.0271013
870.713	0.0275285
870.847	0.0277117
870.981	0.026613
871.116	0.0275285
871.25	0.0283831
871.384	0.0271623
871.519	0.026674
871.653	0.0277117
871.787	0.0278948
871.921	0.0275896
872.056	0.0271623
872.19	0.0271013
872.324	0.0274065
872.459	0.0274675
872.593	0.0280779
872.727	0.0274065
872.862	0.0271013
872.996	0.0277727
873.13	0.0278948
873.264	0.0270402
873.399	0.0281389
873.533	0.0275285
873.667	0.0271623
873.802	0.0269792
873.936	0.0271013
874.07	0.0275896
874.205	0.0272844
874.339	0.0270402
874.473	0.0280168
874.607	0.0275285
874.742	0.0282
874.876	0.0278948
875.01	0.0271013
875.145	0.0274675
875.279	0.0280779
875.413	0.0278948
875.548	0.0274675
875.682	0.0278948
875.816	0.0278948
875.95	0.0278337
876.085	0.0270402
876.219	0.0272233
876.353	0.0269792
876.488	0.0277117
876.622	0.0280779
876.756	0.0269792
876.89	0.0272844
877.025	0.0272233
877.159	0.0256363
877.293	0.0282
877.428	0.0271013
877.562	0.0270402
877.696	0.0274675
877.83	0.026613
877.965	0.0269181
878.099	0.0271623
878.233	0.0275285
878.368	0.0277727
878.502	0.028322
878.636	0.026613
878.77	0.0264909
878.905	0.0269792
879.039	0.0285052
879.173	0.0277117
879.308	0.026613
879.442	0.026613
879.576	0.0257584
879.71	0.0271013
879.845	0.0277117
879.979	0.0269181
880.113	0.0263078
880.248	0.0278337
880.382	0.0273454
880.516	0.0273454
880.65	0.0271013
880.785	0.0272233
880.919	0.0277117
881.053	0.0276506
881.188	0.0268571
881.322	0.0276506
881.456	0.0275896
881.59	0.0272233
881.725	0.0276506
881.859	0.0277727
881.993	0.0279558
882.127	0.0272233
882.262	0.0275285
882.396	0.0275896
882.53	0.0272233
882.665	0.0274675
882.799	0.0273454
882.933	0.0276506
883.067	0.0280168
883.202	0.0271623
883.336	0.0272844
883.47	0.0264909
883.604	0.0276506
883.739	0.0277117
883.873	0.0273454
884.007	0.0277117
884.142	0.0272844
884.276	0.0279558
884.41	0.026613
884.544	0.0274675
884.679	0.0274065
884.813	0.0280168
884.947	0.0276506
885.081	0.0274065
885.216	0.0272844
885.35	0.0272844
885.484	0.0271623
885.618	0.0274065
885.753	0.0263688
885.887	0.0270402
886.021	0.0278337
886.155	0.0274675
886.29	0.0271013
886.424	0.0279558
886.558	0.0268571
886.693	0.0273454
886.827	0.0271013
886.961	0.0264298
887.095	0.0272233
887.23	0.0269792
887.364	0.0270402
887.498	0.0269792
887.632	0.0274065
887.767	0.0269792
887.901	0.0272233
888.035	0.0275896
888.169	0.0272233
888.304	0.0275896
888.438	0.0272844
888.572	0.0272844
888.706	0.0271623
888.841	0.0275896
888.975	0.0278948
889.109	0.0275896
889.243	0.0284441
889.378	0.0277727
889.512	0.0278337
889.646	0.0278948
889.78	0.0273454
889.915	0.0274675
890.049	0.0272233
890.183	0.0272844
890.317	0.0271013
890.452	0.0265519
890.586	0.0276506
890.72	0.0281389
890.854	0.0272233
890.989	0.0271623
891.123	0.0275896
891.257	0.0278948
891.391	0.0275285
891.526	0.0276506
891.66	0.0277117
891.794	0.0277727
891.928	0.0272233
892.063	0.0270402
892.197	0.0276506
892.331	0.026735
892.465	0.0275285
892.6	0.0268571
892.734	0.0264909
892.868	0.0261857
893.002	0.0268571
893.137	0.0276506
893.271	0.0273454
893.405	0.0265519
893.539	0.026613
893.674	0.0269181
893.808	0.0270402
893.942	0.0269792
894.076	0.0282
894.21	0.0270402
894.345	0.0272844
894.479	0.0277117
894.613	0.0272233
894.747	0.0276506
894.882	0.0274065
895.016	0.0272233
895.15	0.0277727
895.284	0.0280779
895.419	0.0275285
895.553	0.0271623
895.687	0.0276506
895.821	0.0276506
895.956	0.0270402
896.09	0.0272844
896.224	0.0272233
896.358	0.028261
896.492	0.0275285
896.627	0.0270402
896.761	0.026735
896.895	0.0283831
897.029	0.0277117
897.164	0.0285662
897.298	0.0282
897.432	0.0270402
897.566	0.0270402
897.701	0.0269792
897.835	0.0267961
897.969	0.0269792
898.103	0.0272844
898.237	0.026735
898.372	0.026613
898.506	0.0267961
898.64	0.0275896
898.774	0.0275285
898.909	0.0261857
899.043	0.0274065
899.177	0.0272844
899.311	0.0267961
899.445	0.0280779
899.58	0.0277727
899.714	0.0272233
899.848	0.0272233
899.982	0.0261246
900.117	0.0271013
900.251	0.0265519
900.385	0.0278337
900.519	0.0273454
900.653	0.028261
900.788	0.0275285
900.922	0.0276506
901.056	0.0268571
901.19	0.0278337
901.325	0.026674
901.459	0.0263688
901.593	0.0263078
901.727	0.0277117
901.861	0.0269181
901.996	0.0272233
902.13	0.0280168
902.264	0.0274065
902.398	0.0272233
902.532	0.0272233
902.667	0.0279558
902.801	0.0270402
902.935	0.0272844
903.069	0.0269181
903.204	0.026735
903.338	0.0274065
903.472	0.0281389
903.606	0.0278337
903.74	0.0271623
903.875	0.0275896
904.009	0.0271623
904.143	0.0272233
904.277	0.0271623
904.411	0.0273454
904.546	0.0274675
904.68	0.0272233
904.814	0.0274065
904.948	0.0267961
905.082	0.0276506
905.217	0.0271623
905.351	0.0276506
905.485	0.0272233
905.619	0.0282
905.753	0.0273454
905.888	0.0271623
906.022	0.0279558
906.156	0.0272844
906.29	0.0272233
906.424	0.0269181
906.559	0.0272844
906.693	0.026674
906.827	0.0277117
906.961	0.0269181
907.095	0.0271623
907.23	0.0275285
907.364	0.0271013
907.498	0.0280168
907.632	0.0275896
907.766	0.0269181
907.901	0.0278948
908.035	0.028261
908.169	0.0277117
908.303	0.026674
908.437	0.0270402
908.572	0.0278948
908.706	0.0278337
908.84	0.026613
908.974	0.026674
909.108	0.0277117
909.243	0.0280779
909.377	0.0275285
909.511	0.0269792
909.645	0.0267961
909.779	0.0275285
909.914	0.0271013
910.048	0.0281389
910.182	0.0280779
910.316	0.0272233
910.45	0.026613
910.585	0.0275285
910.719	0.0273454
910.853	0.0275285
910.987	0.0278337
911.121	0.0268571
911.255	0.0278337
911.39	0.028322
911.524	0.0271013
911.658	0.0268571
911.792	0.0272844
911.926	0.0277117
912.061	0.0272844
912.195	0.0275285
912.329	0.0271623
912.463	0.0268571
912.597	0.0275896
912.732	0.0272233
912.866	0.0272233
913	0.0285052
913.134	0.0274065
913.268	0.0258805
913.402	0.0280779
913.537	0.0272233
913.671	0.0272233
913.805	0.0270402
913.939	0.0270402
914.073	0.0274675
914.208	0.0268571
914.342	0.0270402
914.476	0.0278948
914.61	0.0272233
914.744	0.0276506
914.878	0.0283831
915.013	0.0275285
915.147	0.0268571
915.281	0.0269181
915.415	0.0277117
915.549	0.0276506
915.683	0.0278948
915.818	0.0286272
915.952	0.0271013
916.086	0.0271623
916.22	0.0278948
916.354	0.0271013
916.488	0.026613
916.623	0.0272844
916.757	0.0274065
916.891	0.0272844
917.025	0.0269181
917.159	0.0272844
917.293	0.0273454
917.428	0.0275285
917.562	0.0265519
917.696	0.0274675
917.83	0.0280779
917.964	0.0272844
918.098	0.0273454
918.233	0.0278337
918.367	0.0273454
918.501	0.0269181
918.635	0.0278337
918.769	0.0281389
918.903	0.0280168
919.038	0.0271013
919.172	0.0269181
919.306	0.026613
919.44	0.0276506
919.574	0.0273454
919.708	0.0277117
919.843	0.0272233
919.977	0.0280168
920.111	0.0274065
920.245	0.0278337
920.379	0.0275285
920.513	0.0275896
920.648	0.0272844
920.782	0.0276506
920.916	0.0281389
921.05	0.0273454
921.184	0.0282
921.318	0.0277727
921.453	0.0264298
921.587	0.0270402
921.721	0.0276506
921.855	0.0273454
921.989	0.0271013
922.123	0.0271623
922.257	0.0270402
922.392	0.0278948
922.526	0.0276506
922.66	0.0274065
922.794	0.0274065
922.928	0.0275285
923.062	0.0269792
923.197	0.0273454
923.331	0.0274065
923.465	0.0274675
923.599	0.0275896
923.733	0.0274065
923.867	0.0268571
924.001	0.0273454
924.136	0.0275896
924.27	0.0267961
924.404	0.0271013
924.538	0.0276506
924.672	0.0271013
924.806	0.0275896
924.94	0.0273454
925.075	0.0273454
925.209	0.0272844
925.343	0.0276506
925.477	0.0275285
925.611	0.0278337
925.745	0.0275896
925.879	0.0265519
926.014	0.0275896
926.148	0.0273454
926.282	0.0275285
926.416	0.028322
926.55	0.0277727
926.684	0.0269792
926.818	0.0271013
926.953	0.0273454
927.087	0.0278337
927.221	0.026735
927.355	0.0274065
927.489	0.0281389
927.623	0.0270402
927.757	0.0280779
927.892	0.0271623
928.026	0.0282
928.16	0.0269181
928.294	0.0271013
928.428	0.0272844
928.562	0.0279558
928.696	0.0274065
928.831	0.0281389
928.965	0.026613
929.099	0.028322
929.233	0.0264909
929.367	0.0267961
929.501	0.0276506
929.635	0.0278337
929.769	0.0277117
929.904	0.0273454
930.038	0.0261857
930.172	0.0271623
930.306	0.0267961
930.44	0.0274065
930.574	0.0270402
930.708	0.0260026
930.843	0.0272233
930.977	0.0275896
931.111	0.0273454
931.245	0.0278948
931.379	0.0278948
931.513	0.0274675
931.647	0.0280779
931.781	0.0264909
931.916	0.0275896
932.05	0.0269792
932.184	0.0271623
932.318	0.0272233
932.452	0.0277117
932.586	0.0277727
932.72	0.0275896
932.854	0.0267961
932.989	0.0265519
933.123	0.0272844
933.257	0.0275896
933.391	0.0277117
933.525	0.0277727
933.659	0.0275896
933.793	0.0270402
933.927	0.0274675
934.061	0.0273454
934.196	0.0278948
934.33	0.0277117
934.464	0.028261
934.598	0.026674
934.732	0.0272233
934.866	0.0278337
935	0.0277117
935.134	0.0277117
935.269	0.0277727
935.403	0.0277727
935.537	0.0280168
935.671	0.0275285
935.805	0.0281389
935.939	0.0279558
936.073	0.0278948
936.207	0.0275896
936.341	0.0278337
936.476	0.0274675
936.61	0.0272844
936.744	0.0270402
936.878	0.0272233
937.012	0.0279558
937.146	0.0270402
937.28	0.0274675
937.414	0.0273454
937.548	0.0270402
937.683	0.0277727
937.817	0.0272233
937.951	0.0272233
938.085	0.0267961
938.219	0.0269792
938.353	0.0272233
938.487	0.0273454
938.621	0.0276506
938.755	0.0268571
938.889	0.0269181
939.024	0.0273454
939.158	0.0282
939.292	0.0274065
939.426	0.0280168
939.56	0.0273454
939.694	0.0275285
939.828	0.0270402
939.962	0.0274675
940.096	0.0276506
940.231	0.0271623
940.365	0.0271013
940.499	0.0277727
940.633	0.0276506
940.767	0.0271623
940.901	0.0278337
941.035	0.0273454
941.169	0.0277117
941.303	0.0274065
941.437	0.0276506
941.571	0.0272233
941.706	0.0271013
941.84	0.0278948
941.974	0.0278337
942.108	0.0274065
942.242	0.0276506
942.376	0.0270402
942.51	0.0271013
942.644	0.0276506
942.778	0.0274675
942.912	0.0270402
943.047	0.0276506
943.181	0.0273454
943.315	0.0264298
943.449	0.0277117
943.583	0.0272233
943.717	0.0270402
943.851	0.0281389
943.985	0.0272233
944.119	0.0276506
944.253	0.0277727
944.387	0.0278337
944.522	0.0277117
944.656	0.0277117
944.79	0.0272844
944.924	0.0272844
945.058	0.0278948
945.192	0.0272844
945.326	0.0277117
945.46	0.0271623
945.594	0.0275896
945.728	0.026674
945.862	0.0272233
945.996	0.0273454
946.131	0.0277117
946.265	0.0282
946.399	0.0278337
946.533	0.0274675
946.667	0.028261
946.801	0.0271623
946.935	0.0272844
947.069	0.0277117
947.203	0.0268571
947.337	0.0274065
947.471	0.0280168
947.605	0.0281389
947.739	0.0271623
947.874	0.0275285
948.008	0.0272844
948.142	0.0279558
948.276	0.0271623
948.41	0.0277117
948.544	0.0273454
948.678	0.0275285
948.812	0.0271623
948.946	0.0269792
949.08	0.0272844
949.214	0.0277117
949.348	0.0260636
949.482	0.0277117
949.617	0.0280168
949.751	0.0276506
949.885	0.0272233
950.019	0.0270402
950.153	0.0280168
950.287	0.0269792
950.421	0.0273454
950.555	0.0272233
950.689	0.0275896
950.823	0.0272233
950.957	0.0278948
951.091	0.0271013
951.225	0.0265519
951.359	0.0272233
951.493	0.0272233
951.628	0.0272233
951.762	0.0280168
951.896	0.0280168
952.03	0.0282
952.164	0.0275285
952.298	0.0272844
952.432	0.0275285
952.566	0.0270402
952.7	0.0276506
952.834	0.0278948
952.968	0.0278948
953.102	0.0278948
953.236	0.0269181
953.37	0.0269181
953.504	0.0274065
953.639	0.0273454
953.773	0.0272233
953.907	0.0269181
954.041	0.0272233
954.175	0.0265519
954.309	0.0272844
954.443	0.0277727
954.577	0.0272233
954.711	0.0274675
954.845	0.0276506
954.979	0.0274675
955.113	0.0269792
955.247	0.0275896
955.381	0.026735
955.515	0.0281389
955.649	0.026674
955.783	0.0270402
955.917	0.0269792
956.052	0.0273454
956.186	0.0274065
956.32	0.0276506
956.454	0.0271623
956.588	0.0272233
956.722	0.0277727
956.856	0.0271013
956.99	0.0276506
957.124	0.0270402
957.258	0.0274065
957.392	0.026674
957.526	0.0280168
957.66	0.0280168
957.794	0.0268571
957.928	0.0280779
958.062	0.0268571
958.196	0.0274065
958.33	0.0280168
958.464	0.0271013
958.598	0.0276506
958.733	0.0278948
958.867	0.0271623
959.001	0.0276506
959.135	0.0274675
959.269	0.0269181
959.403	0.0270402
959.537	0.0275285
959.671	0.026735
959.805	0.0271013
959.939	0.0276506
960.073	0.0269792
960.207	0.0272233
960.341	0.0277727
960.475	0.026674
960.609	0.0278337
960.743	0.0273454
960.877	0.0271623
961.011	0.0272844
961.145	0.0278337
961.279	0.0269792
961.413	0.0280168
961.547	0.0276506
961.681	0.0270402
961.815	0.0273454
961.949	0.0265519
962.083	0.0272844
962.218	0.0273454
962.352	0.0267961
962.486	0.0269792
962.62	0.0267961
962.754	0.0274675
962.888	0.0269181
963.022	0.0277117
963.156	0.0272844
963.29	0.0276506
963.424	0.0272844
963.558	0.0272844
963.692	0.0278948
963.826	0.0279558
963.96	0.0276506
964.094	0.0277727
964.228	0.0274675
964.362	0.0274675
964.496	0.0275896
964.63	0.0274065
964.764	0.0264909
964.898	0.0269181
965.032	0.0280779
965.166	0.0275285
965.3	0.0277117
965.434	0.0268571
965.568	0.0271013
965.702	0.0268571
965.836	0.0277117
965.97	0.0277727
966.104	0.0280779
966.238	0.026735
966.372	0.026674
966.506	0.0277117
966.64	0.0269792
966.774	0.0271623
966.908	0.0273454
967.043	0.0268571
967.177	0.0273454
967.311	0.0271623
967.445	0.0273454
967.579	0.0269181
967.713	0.0275285
967.847	0.0269181
967.981	0.0276506
968.115	0.0279558
968.249	0.0269181
968.383	0.0271623
968.517	0.0265519
968.651	0.0271623
968.785	0.0272844
968.919	0.0277727
969.053	0.0275285
969.187	0.026674
969.321	0.0272844
969.455	0.0270402
969.589	0.0277727
969.723	0.0277117
969.857	0.0277117
969.991	0.0269792
970.125	0.0277727
970.259	0.0270402
970.393	0.0271013
970.527	0.0264909
970.661	0.0280779
970.795	0.0277117
970.929	0.0274675
971.063	0.026613
971.197	0.0280168
971.331	0.0280168
971.465	0.0281389
971.599	0.026674
971.733	0.0285662
971.867	0.0269792
972.001	0.0273454
972.135	0.0277117
972.269	0.0269792
972.403	0.0280779
972.537	0.0272844
972.671	0.0276506
972.805	0.0282
972.939	0.0274675
973.073	0.0275896
973.207	0.026613
973.341	0.0274065
973.475	0.0274065
973.609	0.0274675
973.743	0.0276506
973.877	0.0278948
974.011	0.0275285
974.145	0.0275285
974.279	0.0269792
974.413	0.0277727
974.547	0.0272844
974.681	0.0280168
974.815	0.0275896
974.949	0.0270402
975.083	0.0278337
975.217	0.0269181
975.351	0.0272844
975.485	0.0280168
975.619	0.0278337
975.753	0.0274065
975.887	0.0267961
976.021	0.0280779
976.155	0.0276506
976.289	0.0267961
976.423	0.0274675
976.557	0.0288104
976.691	0.026674
976.825	0.0279558
976.959	0.0270402
977.093	0.0275285
977.227	0.0280168
977.361	0.0276506
977.495	0.0277117
977.629	0.0274065
977.763	0.0276506
977.897	0.0275285
978.031	0.0271013
978.165	0.0277117
978.299	0.026735
978.433	0.0277727
978.567	0.0264909
978.701	0.0272233
978.835	0.0276506
978.969	0.0272233
979.103	0.0282
979.237	0.0260026
979.371	0.0286272
979.505	0.0273454
979.639	0.0279558
979.773	0.0269792
979.907	0.0269792
980.041	0.0273454
980.175	0.0276506
980.308	0.0285662
980.442	0.0268571
980.576	0.0275896
980.71	0.0275896
980.844	0.0272233
980.978	0.0268571
981.112	0.0276506
981.246	0.0269792
981.38	0.0272233
981.514	0.0276506
981.648	0.0272233
981.782	0.0269181
981.916	0.0277727
982.05	0.0277117
982.184	0.0274065
982.318	0.0279558
982.452	0.0275896
982.586	0.0271623
982.72	0.0281389
982.854	0.0278337
982.988	0.0274065
983.122	0.0272233
983.256	0.0269181
983.39	0.0275896
983.524	0.0273454
983.658	0.026735
983.792	0.0272844
983.926	0.0275896
984.06	0.0272844
984.194	0.0274065
984.328	0.0277117
984.462	0.0270402
984.596	0.026735
984.73	0.0280779
984.864	0.0281389
984.998	0.0272233
985.132	0.0272844
985.265	0.0280779
985.399	0.0274675
985.533	0.0274675
985.667	0.0274675
985.801	0.0267961
985.935	0.0269792
986.069	0.028322
986.203	0.0274675
986.337	0.0269792
986.471	0.0280779
986.605	0.0259415
986.739	0.0269181
986.873	0.0274065
987.007	0.0278948
987.141	0.0274065
987.275	0.026613
987.409	0.0263688
987.543	0.0274065
987.677	0.026735
987.811	0.0271623
987.945	0.026735
988.079	0.0272844
988.213	0.0273454
988.347	0.0275285
988.481	0.0275896
988.614	0.0277727
988.748	0.0278337
988.882	0.0271623
989.016	0.0267961
989.15	0.0276506
989.284	0.0271013
989.418	0.0276506
989.552	0.0275285
989.686	0.0271013
989.82	0.0272233
989.954	0.0277727
990.088	0.0277117
990.222	0.0278337
990.356	0.0278337
990.49	0.0268571
990.624	0.0271013
990.758	0.026674
990.892	0.0272844
991.026	0.0271013
991.16	0.0274675
991.294	0.0275285
991.427	0.026735
991.561	0.0277117
991.695	0.0272233
991.829	0.0272844
991.963	0.0269792
992.097	0.0272844
992.231	0.0274065
992.365	0.0267961
992.499	0.0282
992.633	0.028322
992.767	0.026613
992.901	0.0267961
993.035	0.0268571
993.169	0.0282
993.303	0.0276506
993.437	0.0271623
993.571	0.0269181
993.704	0.0272844
993.838	0.0273454
993.972	0.0273454
994.106	0.0276506
994.24	0.0271623
994.374	0.0278948
994.508	0.0277117
994.642	0.0282
994.776	0.0274675
994.91	0.0273454
995.044	0.0277727
995.178	0.026735
995.312	0.0282
995.446	0.0271623
995.58	0.0275896
995.714	0.0278948
995.847	0.0277727
995.981	0.0282
996.115	0.0280168
996.249	0.0271623
996.383	0.0277727
996.517	0.0275896
996.651	0.026735
996.785	0.0269792
996.919	0.0277117
997.053	0.0271623
997.187	0.0274065
997.321	0.0275285
997.455	0.0270402
997.589	0.0272844
997.722	0.0273454
997.856	0.0275285
997.99	0.0276506
998.124	0.0275896
998.258	0.0274065
998.392	0.0273454
998.526	0.0270402
998.66	0.026735
998.794	0.0277117
998.928	0.028322
999.062	0.0274675
999.196	0.0274065
999.33	0.0272233
999.464	0.0271013
999.597	0.0277117
999.731	0.0265519
999.865	0.0276506
999.999	0.0276506
1000.13	0.0272233
1000.27	0.0276506
1000.4	0.0268571
1000.53	0.0274675
1000.67	0.0274675
1000.8	0.0273454
1000.94	0.0275896
1001.07	0.0274065
1001.2	0.0273454
1001.34	0.0269792
1001.47	0.0273454
1001.61	0.0275896
1001.74	0.0275285
1001.87	0.0269792
1002.01	0.0267961
1002.14	0.0274065
1002.28	0.0274675
1002.41	0.0265519
1002.54	0.0268571
1002.68	0.0274675
1002.81	0.0277727
1002.95	0.0271013
1003.08	0.0281389
1003.21	0.0270402
1003.35	0.0277117
1003.48	0.0270402
1003.61	0.0279558
1003.75	0.026613
1003.88	0.0272233
1004.02	0.0272844
1004.15	0.0282
1004.28	0.0272844
1004.42	0.0273454
1004.55	0.026735
1004.69	0.0261857
1004.82	0.0269792
1004.95	0.0272844
1005.09	0.026674
1005.22	0.0272233
1005.36	0.0271623
1005.49	0.0278337
1005.62	0.0268571
1005.76	0.0283831
1005.89	0.0269181
1006.03	0.0278337
1006.16	0.0275896
1006.29	0.0276506
1006.43	0.0273454
1006.56	0.0269792
1006.69	0.026674
1006.83	0.0279558
1006.96	0.0272844
1007.1	0.0269181
1007.23	0.0271623
1007.36	0.0267961
1007.5	0.0271013
1007.63	0.0275285
1007.77	0.026674
1007.9	0.0271623
1008.03	0.0275896
1008.17	0.028322
1008.3	0.0272233
1008.44	0.026613
1008.57	0.0274675
1008.7	0.0275896
1008.84	0.0280168
1008.97	0.0277727
1009.1	0.0272844
1009.24	0.0272844
1009.37	0.0272233
1009.51	0.0271623
1009.64	0.0272233
1009.77	0.0274675
1009.91	0.0274675
1010.04	0.0275285
1010.18	0.0270402
1010.31	0.0275285
1010.44	0.0277727
1010.58	0.0278337
1010.71	0.0274065
1010.85	0.028261
1010.98	0.0273454
1011.11	0.0277117
1011.25	0.0271623
1011.38	0.0274675
1011.51	0.0280779
1011.65	0.0279558
1011.78	0.0264909
1011.92	0.0277117
1012.05	0.0277117
1012.18	0.0276506
1012.32	0.0272844
1012.45	0.0278948
1012.59	0.0278948
1012.72	0.0280168
1012.85	0.0278337
1012.99	0.0280779
1013.12	0.0276506
1013.26	0.0278337
1013.39	0.0278337
1013.52	0.0272844
1013.66	0.028322
1013.79	0.0276506
1013.92	0.0269181
1014.06	0.0279558
1014.19	0.0272844
1014.33	0.0281389
1014.46	0.026735
1014.59	0.0278948
1014.73	0.0277727
1014.86	0.0276506
1015	0.0273454
1015.13	0.0271623
1015.26	0.0274675
1015.4	0.0273454
1015.53	0.0276506
1015.67	0.0273454
1015.8	0.0277727
1015.93	0.0275896
1016.07	0.0274065
1016.2	0.0279558
1016.33	0.0270402
1016.47	0.0283831
1016.6	0.0271623
1016.74	0.0283831
1016.87	0.0276506
1017	0.0272233
1017.14	0.0278948
1017.27	0.0275896
1017.41	0.0264298
1017.54	0.0277117
1017.67	0.0275285
1017.81	0.0280168
1017.94	0.0276506
1018.07	0.0268571
1018.21	0.0270402
1018.34	0.0275285
1018.48	0.0280779
1018.61	0.0278948
1018.74	0.0276506
1018.88	0.0271623
1019.01	0.0282
1019.15	0.0271623
1019.28	0.0275285
1019.41	0.0274065
1019.55	0.0275285
1019.68	0.0276506
1019.82	0.0273454
1019.95	0.0280779
1020.08	0.0268571
1020.22	0.0276506
1020.35	0.028261
1020.48	0.0275285
1020.62	0.0269181
1020.75	0.0278948
1020.89	0.0280168
1021.02	0.0271623
1021.15	0.0274065
1021.29	0.0279558
1021.42	0.0267961
1021.56	0.0272844
1021.69	0.0274675
1021.82	0.0272844
1021.96	0.0277727
1022.09	0.0276506
1022.22	0.0277117
1022.36	0.0280779
1022.49	0.0275285
1022.63	0.0281389
1022.76	0.026735
1022.89	0.0277117
1023.03	0.0275285
1023.16	0.0276506
1023.3	0.0277117
1023.43	0.0272844
1023.56	0.0269181
1023.7	0.0275896
1023.83	0.0280168
1023.96	0.0275896
1024.1	0.0277117
1024.23	0.0276506
1024.37	0.0270402
1024.5	0.0275896
1024.63	0.0276506
1024.77	0.0277117
1024.9	0.0278948
1025.04	0.0275896
1025.17	0.0277117
1025.3	0.0282
1025.44	0.0280168
1025.57	0.0264909
1025.7	0.0270402
1025.84	0.0277727
1025.97	0.0269181
1026.11	0.0270402
1026.24	0.0271013
1026.37	0.0277117
1026.51	0.0278337
1026.64	0.0280168
1026.78	0.0268571
1026.91	0.0275285
1027.04	0.0268571
1027.18	0.0269792
1027.31	0.0268571
1027.44	0.0278337
1027.58	0.0274675
1027.71	0.0265519
1027.85	0.0275896
1027.98	0.0280779
1028.11	0.0269792
1028.25	0.028261
1028.38	0.0275285
1028.52	0.0273454
1028.65	0.0282
1028.78	0.0274675
1028.92	0.0275896
1029.05	0.026735
1029.18	0.0272233
1029.32	0.0267961
1029.45	0.0271623
1029.59	0.0274675
1029.72	0.0274675
1029.85	0.0274065
1029.99	0.0269181
1030.12	0.0268571
1030.26	0.0276506
1030.39	0.0276506
1030.52	0.0271623
1030.66	0.0274675
1030.79	0.0273454
1030.92	0.0273454
1031.06	0.0269181
1031.19	0.026674
1031.33	0.0276506
1031.46	0.0274065
1031.59	0.0274675
1031.73	0.0276506
1031.86	0.0269792
1031.99	0.0275896
1032.13	0.0272233
1032.26	0.0275285
1032.4	0.0268571
1032.53	0.0278337
1032.66	0.0271013
1032.8	0.0280168
1032.93	0.0270402
1033.07	0.0274675
1033.2	0.0279558
1033.33	0.0277117
1033.47	0.0277727
1033.6	0.0277727
1033.73	0.0272844
1033.87	0.0284441
1034	0.0269181
1034.14	0.0272844
1034.27	0.0274675
1034.4	0.0273454
1034.54	0.0268571
1034.67	0.0277727
1034.81	0.0272233
1034.94	0.0277117
1035.07	0.0277117
1035.21	0.0272844
1035.34	0.0275285
1035.47	0.0276506
1035.61	0.0273454
1035.74	0.0279558
1035.88	0.0275896
1036.01	0.0278337
1036.14	0.0278948
1036.28	0.0277117
1036.41	0.0272233
1036.54	0.0269181
1036.68	0.0272233
1036.81	0.026674
1036.95	0.0271623
1037.08	0.0283831
1037.21	0.0273454
1037.35	0.0275896
1037.48	0.026613
1037.62	0.0269792
1037.75	0.0277117
1037.88	0.0278948
1038.02	0.0280779
1038.15	0.0277117
1038.28	0.0274675
1038.42	0.0274065
1038.55	0.0268571
1038.69	0.0271623
1038.82	0.0271623
1038.95	0.0275896
1039.09	0.0280779
1039.22	0.0275896
1039.35	0.0284441
1039.49	0.0273454
1039.62	0.0274675
1039.76	0.0277727
1039.89	0.0272233
1040.02	0.0277117
1040.16	0.0264909
1040.29	0.0282
1040.43	0.0275285
1040.56	0.0269792
1040.69	0.0274065
1040.83	0.0269792
1040.96	0.0272844
1041.09	0.0272844
1041.23	0.0275896
1041.36	0.0262467
1041.5	0.0280779
1041.63	0.0269181
1041.76	0.0272844
1041.9	0.0269792
1042.03	0.0274065
1042.16	0.0277727
1042.3	0.0270402
1042.43	0.0270402
1042.57	0.0269792
1042.7	0.0273454
1042.83	0.0273454
1042.97	0.0275896
1043.1	0.0271623
1043.23	0.0271013
1043.37	0.0272844
1043.5	0.026613
1043.64	0.0271013
1043.77	0.0277117
1043.9	0.0272233
1044.04	0.0272844
1044.17	0.0274675
1044.31	0.0280168
1044.44	0.0275896
1044.57	0.0272844
1044.71	0.0273454
1044.84	0.0272844
1044.97	0.0278948
1045.11	0.0277727
1045.24	0.0267961
1045.38	0.0277117
1045.51	0.0269792
1045.64	0.0272233
1045.78	0.026735
1045.91	0.0273454
1046.04	0.0272844
1046.18	0.0275896
1046.31	0.0278337
1046.45	0.0274675
1046.58	0.0268571
1046.71	0.0272233
1046.85	0.0277117
1046.98	0.0274675
1047.11	0.0273454
1047.25	0.0272844
1047.38	0.028261
1047.52	0.0277117
1047.65	0.0276506
1047.78	0.0274675
1047.92	0.0268571
1048.05	0.0275896
1048.18	0.0278337
1048.32	0.0275896
1048.45	0.026674
1048.59	0.028261
1048.72	0.0278948
1048.85	0.0280779
1048.99	0.0275896
1049.12	0.0271623
1049.25	0.026613
1049.39	0.0269792
1049.52	0.0272844
1049.66	0.0283831
1049.79	0.0271013
1049.92	0.0271623
1050.06	0.0277727
1050.19	0.0272233
1050.33	0.0274065
1050.46	0.026613
1050.59	0.0276506
1050.73	0.0264909
1050.86	0.0271013
1050.99	0.0272233
1051.13	0.0278337
1051.26	0.0275896
1051.4	0.0272233
1051.53	0.0280168
1051.66	0.0271623
1051.8	0.0276506
1051.93	0.026674
1052.06	0.0272233
1052.2	0.0269792
1052.33	0.0286883
1052.47	0.0267961
1052.6	0.0271013
1052.73	0.0276506
1052.87	0.0280779
1053	0.0269181
1053.13	0.0279558
1053.27	0.0264298
1053.4	0.0275285
1053.54	0.0277117
1053.67	0.0282
1053.8	0.0278337
1053.94	0.0276506
1054.07	0.0269181
1054.2	0.0267961
1054.34	0.0280168
1054.47	0.0280168
1054.61	0.0277117
1054.74	0.0268571
1054.87	0.0276506
1055.01	0.0277727
1055.14	0.0277117
1055.27	0.0280168
1055.41	0.0268571
1055.54	0.0277727
1055.68	0.0271623
1055.81	0.0268571
1055.94	0.0279558
1056.08	0.0271013
1056.21	0.0272844
1056.34	0.0271013
1056.48	0.0272844
1056.61	0.0271013
1056.75	0.0277117
1056.88	0.0272844
1057.01	0.0275896
1057.15	0.0275285
1057.28	0.026735
1057.41	0.0269181
1057.55	0.0271623
1057.68	0.0275896
1057.82	0.0272844
1057.95	0.0271623
1058.08	0.0274065
1058.22	0.0277727
1058.35	0.0278337
1058.48	0.0271013
1058.62	0.0267961
1058.75	0.0270402
1058.89	0.0276506
1059.02	0.0273454
1059.15	0.028261
1059.29	0.0272844
1059.42	0.0278337
1059.55	0.0278337
1059.69	0.0270402
1059.82	0.0271623
1059.96	0.0268571
1060.09	0.0275896
1060.22	0.0269181
1060.36	0.0270402
1060.49	0.0276506
1060.62	0.0282
1060.76	0.0272844
1060.89	0.0280779
1061.03	0.0272844
1061.16	0.0268571
1061.29	0.0273454
1061.43	0.0271013
1061.56	0.0274065
1061.69	0.0272233
1061.83	0.0274065
1061.96	0.0279558
1062.1	0.0268571
1062.23	0.0274065
1062.36	0.0271013
1062.5	0.0277727
1062.63	0.0275896
1062.76	0.0278337
1062.9	0.0272844
1063.03	0.0270402
1063.17	0.0281389
1063.3	0.0277117
1063.43	0.0282
1063.57	0.0278948
1063.7	0.0277727
1063.83	0.0274065
1063.97	0.028322
1064.1	0.0274065
1064.23	0.0274675
1064.37	0.0276506
1064.5	0.0271623
1064.64	0.026735
1064.77	0.0277727
1064.9	0.0274065
1065.04	0.0272233
1065.17	0.0268571
1065.3	0.0277117
1065.44	0.0273454
1065.57	0.0277117
1065.71	0.0276506
1065.84	0.0277727
1065.97	0.0275285
1066.11	0.0272233
1066.24	0.0270402
1066.37	0.0264298
1066.51	0.0270402
1066.64	0.0269181
1066.78	0.0269792
1066.91	0.026674
1067.04	0.0275285
1067.18	0.0278337
1067.31	0.0280168
1067.44	0.0280168
1067.58	0.028261
1067.71	0.0278948
1067.85	0.026613
1067.98	0.0277727
1068.11	0.0276506
1068.25	0.0276506
1068.38	0.0270402
1068.51	0.0278337
1068.65	0.0278948
1068.78	0.0260636
1068.92	0.0277727
1069.05	0.0278948
1069.18	0.0278337
1069.32	0.0263688
1069.45	0.0277727
1069.58	0.0278948
1069.72	0.0274675
1069.85	0.0270402
1069.98	0.0271623
1070.12	0.0276506
1070.25	0.0278948
1070.39	0.0264909
1070.52	0.0280779
1070.65	0.0274065
1070.79	0.0263078
1070.92	0.0271623
1071.05	0.0280168
1071.19	0.0273454
1071.32	0.0272844
1071.46	0.0275285
1071.59	0.0275285
1071.72	0.0277727
1071.86	0.0279558
1071.99	0.0280168
1072.12	0.0283831
1072.26	0.0273454
1072.39	0.0274675
1072.53	0.0270402
1072.66	0.0269181
1072.79	0.0274675
1072.93	0.0268571
1073.06	0.0274065
1073.19	0.0271013
1073.33	0.0277117
1073.46	0.0277727
1073.59	0.0277117
1073.73	0.0276506
1073.86	0.0271013
1074	0.0271623
1074.13	0.0278948
1074.26	0.0280779
1074.4	0.0284441
1074.53	0.028322
1074.66	0.0270402
1074.8	0.0281389
1074.93	0.0275285
1075.07	0.0275896
1075.2	0.0268571
1075.33	0.0274065
1075.47	0.0272233
1075.6	0.0277117
1075.73	0.026735
1075.87	0.0272233
1076	0.0278948
1076.14	0.0269792
1076.27	0.0279558
1076.4	0.0284441
1076.54	0.0280168
1076.67	0.0272233
1076.8	0.0274675
1076.94	0.0274675
1077.07	0.0263688
1077.2	0.0275896
1077.34	0.028322
1077.47	0.026735
1077.61	0.0275285
1077.74	0.026674
1077.87	0.0267961
1078.01	0.0273454
1078.14	0.026613
1078.27	0.0275285
1078.41	0.0278948
1078.54	0.0274065
1078.68	0.0272233
1078.81	0.0272233
1078.94	0.0268571
1079.08	0.026735
1079.21	0.0280779
1079.34	0.0275285
1079.48	0.0272233
1079.61	0.0262467
1079.74	0.0274675
1079.88	0.0281389
1080.01	0.0278337
1080.15	0.0274065
1080.28	0.0268571
1080.41	0.026735
1080.55	0.0277117
1080.68	0.0272844
1080.81	0.0274675
1080.95	0.0282
1081.08	0.0275896
1081.22	0.0277117
1081.35	0.0271013
1081.48	0.0274065
1081.62	0.0274065
1081.75	0.0272844
1081.88	0.0272844
1082.02	0.0274675
1082.15	0.0278337
1082.28	0.0280168
1082.42	0.0285052
1082.55	0.0280779
1082.69	0.0277727
1082.82	0.0274675
1082.95	0.0274065
1083.09	0.0272844
1083.22	0.0272844
1083.35	0.0274065
1083.49	0.0277727
1083.62	0.0277727
1083.75	0.0268571
1083.89	0.0274675
1084.02	0.0265519
1084.16	0.0285052
1084.29	0.026735
1084.42	0.0270402
1084.56	0.0277727
1084.69	0.026735
1084.82	0.0269181
1084.96	0.0272233
1085.09	0.0277117
1085.23	0.0269792
1085.36	0.0280779
1085.49	0.0271013
1085.63	0.026735
1085.76	0.0275896
1085.89	0.0269181
1086.03	0.0271623
1086.16	0.0268571
1086.29	0.0269792
1086.43	0.0264909
1086.56	0.0277727
1086.7	0.0283831
1086.83	0.0276506
1086.96	0.0274065
1087.1	0.0281389
1087.23	0.0274065
1087.36	0.0267961
1087.5	0.0270402
1087.63	0.0272844
1087.76	0.0272844
1087.9	0.0278337
1088.03	0.0274675
1088.17	0.0278948
1088.3	0.0272233
1088.43	0.0272233
1088.57	0.0270402
1088.7	0.0272844
1088.83	0.0279558
1088.97	0.026735
1089.1	0.0280168
1089.24	0.0269181
1089.37	0.0273454
1089.5	0.0279558
1089.64	0.0275896
1089.77	0.0263078
1089.9	0.0274065
1090.04	0.0270402
1090.17	0.0267961
1090.3	0.0285052
1090.44	0.026735
1090.57	0.0277727
1090.71	0.0270402
1090.84	0.0267961
1090.97	0.0279558
1091.11	0.0274675
1091.24	0.028322
1091.37	0.0278948
1091.51	0.0271623
1091.64	0.0277727
1091.77	0.0275896
1091.91	0.0267961
1092.04	0.0277727
1092.18	0.0271013
1092.31	0.0263688
1092.44	0.0274065
1092.58	0.0277727
1092.71	0.0268571
1092.84	0.0277117
1092.98	0.0277117
1093.11	0.0274675
1093.24	0.0280779
1093.38	0.0272844
1093.51	0.0274675
1093.65	0.028322
1093.78	0.0285052
1093.91	0.0273454
1094.05	0.0267961
1094.18	0.0283831
1094.31	0.0273454
1094.45	0.0279558
1094.58	0.0282
1094.71	0.0275896
1094.85	0.028261
1094.98	0.0277727
1095.12	0.0264298
1095.25	0.0268571
1095.38	0.0270402
1095.52	0.0274675
1095.65	0.0274675
1095.78	0.0275896
1095.92	0.0275896
1096.05	0.0277117
1096.18	0.0265519
1096.32	0.0268571
1096.45	0.0274675
1096.59	0.0274065
1096.72	0.0277727
1096.85	0.0272233
1096.99	0.0278337
1097.12	0.0272844
1097.25	0.0271623
1097.39	0.0272233
1097.52	0.0286272
1097.65	0.0278948
1097.79	0.0276506
1097.92	0.0274065
1098.06	0.0274675
1098.19	0.0274675
1098.32	0.0278337
1098.46	0.0274065
1098.59	0.0271623
1098.72	0.0270402
1098.86	0.0275896
1098.99	0.0279558
1099.12	0.0274675
1099.26	0.0273454
1099.39	0.0275896
1099.53	0.0280168
1099.66	0.0275285
1099.79	0.0278337
1099.93	0.026674
1100.06	0.0272233
1100.19	0.026735
1100.33	0.0269181
1100.46	0.0276506
1100.59	0.0270402
1100.73	0.0275285
1100.86	0.0278948
1100.99	0.0285052
1101.13	0.0271013
1101.26	0.026735
1101.4	0.0274065
1101.53	0.026735
1101.66	0.0274065
1101.8	0.0272233
1101.93	0.0273454
1102.06	0.0275285
1102.2	0.0270402
1102.33	0.0269181
1102.46	0.0281389
1102.6	0.0267961
1102.73	0.0271013
1102.87	0.0269792
1103	0.0272233
1103.13	0.0274065
1103.27	0.0271623
1103.4	0.0277117
1103.53	0.0273454
1103.67	0.0278948
1103.8	0.0275896
1103.93	0.0274675
1104.07	0.0274675
1104.2	0.0268571
1104.34	0.0281389
1104.47	0.0280168
1104.6	0.028261
1104.74	0.0275896
1104.87	0.0273454
1105	0.0275285
1105.14	0.0274675
1105.27	0.0271013
1105.4	0.026674
1105.54	0.0261246
1105.67	0.0274065
1105.8	0.0280168
1105.94	0.0272233
1106.07	0.028322
1106.21	0.0275896
1106.34	0.0280168
1106.47	0.0274065
1106.61	0.0272844
1106.74	0.0274065
1106.87	0.0273454
1107.01	0.0274675
1107.14	0.0271623
1107.27	0.0277117
1107.41	0.0278948
1107.54	0.0274675

