Source: Spectrum Viewer

Chart: Pulse Spectrum

Series: 
Wavelength (nm)	S (a.u.)
617.638	0.0348846
617.773	0.0338252
617.908	0.0337495
618.043	0.0337495
618.178	0.0337495
618.313	0.0337495
618.448	0.0341279
618.583	0.0337495
618.718	0.0339765
618.853	0.0335982
618.988	0.0345062
619.123	0.0338252
619.258	0.0329171
619.394	0.0336739
619.529	0.0339009
619.664	0.0342792
619.799	0.0330685
619.934	0.0341279
620.069	0.0347333
620.204	0.0342036
620.339	0.0346576
620.474	0.0345819
620.609	0.0344306
620.744	0.0342036
620.879	0.0334468
621.014	0.0345062
621.149	0.0339009
621.284	0.0330685
621.419	0.0335225
621.554	0.0339009
621.689	0.0342792
621.825	0.0329171
621.96	0.0330685
622.095	0.0335225
622.23	0.0336739
622.365	0.0335982
622.5	0.0342036
622.635	0.0342792
622.77	0.0327658
622.905	0.0340522
623.04	0.0336739
623.175	0.0335225
623.31	0.0353386
623.445	0.0339765
623.58	0.0339765
623.715	0.0349603
623.85	0.0340522
623.985	0.0342036
624.12	0.0348089
624.255	0.0335225
624.39	0.0345062
624.525	0.0335982
624.661	0.0337495
624.796	0.0349603
624.931	0.0343549
625.066	0.0339009
625.201	0.0348089
625.336	0.0343549
625.471	0.0341279
625.606	0.0342036
625.741	0.0348089
625.876	0.0336739
626.011	0.0334468
626.146	0.0329928
626.281	0.0340522
626.416	0.0337495
626.551	0.0341279
626.686	0.0337495
626.821	0.0332198
626.956	0.0339009
627.091	0.0341279
627.226	0.0341279
627.361	0.0330685
627.496	0.0330685
627.631	0.0330685
627.766	0.0337495
627.901	0.0334468
628.036	0.0340522
628.171	0.0334468
628.307	0.0342792
628.442	0.0340522
628.577	0.0339009
628.712	0.0341279
628.847	0.0344306
628.982	0.0337495
629.117	0.0335225
629.252	0.0340522
629.387	0.0347333
629.522	0.0331442
629.657	0.0335982
629.792	0.0347333
629.927	0.0335982
630.062	0.0339765
630.197	0.0335225
630.332	0.0341279
630.467	0.0345062
630.602	0.0338252
630.737	0.0342792
630.872	0.0339009
631.007	0.0332198
631.142	0.0334468
631.277	0.0340522
631.412	0.0342036
631.547	0.0335225
631.682	0.0333712
631.817	0.0336739
631.952	0.0323118
632.087	0.0333712
632.222	0.0337495
632.357	0.0342036
632.492	0.0334468
632.627	0.0335225
632.762	0.0340522
632.897	0.0334468
633.032	0.0336739
633.167	0.0334468
633.302	0.0332198
633.437	0.0332955
633.572	0.0335225
633.707	0.0343549
633.842	0.0340522
633.978	0.0337495
634.113	0.0348089
634.248	0.0336739
634.383	0.0348846
634.518	0.0330685
634.653	0.0333712
634.788	0.0335982
634.923	0.0335982
635.058	0.0346576
635.193	0.0335225
635.328	0.0336739
635.463	0.0335225
635.598	0.0329928
635.733	0.0331442
635.868	0.0334468
636.003	0.0342792
636.138	0.0341279
636.273	0.0331442
636.408	0.0335982
636.543	0.0328415
636.678	0.0338252
636.813	0.0329928
636.948	0.0342792
637.083	0.0333712
637.218	0.0342792
637.353	0.0329171
637.488	0.0336739
637.623	0.0340522
637.758	0.0334468
637.893	0.0339765
638.028	0.0329928
638.163	0.0344306
638.298	0.0334468
638.433	0.0332955
638.568	0.0329928
638.703	0.0325388
638.838	0.0327658
638.973	0.0335982
639.108	0.0334468
639.243	0.0335982
639.378	0.0331442
639.513	0.0329171
639.648	0.0334468
639.783	0.0354143
639.918	0.0337495
640.053	0.0323874
640.188	0.0337495
640.323	0.0335225
640.458	0.0333712
640.593	0.0343549
640.728	0.0336739
640.863	0.0334468
640.998	0.0341279
641.133	0.0337495
641.268	0.0334468
641.403	0.0339009
641.538	0.0342792
641.673	0.0339009
641.808	0.0333712
641.943	0.0343549
642.078	0.0329171
642.213	0.0332955
642.348	0.0342036
642.483	0.0346576
642.618	0.0335225
642.753	0.0338252
642.888	0.0332198
643.023	0.0341279
643.158	0.0329928
643.293	0.0343549
643.428	0.0331442
643.563	0.0342792
643.698	0.0342036
643.833	0.0345819
643.968	0.0335225
644.103	0.0334468
644.237	0.0337495
644.372	0.0334468
644.507	0.0344306
644.642	0.0339765
644.777	0.0335225
644.912	0.0338252
645.047	0.0335225
645.182	0.0347333
645.317	0.0342036
645.452	0.0344306
645.587	0.0340522
645.722	0.0325388
645.857	0.0337495
645.992	0.0332955
646.127	0.0338252
646.262	0.0328415
646.397	0.0316307
646.532	0.0334468
646.667	0.0345819
646.802	0.0337495
646.937	0.0351873
647.072	0.0339765
647.207	0.0339765
647.342	0.0341279
647.477	0.0332198
647.612	0.0332955
647.747	0.0332955
647.882	0.0341279
648.017	0.0332955
648.152	0.0345062
648.287	0.0334468
648.422	0.0334468
648.557	0.0328415
648.692	0.0340522
648.827	0.0343549
648.962	0.0342036
649.097	0.0349603
649.232	0.0350359
649.367	0.0339765
649.502	0.0344306
649.637	0.0332198
649.772	0.0343549
649.906	0.0332955
650.041	0.0345062
650.176	0.0332198
650.311	0.0348846
650.446	0.0335225
650.581	0.0333712
650.716	0.0336739
650.851	0.0342036
650.986	0.0337495
651.121	0.0341279
651.256	0.0331442
651.391	0.0329928
651.526	0.0353386
651.661	0.0338252
651.796	0.0340522
651.931	0.0343549
652.066	0.0330685
652.201	0.0342036
652.336	0.0336739
652.471	0.0329171
652.606	0.0330685
652.741	0.0335982
652.876	0.0338252
653.011	0.0337495
653.146	0.0335225
653.281	0.0339009
653.415	0.0335982
653.55	0.0330685
653.685	0.0346576
653.82	0.0334468
653.955	0.0335982
654.09	0.0343549
654.225	0.0339009
654.36	0.0341279
654.495	0.0339765
654.63	0.0344306
654.765	0.0332198
654.9	0.0339765
655.035	0.0332955
655.17	0.0336739
655.305	0.0338252
655.44	0.0335225
655.575	0.0338252
655.71	0.0335225
655.845	0.0339765
655.98	0.0343549
656.115	0.0334468
656.25	0.0329928
656.384	0.0332955
656.519	0.0334468
656.654	0.0332955
656.789	0.0338252
656.924	0.0340522
657.059	0.0342036
657.194	0.0335225
657.329	0.0349603
657.464	0.0336739
657.599	0.0332198
657.734	0.0337495
657.869	0.0342792
658.004	0.0335982
658.139	0.0335225
658.274	0.0334468
658.409	0.0332198
658.544	0.0341279
658.679	0.0338252
658.813	0.0346576
658.948	0.0335982
659.083	0.0341279
659.218	0.0343549
659.353	0.0326901
659.488	0.0336739
659.623	0.0332955
659.758	0.0338252
659.893	0.0323874
660.028	0.0325388
660.163	0.0340522
660.298	0.0335225
660.433	0.0341279
660.568	0.0344306
660.703	0.0334468
660.838	0.0332198
660.972	0.0335982
661.107	0.0328415
661.242	0.0341279
661.377	0.0334468
661.512	0.0335225
661.647	0.0335982
661.782	0.0338252
661.917	0.0338252
662.052	0.0342792
662.187	0.0327658
662.322	0.0338252
662.457	0.0336739
662.592	0.0334468
662.727	0.0335225
662.862	0.0336739
662.996	0.0337495
663.131	0.0329171
663.266	0.0347333
663.401	0.0330685
663.536	0.0334468
663.671	0.0347333
663.806	0.0339765
663.941	0.0340522
664.076	0.0343549
664.211	0.0340522
664.346	0.0336739
664.481	0.0336739
664.616	0.0326901
664.75	0.0333712
664.885	0.0335982
665.02	0.0336739
665.155	0.0336739
665.29	0.0337495
665.425	0.0332955
665.56	0.0328415
665.695	0.0328415
665.83	0.0336739
665.965	0.0338252
666.1	0.0331442
666.235	0.0342036
666.37	0.0337495
666.504	0.0343549
666.639	0.0335225
666.774	0.0326145
666.909	0.0337495
667.044	0.0337495
667.179	0.0331442
667.314	0.0331442
667.449	0.0345062
667.584	0.0338252
667.719	0.0335982
667.854	0.0339009
667.989	0.0344306
668.123	0.0324631
668.258	0.0334468
668.393	0.0344306
668.528	0.0334468
668.663	0.0339765
668.798	0.0339765
668.933	0.0325388
669.068	0.0337495
669.203	0.0333712
669.338	0.0332198
669.473	0.0345062
669.607	0.0342036
669.742	0.0332955
669.877	0.0339009
670.012	0.0344306
670.147	0.0338252
670.282	0.0329171
670.417	0.0339009
670.552	0.0349603
670.687	0.0343549
670.822	0.0339009
670.957	0.0339009
671.091	0.0333712
671.226	0.0336739
671.361	0.0333712
671.496	0.0339765
671.631	0.0347333
671.766	0.0332198
671.901	0.0327658
672.036	0.0342792
672.171	0.0328415
672.306	0.0325388
672.44	0.0339765
672.575	0.0329928
672.71	0.0345062
672.845	0.0340522
672.98	0.0347333
673.115	0.0329928
673.25	0.0333712
673.385	0.0340522
673.52	0.0337495
673.655	0.0335225
673.789	0.0349603
673.924	0.0341279
674.059	0.0343549
674.194	0.0344306
674.329	0.0342036
674.464	0.0331442
674.599	0.0339765
674.734	0.0335225
674.869	0.0340522
675.003	0.0333712
675.138	0.0347333
675.273	0.0329171
675.408	0.0345062
675.543	0.0337495
675.678	0.0350359
675.813	0.0342036
675.948	0.0348846
676.083	0.0333712
676.217	0.0323118
676.352	0.0331442
676.487	0.0345062
676.622	0.0348089
676.757	0.0343549
676.892	0.0339765
677.027	0.0341279
677.162	0.0340522
677.297	0.0341279
677.431	0.0340522
677.566	0.0334468
677.701	0.0339765
677.836	0.0336739
677.971	0.0340522
678.106	0.0351116
678.241	0.0342792
678.376	0.0345062
678.511	0.0339765
678.645	0.0336739
678.78	0.0340522
678.915	0.0348846
679.05	0.0337495
679.185	0.0340522
679.32	0.0340522
679.455	0.0337495
679.59	0.0343549
679.724	0.0339765
679.859	0.0337495
679.994	0.0327658
680.129	0.0342036
680.264	0.0338252
680.399	0.0331442
680.534	0.0332198
680.669	0.0331442
680.803	0.0345819
680.938	0.0328415
681.073	0.0349603
681.208	0.0335982
681.343	0.0345819
681.478	0.0335225
681.613	0.0339009
681.748	0.0333712
681.882	0.0342792
682.017	0.0343549
682.152	0.0345819
682.287	0.0347333
682.422	0.0342792
682.557	0.0329928
682.692	0.0336739
682.827	0.0344306
682.961	0.0337495
683.096	0.0342036
683.231	0.0342792
683.366	0.0340522
683.501	0.0339765
683.636	0.0341279
683.771	0.0345062
683.906	0.0354143
684.04	0.0342036
684.175	0.0343549
684.31	0.0345062
684.445	0.0344306
684.58	0.0345062
684.715	0.0339009
684.85	0.0340522
684.984	0.0335225
685.119	0.0345819
685.254	0.0335982
685.389	0.0332955
685.524	0.0325388
685.659	0.0339009
685.794	0.0332198
685.928	0.0343549
686.063	0.0331442
686.198	0.0333712
686.333	0.0340522
686.468	0.0336739
686.603	0.0335982
686.738	0.0339765
686.872	0.0340522
687.007	0.0331442
687.142	0.0344306
687.277	0.0342792
687.412	0.0323118
687.547	0.0337495
687.682	0.0340522
687.816	0.0342792
687.951	0.0339765
688.086	0.0339765
688.221	0.0337495
688.356	0.0335225
688.491	0.0335982
688.626	0.0340522
688.76	0.0336739
688.895	0.0345819
689.03	0.0326901
689.165	0.0346576
689.3	0.0333712
689.435	0.0343549
689.57	0.0326145
689.704	0.0331442
689.839	0.0341279
689.974	0.0337495
690.109	0.0326901
690.244	0.0345062
690.379	0.0337495
690.513	0.0337495
690.648	0.0347333
690.783	0.0334468
690.918	0.0338252
691.053	0.0335982
691.188	0.0348089
691.323	0.0337495
691.457	0.0339009
691.592	0.0347333
691.727	0.0329928
691.862	0.0339765
691.997	0.0334468
692.132	0.0341279
692.266	0.0338252
692.401	0.0336739
692.536	0.0335225
692.671	0.0340522
692.806	0.0330685
692.941	0.0329171
693.075	0.0337495
693.21	0.0339009
693.345	0.0342792
693.48	0.0344306
693.615	0.0338252
693.75	0.0333712
693.885	0.0338252
694.019	0.0335982
694.154	0.0332198
694.289	0.0342036
694.424	0.0337495
694.559	0.0335225
694.694	0.0335982
694.828	0.0343549
694.963	0.0340522
695.098	0.0341279
695.233	0.0346576
695.368	0.0331442
695.503	0.0320848
695.637	0.0342036
695.772	0.0340522
695.907	0.0343549
696.042	0.0337495
696.177	0.0334468
696.312	0.0333712
696.446	0.0339765
696.581	0.0326145
696.716	0.0337495
696.851	0.0345062
696.986	0.0338252
697.12	0.0336739
697.255	0.0344306
697.39	0.0332955
697.525	0.0341279
697.66	0.0338252
697.795	0.0334468
697.929	0.0334468
698.064	0.0329928
698.199	0.0340522
698.334	0.0337495
698.469	0.0333712
698.604	0.0343549
698.738	0.0333712
698.873	0.0337495
699.008	0.0340522
699.143	0.0337495
699.278	0.0334468
699.412	0.0344306
699.547	0.0330685
699.682	0.0325388
699.817	0.0331442
699.952	0.0337495
700.087	0.0337495
700.221	0.0332955
700.356	0.0332955
700.491	0.0339765
700.626	0.0344306
700.761	0.0337495
700.895	0.0332198
701.03	0.0345062
701.165	0.0340522
701.3	0.0340522
701.435	0.0327658
701.57	0.0339009
701.704	0.0339009
701.839	0.0337495
701.974	0.0335225
702.109	0.0344306
702.244	0.035263
702.378	0.0348089
702.513	0.0335225
702.648	0.0338252
702.783	0.0339009
702.918	0.0333712
703.052	0.0339765
703.187	0.0342036
703.322	0.0332955
703.457	0.0345062
703.592	0.0326901
703.727	0.0342792
703.861	0.0332198
703.996	0.0334468
704.131	0.0337495
704.266	0.0341279
704.401	0.0343549
704.535	0.0339765
704.67	0.0338252
704.805	0.035263
704.94	0.0337495
705.075	0.0331442
705.209	0.0335982
705.344	0.0339765
705.479	0.0340522
705.614	0.0344306
705.749	0.0339009
705.883	0.0345062
706.018	0.0341279
706.153	0.0336739
706.288	0.0336739
706.423	0.0337495
706.557	0.0330685
706.692	0.0335982
706.827	0.0345062
706.962	0.0344306
707.097	0.0326145
707.231	0.0343549
707.366	0.0325388
707.501	0.0332955
707.636	0.0331442
707.771	0.0326901
707.905	0.0337495
708.04	0.0330685
708.175	0.0353386
708.31	0.0338252
708.445	0.0323874
708.579	0.0345819
708.714	0.0345819
708.849	0.0335225
708.984	0.0333712
709.118	0.0339765
709.253	0.0332955
709.388	0.0353386
709.523	0.0332198
709.658	0.0335225
709.792	0.0335982
709.927	0.0341279
710.062	0.0344306
710.197	0.0347333
710.332	0.0338252
710.466	0.0340522
710.601	0.0339009
710.736	0.0332198
710.871	0.0332955
711.006	0.0340522
711.14	0.0334468
711.275	0.0322361
711.41	0.0334468
711.545	0.0345062
711.679	0.0339765
711.814	0.0332198
711.949	0.0339765
712.084	0.0326145
712.219	0.0339765
712.353	0.0345062
712.488	0.0342792
712.623	0.0342792
712.758	0.0332198
712.892	0.0331442
713.027	0.0339765
713.162	0.0340522
713.297	0.0342792
713.432	0.0339009
713.566	0.0342792
713.701	0.0335225
713.836	0.0339009
713.971	0.0330685
714.105	0.0332955
714.24	0.0339765
714.375	0.0344306
714.51	0.035263
714.645	0.0337495
714.779	0.0348089
714.914	0.0332198
715.049	0.0336739
715.184	0.0347333
715.318	0.0333712
715.453	0.0338252
715.588	0.0338252
715.723	0.0326145
715.858	0.0332955
715.992	0.0344306
716.127	0.0333712
716.262	0.0341279
716.397	0.0331442
716.531	0.0335225
716.666	0.0334468
716.801	0.0335982
716.936	0.0341279
717.07	0.0331442
717.205	0.0341279
717.34	0.0325388
717.475	0.0337495
717.61	0.0332955
717.744	0.0343549
717.879	0.0331442
718.014	0.0339009
718.149	0.0338252
718.283	0.0341279
718.418	0.0337495
718.553	0.0335982
718.688	0.0343549
718.822	0.0342792
718.957	0.0347333
719.092	0.0339765
719.227	0.0340522
719.361	0.0335982
719.496	0.0346576
719.631	0.0341279
719.766	0.0332198
719.9	0.0342792
720.035	0.0342036
720.17	0.0337495
720.305	0.0333712
720.44	0.0344306
720.574	0.0339765
720.709	0.0342792
720.844	0.0334468
720.979	0.0339009
721.113	0.0345819
721.248	0.0347333
721.383	0.0344306
721.518	0.0329928
721.652	0.0332955
721.787	0.0338252
721.922	0.0339009
722.057	0.0335225
722.191	0.0335225
722.326	0.0335982
722.461	0.0339765
722.596	0.0336739
722.73	0.0334468
722.865	0.0339009
723	0.0335982
723.135	0.0335225
723.269	0.0330685
723.404	0.0342036
723.539	0.0339765
723.674	0.0334468
723.808	0.0337495
723.943	0.0341279
724.078	0.0335225
724.213	0.0333712
724.347	0.0334468
724.482	0.0335225
724.617	0.0345062
724.752	0.0328415
724.886	0.0341279
725.021	0.0339765
725.156	0.0342792
725.291	0.0342792
725.425	0.0346576
725.56	0.0337495
725.695	0.0335225
725.829	0.0341279
725.964	0.0342036
726.099	0.0326901
726.234	0.0331442
726.368	0.0336739
726.503	0.0341279
726.638	0.0340522
726.773	0.0332955
726.907	0.0332198
727.042	0.0343549
727.177	0.0348089
727.312	0.0342036
727.446	0.0322361
727.581	0.0332955
727.716	0.0336739
727.851	0.0324631
727.985	0.0339009
728.12	0.0328415
728.255	0.0344306
728.389	0.0326145
728.524	0.0340522
728.659	0.0332198
728.794	0.0329928
728.928	0.0338252
729.063	0.0341279
729.198	0.0330685
729.333	0.0339765
729.467	0.0323118
729.602	0.0332198
729.737	0.0337495
729.872	0.0330685
730.006	0.0338252
730.141	0.0341279
730.276	0.0339765
730.41	0.0342792
730.545	0.0339765
730.68	0.0343549
730.815	0.0338252
730.949	0.0347333
731.084	0.0336739
731.219	0.0339009
731.354	0.0337495
731.488	0.0343549
731.623	0.0337495
731.758	0.0339765
731.892	0.0339765
732.027	0.0337495
732.162	0.0338252
732.297	0.0335982
732.431	0.0334468
732.566	0.0339765
732.701	0.0339765
732.835	0.0346576
732.97	0.0332955
733.105	0.0345062
733.24	0.0334468
733.374	0.0333712
733.509	0.0335982
733.644	0.0345062
733.779	0.0342792
733.913	0.0331442
734.048	0.0325388
734.183	0.0329928
734.317	0.0339009
734.452	0.0348089
734.587	0.0332198
734.722	0.0335982
734.856	0.0332198
734.991	0.035263
735.126	0.0332198
735.26	0.0329171
735.395	0.0332955
735.53	0.0337495
735.665	0.0327658
735.799	0.035263
735.934	0.0342792
736.069	0.0334468
736.203	0.0345062
736.338	0.0342036
736.473	0.0333712
736.607	0.0335982
736.742	0.0341279
736.877	0.0333712
737.012	0.0337495
737.146	0.0329171
737.281	0.0342036
737.416	0.0327658
737.55	0.0334468
737.685	0.0350359
737.82	0.0338252
737.955	0.0344306
738.089	0.0337495
738.224	0.0334468
738.359	0.0343549
738.493	0.0338252
738.628	0.0330685
738.763	0.0334468
738.897	0.0330685
739.032	0.0345819
739.167	0.0335225
739.302	0.0340522
739.436	0.0340522
739.571	0.0336739
739.706	0.0332955
739.84	0.0336739
739.975	0.0345062
740.11	0.0335225
740.244	0.0333712
740.379	0.0332198
740.514	0.0335982
740.649	0.0335225
740.783	0.0340522
740.918	0.0336739
741.053	0.0346576
741.187	0.0341279
741.322	0.0345819
741.457	0.0331442
741.591	0.0336739
741.726	0.0336739
741.861	0.0336739
741.996	0.0341279
742.13	0.0337495
742.265	0.0345819
742.4	0.0335225
742.534	0.0335982
742.669	0.0336739
742.804	0.0337495
742.938	0.0338252
743.073	0.0343549
743.208	0.0335225
743.342	0.0339009
743.477	0.0336739
743.612	0.0339765
743.747	0.0335982
743.881	0.0343549
744.016	0.0339765
744.151	0.0354143
744.285	0.0344306
744.42	0.0342792
744.555	0.0338252
744.689	0.0343549
744.824	0.0330685
744.959	0.0341279
745.093	0.0335982
745.228	0.0343549
745.363	0.0335225
745.497	0.0339765
745.632	0.0339765
745.767	0.0334468
745.901	0.0326901
746.036	0.0335225
746.171	0.0337495
746.305	0.0344306
746.44	0.0335982
746.575	0.0329928
746.71	0.0342792
746.844	0.0333712
746.979	0.0344306
747.114	0.0338252
747.248	0.0339765
747.383	0.0341279
747.518	0.0331442
747.652	0.0342036
747.787	0.0337495
747.922	0.0326145
748.056	0.0335225
748.191	0.0329928
748.326	0.0334468
748.46	0.0342036
748.595	0.0330685
748.73	0.0356413
748.864	0.0342036
748.999	0.0330685
749.134	0.0337495
749.268	0.0333712
749.403	0.0332198
749.538	0.0332198
749.672	0.0341279
749.807	0.0337495
749.942	0.0342036
750.076	0.0342792
750.211	0.0332955
750.346	0.0340522
750.48	0.0341279
750.615	0.0339765
750.75	0.0345062
750.884	0.0317064
751.019	0.0342036
751.154	0.0347333
751.288	0.0338252
751.423	0.0342792
751.558	0.0338252
751.692	0.0334468
751.827	0.0329171
751.962	0.0345819
752.096	0.0330685
752.231	0.0342792
752.366	0.0334468
752.5	0.0324631
752.635	0.0336739
752.77	0.0349603
752.904	0.0325388
753.039	0.0334468
753.174	0.0333712
753.308	0.0333712
753.443	0.0333712
753.578	0.0329171
753.712	0.0323874
753.847	0.0340522
753.982	0.0332955
754.116	0.0325388
754.251	0.0326901
754.386	0.0343549
754.52	0.0344306
754.655	0.0340522
754.79	0.0347333
754.924	0.0345062
755.059	0.0343549
755.194	0.0332955
755.328	0.0335225
755.463	0.0339009
755.597	0.0332955
755.732	0.0342792
755.867	0.0339009
756.001	0.0329928
756.136	0.0336739
756.271	0.0336739
756.405	0.0327658
756.54	0.0335982
756.675	0.0319334
756.809	0.0339765
756.944	0.0323874
757.079	0.0329171
757.213	0.0333712
757.348	0.0337495
757.483	0.0332955
757.617	0.0342792
757.752	0.0331442
757.887	0.0341279
758.021	0.0341279
758.156	0.0344306
758.29	0.0335982
758.425	0.0329171
758.56	0.0335982
758.694	0.0336739
758.829	0.0341279
758.964	0.0322361
759.098	0.0338252
759.233	0.0340522
759.368	0.0334468
759.502	0.0344306
759.637	0.0346576
759.772	0.0329171
759.906	0.0340522
760.041	0.0340522
760.175	0.0328415
760.31	0.0334468
760.445	0.0342792
760.579	0.0338252
760.714	0.0333712
760.849	0.0332198
760.983	0.0332198
761.118	0.0323118
761.253	0.0339009
761.387	0.0332198
761.522	0.0321604
761.656	0.0342036
761.791	0.0342036
761.926	0.0336739
762.06	0.0332198
762.195	0.0345062
762.33	0.0325388
762.464	0.0339009
762.599	0.0337495
762.733	0.0337495
762.868	0.0334468
763.003	0.0334468
763.137	0.0342036
763.272	0.0345062
763.407	0.0336739
763.541	0.0338252
763.676	0.0342036
763.811	0.0343549
763.945	0.0332955
764.08	0.0335225
764.214	0.0341279
764.349	0.0342036
764.484	0.0350359
764.618	0.0327658
764.753	0.0335225
764.888	0.0342792
765.022	0.0345819
765.157	0.0336739
765.291	0.0344306
765.426	0.0331442
765.561	0.0340522
765.695	0.0338252
765.83	0.0342792
765.965	0.0336739
766.099	0.0339009
766.234	0.0344306
766.368	0.0345062
766.503	0.0345062
766.638	0.0342036
766.772	0.0339765
766.907	0.0335982
767.041	0.0339765
767.176	0.0329928
767.311	0.0341279
767.445	0.0343549
767.58	0.0337495
767.715	0.0342036
767.849	0.0351116
767.984	0.0333712
768.118	0.0334468
768.253	0.0333712
768.388	0.0345819
768.522	0.0335982
768.657	0.0346576
768.791	0.0332198
768.926	0.0339009
769.061	0.0345819
769.195	0.0340522
769.33	0.0335982
769.465	0.0335982
769.599	0.0337495
769.734	0.0345062
769.868	0.0331442
770.003	0.0339009
770.138	0.0326901
770.272	0.0326901
770.407	0.0342792
770.541	0.0326145
770.676	0.0332198
770.811	0.0338252
770.945	0.0335982
771.08	0.0330685
771.214	0.0335982
771.349	0.0344306
771.484	0.0332198
771.618	0.0335225
771.753	0.0350359
771.887	0.0348089
772.022	0.0335225
772.157	0.0341279
772.291	0.0340522
772.426	0.0338252
772.56	0.0340522
772.695	0.0338252
772.83	0.0337495
772.964	0.0329171
773.099	0.0335982
773.233	0.0335225
773.368	0.0334468
773.503	0.0339765
773.637	0.0331442
773.772	0.0335225
773.906	0.0327658
774.041	0.0342036
774.176	0.0338252
774.31	0.0343549
774.445	0.0335225
774.579	0.0331442
774.714	0.0341279
774.849	0.0342792
774.983	0.0336739
775.118	0.0329928
775.252	0.0336739
775.387	0.0341279
775.522	0.0334468
775.656	0.0338252
775.791	0.0349603
775.925	0.0336739
776.06	0.0339009
776.195	0.0336739
776.329	0.0339009
776.464	0.0341279
776.598	0.0343549
776.733	0.0336739
776.868	0.0335982
777.002	0.0336739
777.137	0.0337495
777.271	0.0335982
777.406	0.0332955
777.54	0.0349603
777.675	0.0322361
777.81	0.0332198
777.944	0.0339009
778.079	0.0342036
778.213	0.0333712
778.348	0.0335982
778.483	0.0330685
778.617	0.0339765
778.752	0.0333712
778.886	0.0351116
779.021	0.0345819
779.155	0.0339765
779.29	0.0331442
779.425	0.0336739
779.559	0.0333712
779.694	0.0342036
779.828	0.0336739
779.963	0.0339765
780.098	0.0328415
780.232	0.0342036
780.367	0.0338252
780.501	0.0348089
780.636	0.0335225
780.77	0.0331442
780.905	0.0343549
781.04	0.0325388
781.174	0.0339009
781.309	0.0340522
781.443	0.0337495
781.578	0.0339765
781.712	0.0340522
781.847	0.0332955
781.982	0.0335225
782.116	0.0342792
782.251	0.0339009
782.385	0.0335225
782.52	0.0340522
782.654	0.0338252
782.789	0.0342792
782.924	0.0345062
783.058	0.0334468
783.193	0.0345062
783.327	0.0351873
783.462	0.0329928
783.596	0.0329171
783.731	0.0334468
783.866	0.0335982
784	0.0337495
784.135	0.0325388
784.269	0.0326901
784.404	0.0332198
784.538	0.0345819
784.673	0.0345819
784.808	0.0350359
784.942	0.0332955
785.077	0.0339765
785.211	0.0328415
785.346	0.0332955
785.48	0.0332198
785.615	0.0342036
785.75	0.0335225
785.884	0.0339009
786.019	0.0345819
786.153	0.0340522
786.288	0.0342036
786.422	0.0329928
786.557	0.0342036
786.691	0.0335225
786.826	0.0337495
786.961	0.0335225
787.095	0.0342792
787.23	0.0345062
787.364	0.0335225
787.499	0.0330685
787.633	0.0334468
787.768	0.0332198
787.902	0.0330685
788.037	0.0337495
788.172	0.0337495
788.306	0.0336739
788.441	0.0332955
788.575	0.0339765
788.71	0.0333712
788.844	0.0339009
788.979	0.0330685
789.113	0.0356413
789.248	0.0339765
789.383	0.0332955
789.517	0.0340522
789.652	0.0341279
789.786	0.0340522
789.921	0.0339765
790.055	0.0334468
790.19	0.0339009
790.324	0.0338252
790.459	0.0342036
790.594	0.0340522
790.728	0.0348846
790.863	0.0345062
790.997	0.0338252
791.132	0.0328415
791.266	0.0345819
791.401	0.0341279
791.535	0.0339009
791.67	0.0344306
791.804	0.0341279
791.939	0.0332198
792.074	0.0348846
792.208	0.0323874
792.343	0.0331442
792.477	0.0331442
792.612	0.0335225
792.746	0.0339765
792.881	0.0329171
793.015	0.0336739
793.15	0.0343549
793.284	0.0342036
793.419	0.0332955
793.553	0.0345062
793.688	0.0333712
793.823	0.0333712
793.957	0.0335982
794.092	0.0328415
794.226	0.0349603
794.361	0.0340522
794.495	0.0329928
794.63	0.0339765
794.764	0.0349603
794.899	0.0344306
795.033	0.0337495
795.168	0.0333712
795.302	0.0337495
795.437	0.0338252
795.572	0.0322361
795.706	0.0330685
795.841	0.0340522
795.975	0.0346576
796.11	0.0333712
796.244	0.0340522
796.379	0.0348846
796.513	0.0328415
796.648	0.0332955
796.782	0.0351116
796.917	0.0336739
797.051	0.0340522
797.186	0.0345819
797.32	0.0332955
797.455	0.0342792
797.589	0.0342792
797.724	0.0335982
797.859	0.0335225
797.993	0.0343549
798.128	0.0326901
798.262	0.0345819
798.397	0.0345062
798.531	0.0328415
798.666	0.0332198
798.8	0.0342792
798.935	0.0339009
799.069	0.0340522
799.204	0.0337495
799.338	0.0336739
799.473	0.0346576
799.607	0.0332955
799.742	0.0339009
799.876	0.0345819
800.011	0.0334468
800.145	0.0343549
800.28	0.0345062
800.414	0.0342792
800.549	0.0340522
800.683	0.0345819
800.818	0.0346576
800.953	0.0348846
801.087	0.0336739
801.222	0.0342792
801.356	0.0353386
801.491	0.0335225
801.625	0.0344306
801.76	0.035263
801.894	0.0344306
802.029	0.0339765
802.163	0.0353386
802.298	0.0348846
802.432	0.0343549
802.567	0.0348089
802.701	0.0339765
802.836	0.0355656
802.97	0.0348846
803.105	0.0348089
803.239	0.036398
803.374	0.035263
803.508	0.0356413
803.643	0.0351873
803.777	0.035944
803.912	0.0348089
804.046	0.0355656
804.181	0.0351873
804.315	0.0351873
804.45	0.0346576
804.584	0.036171
804.719	0.0370791
804.853	0.0351873
804.988	0.0369277
805.122	0.0356413
805.257	0.0376844
805.391	0.0370791
805.526	0.0371547
805.66	0.0376088
805.795	0.0389709
805.929	0.0398789
806.064	0.0399546
806.198	0.0395006
806.333	0.0401816
806.467	0.0409383
806.602	0.0425274
806.736	0.0434355
806.871	0.0443435
807.005	0.0473704
807.14	0.0532728
807.274	0.0656829
807.409	0.161029
807.543	0.253954
807.678	0.205373
807.812	0.198335
807.947	0.397276
808.081	0.677942
808.216	1
808.35	0.998714
808.485	0.940219
808.619	0.598714
808.754	0.281271
808.888	0.208021
809.023	0.291941
809.157	0.474309
809.292	0.303973
809.426	0.0951949
809.561	0.0451759
809.695	0.0390465
809.83	0.0394249
809.964	0.0394249
810.099	0.0376844
810.233	0.0381385
810.368	0.0370791
810.502	0.0365494
810.637	0.0353386
810.771	0.0380628
810.906	0.035944
811.04	0.0356413
811.175	0.035944
811.309	0.035717
811.444	0.0351116
811.578	0.0342792
811.713	0.0348846
811.847	0.0349603
811.982	0.0356413
812.116	0.0350359
812.251	0.0356413
812.385	0.0342792
812.519	0.0360953
812.654	0.0355656
812.788	0.0344306
812.923	0.03549
813.057	0.0344306
813.192	0.0340522
813.326	0.0360197
813.461	0.0339765
813.595	0.0346576
813.73	0.0346576
813.864	0.0346576
813.999	0.035717
814.133	0.0342036
814.268	0.0340522
814.402	0.0342036
814.537	0.0338252
814.671	0.0336739
814.806	0.0330685
814.94	0.0343549
815.075	0.0337495
815.209	0.0342792
815.344	0.0349603
815.478	0.0335225
815.612	0.0337495
815.747	0.0347333
815.881	0.0335982
816.016	0.0342792
816.15	0.0329928
816.285	0.0343549
816.419	0.0347333
816.554	0.0345819
816.688	0.0331442
816.823	0.0340522
816.957	0.0351873
817.092	0.0331442
817.226	0.0332198
817.361	0.0339765
817.495	0.0343549
817.63	0.0337495
817.764	0.0332955
817.898	0.0335225
818.033	0.0340522
818.167	0.0348089
818.302	0.0339765
818.436	0.0341279
818.571	0.0346576
818.705	0.0341279
818.84	0.0342792
818.974	0.0344306
819.109	0.0345062
819.243	0.0342036
819.378	0.0330685
819.512	0.0343549
819.646	0.0339009
819.781	0.0350359
819.915	0.0354143
820.05	0.0339009
820.184	0.0339765
820.319	0.0340522
820.453	0.0338252
820.588	0.0339009
820.722	0.0342792
820.857	0.0349603
820.991	0.0339009
821.126	0.0342036
821.26	0.0349603
821.394	0.0341279
821.529	0.0336739
821.663	0.0337495
821.798	0.0342792
821.932	0.0339009
822.067	0.0339765
822.201	0.0330685
822.336	0.0346576
822.47	0.0332955
822.605	0.0348846
822.739	0.0340522
822.873	0.0330685
823.008	0.0328415
823.142	0.0342792
823.277	0.0339009
823.411	0.0335225
823.546	0.0336739
823.68	0.0335225
823.815	0.0337495
823.949	0.0338252
824.083	0.0329928
824.218	0.0331442
824.352	0.0340522
824.487	0.0329171
824.621	0.0335225
824.756	0.0348089
824.89	0.0336739
825.025	0.0343549
825.159	0.0338252
825.293	0.0328415
825.428	0.0330685
825.562	0.0344306
825.697	0.0348089
825.831	0.0351873
825.966	0.0350359
826.1	0.0335225
826.235	0.0342036
826.369	0.0333712
826.503	0.0348846
826.638	0.0338252
826.772	0.0329171
826.907	0.0335225
827.041	0.0331442
827.176	0.0343549
827.31	0.0345819
827.445	0.0339765
827.579	0.0335225
827.713	0.0329171
827.848	0.0340522
827.982	0.0332955
828.117	0.0338252
828.251	0.0327658
828.386	0.0339009
828.52	0.0345819
828.654	0.0343549
828.789	0.0330685
828.923	0.0335225
829.058	0.0344306
829.192	0.0348846
829.327	0.0342036
829.461	0.0342036
829.596	0.0334468
829.73	0.0344306
829.864	0.0330685
829.999	0.0341279
830.133	0.0324631
830.268	0.0345062
830.402	0.0335225
830.537	0.0334468
830.671	0.0339765
830.805	0.0336739
830.94	0.0340522
831.074	0.0339009
831.209	0.0339765
831.343	0.0339765
831.478	0.0335225
831.612	0.0331442
831.746	0.0336739
831.881	0.0332198
832.015	0.0345819
832.15	0.0329171
832.284	0.0343549
832.418	0.0344306
832.553	0.0346576
832.687	0.0328415
832.822	0.0342036
832.956	0.0340522
833.091	0.0326145
833.225	0.0339765
833.359	0.0337495
833.494	0.0346576
833.628	0.0340522
833.763	0.0338252
833.897	0.0341279
834.032	0.0332955
834.166	0.0340522
834.3	0.0335225
834.435	0.0337495
834.569	0.0329928
834.704	0.0335982
834.838	0.0342792
834.972	0.0338252
835.107	0.0341279
835.241	0.0332955
835.376	0.0343549
835.51	0.0332955
835.645	0.0337495
835.779	0.0323118
835.913	0.0335982
836.048	0.0345062
836.182	0.0348089
836.317	0.0342036
836.451	0.0335225
836.585	0.0353386
836.72	0.0340522
836.854	0.0344306
836.989	0.0349603
837.123	0.0331442
837.257	0.0337495
837.392	0.0342036
837.526	0.0339765
837.661	0.0331442
837.795	0.0333712
837.929	0.0332198
838.064	0.0336739
838.198	0.0334468
838.333	0.0336739
838.467	0.0336739
838.602	0.0339765
838.736	0.0341279
838.87	0.0332955
839.005	0.0336739
839.139	0.0343549
839.274	0.0334468
839.408	0.0342036
839.542	0.0336739
839.677	0.0341279
839.811	0.0332955
839.946	0.0337495
840.08	0.0332198
840.214	0.0329171
840.349	0.0348089
840.483	0.0335982
840.618	0.0338252
840.752	0.0341279
840.886	0.0340522
841.021	0.0336739
841.155	0.0339765
841.29	0.0337495
841.424	0.0340522
841.558	0.0335225
841.693	0.0332955
841.827	0.0333712
841.961	0.0339765
842.096	0.0335982
842.23	0.0337495
842.365	0.0336739
842.499	0.0342792
842.633	0.0337495
842.768	0.0325388
842.902	0.0338252
843.037	0.0340522
843.171	0.0338252
843.305	0.0344306
843.44	0.0337495
843.574	0.0341279
843.709	0.0346576
843.843	0.0346576
843.977	0.0338252
844.112	0.0340522
844.246	0.0339765
844.381	0.0335225
844.515	0.0335982
844.649	0.0329171
844.784	0.0347333
844.918	0.0339009
845.052	0.0342792
845.187	0.0335225
845.321	0.0333712
845.456	0.0335982
845.59	0.0329171
845.724	0.0342036
845.859	0.0329171
845.993	0.0341279
846.128	0.0332198
846.262	0.0338252
846.396	0.0336739
846.531	0.0337495
846.665	0.0344306
846.799	0.0342036
846.934	0.0333712
847.068	0.0338252
847.203	0.0339009
847.337	0.0332955
847.471	0.0345819
847.606	0.0347333
847.74	0.0339009
847.874	0.0328415
848.009	0.0336739
848.143	0.0334468
848.278	0.0339009
848.412	0.0342792
848.546	0.0339765
848.681	0.0336739
848.815	0.0342036
848.949	0.0339765
849.084	0.0349603
849.218	0.0341279
849.353	0.0335982
849.487	0.0340522
849.621	0.0342036
849.756	0.0323874
849.89	0.0339009
850.024	0.0322361
850.159	0.0337495
850.293	0.0342036
850.428	0.0330685
850.562	0.0338252
850.696	0.0333712
850.831	0.0347333
850.965	0.0339765
851.099	0.0334468
851.234	0.035263
851.368	0.0337495
851.502	0.0337495
851.637	0.0340522
851.771	0.0330685
851.906	0.0341279
852.04	0.0335982
852.174	0.0329171
852.309	0.035263
852.443	0.0348089
852.577	0.0342792
852.712	0.0331442
852.846	0.0333712
852.98	0.0342792
853.115	0.0339009
853.249	0.0335982
853.384	0.0343549
853.518	0.0330685
853.652	0.0345819
853.787	0.0341279
853.921	0.0331442
854.055	0.0329171
854.19	0.0344306
854.324	0.0342036
854.458	0.0338252
854.593	0.0333712
854.727	0.0345819
854.861	0.0332955
854.996	0.0339765
855.13	0.0338252
855.265	0.0339009
855.399	0.0342036
855.533	0.0344306
855.668	0.0338252
855.802	0.0339009
855.936	0.0342036
856.071	0.0341279
856.205	0.0336739
856.339	0.0333712
856.474	0.0339765
856.608	0.0341279
856.742	0.0335225
856.877	0.0342792
857.011	0.0329171
857.145	0.0331442
857.28	0.0343549
857.414	0.0345819
857.549	0.0330685
857.683	0.0340522
857.817	0.0347333
857.952	0.0340522
858.086	0.0335982
858.22	0.0339765
858.355	0.0332955
858.489	0.0347333
858.623	0.0332198
858.758	0.0330685
858.892	0.0328415
859.026	0.0339765
859.161	0.0335982
859.295	0.0345062
859.429	0.0338252
859.564	0.0345062
859.698	0.0337495
859.832	0.0333712
859.967	0.0336739
860.101	0.0334468
860.235	0.0333712
860.37	0.0342036
860.504	0.0349603
860.638	0.0335982
860.773	0.0339009
860.907	0.0346576
861.041	0.0336739
861.176	0.0336739
861.31	0.0343549
861.444	0.0340522
861.579	0.0335982
861.713	0.0348846
861.847	0.0344306
861.982	0.0333712
862.116	0.0339765
862.25	0.0339009
862.385	0.0339765
862.519	0.0331442
862.653	0.0345819
862.788	0.0334468
862.922	0.0342036
863.056	0.0333712
863.191	0.0342792
863.325	0.0337495
863.459	0.0343549
863.594	0.0342036
863.728	0.0339009
863.862	0.0351873
863.997	0.0343549
864.131	0.0347333
864.265	0.0333712
864.4	0.0347333
864.534	0.0333712
864.668	0.0342792
864.803	0.0344306
864.937	0.0339765
865.071	0.0344306
865.206	0.0351873
865.34	0.0332955
865.474	0.0345062
865.609	0.0329928
865.743	0.0351873
865.877	0.0345819
866.012	0.0339009
866.146	0.0340522
866.28	0.0347333
866.415	0.0334468
866.549	0.0342036
866.683	0.0336739
866.818	0.0337495
866.952	0.0337495
867.086	0.0342036
867.221	0.0333712
867.355	0.0343549
867.489	0.0344306
867.623	0.0337495
867.758	0.0339765
867.892	0.0342036
868.026	0.0333712
868.161	0.0325388
868.295	0.0331442
868.429	0.0332955
868.564	0.0332955
868.698	0.0323874
868.832	0.0347333
868.967	0.0336739
869.101	0.0335225
869.235	0.0342036
869.37	0.0344306
869.504	0.0341279
869.638	0.0333712
869.773	0.0332198
869.907	0.0327658
870.041	0.0342036
870.175	0.0326901
870.31	0.0340522
870.444	0.0333712
870.578	0.0344306
870.713	0.0336739
870.847	0.0338252
870.981	0.0347333
871.116	0.0339009
871.25	0.0325388
871.384	0.0343549
871.519	0.0333712
871.653	0.0336739
871.787	0.0341279
871.921	0.0339009
872.056	0.0335225
872.19	0.0333712
872.324	0.0338252
872.459	0.0342036
872.593	0.0335982
872.727	0.0343549
872.862	0.0341279
872.996	0.0339009
873.13	0.0331442
873.264	0.0346576
873.399	0.0340522
873.533	0.0345062
873.667	0.0330685
873.802	0.0334468
873.936	0.0339765
874.07	0.0329928
874.205	0.0327658
874.339	0.0342792
874.473	0.0340522
874.607	0.0342036
874.742	0.0340522
874.876	0.0347333
875.01	0.0342036
875.145	0.0337495
875.279	0.0340522
875.413	0.0331442
875.548	0.0339009
875.682	0.0344306
875.816	0.0334468
875.95	0.0333712
876.085	0.0344306
876.219	0.0345819
876.353	0.0345819
876.488	0.0336739
876.622	0.0343549
876.756	0.0328415
876.89	0.0342792
877.025	0.0351873
877.159	0.0338252
877.293	0.0340522
877.428	0.0344306
877.562	0.0340522
877.696	0.0335225
877.83	0.0335225
877.965	0.0332198
878.099	0.0332198
878.233	0.0331442
878.368	0.0337495
878.502	0.0335982
878.636	0.0347333
878.77	0.0340522
878.905	0.0340522
879.039	0.0335225
879.173	0.0340522
879.308	0.0339009
879.442	0.0347333
879.576	0.0335225
879.71	0.0329928
879.845	0.0340522
879.979	0.0332198
880.113	0.0343549
880.248	0.0339765
880.382	0.0340522
880.516	0.0337495
880.65	0.0344306
880.785	0.0326145
880.919	0.0335225
881.053	0.0339009
881.188	0.0336739
881.322	0.0331442
881.456	0.0340522
881.59	0.0347333
881.725	0.0332955
881.859	0.0339765
881.993	0.0346576
882.127	0.0341279
882.262	0.0331442
882.396	0.0330685
882.53	0.0339765
882.665	0.0340522
882.799	0.0331442
882.933	0.0337495
883.067	0.0347333
883.202	0.0345819
883.336	0.0345062
883.47	0.0333712
883.604	0.0333712
883.739	0.0339009
883.873	0.0336739
884.007	0.0338252
884.142	0.0327658
884.276	0.0329171
884.41	0.0345062
884.544	0.0341279
884.679	0.0341279
884.813	0.0333712
884.947	0.0329928
885.081	0.0330685
885.216	0.0339009
885.35	0.0335982
885.484	0.0339009
885.618	0.0339765
885.753	0.0324631
885.887	0.0329928
886.021	0.0326145
886.155	0.0342036
886.29	0.0325388
886.424	0.0338252
886.558	0.0345819
886.693	0.0340522
886.827	0.0354143
886.961	0.0338252
887.095	0.0349603
887.23	0.0338252
887.364	0.0330685
887.498	0.0339009
887.632	0.0343549
887.767	0.0338252
887.901	0.0329928
888.035	0.0345062
888.169	0.0343549
888.304	0.0347333
888.438	0.0332198
888.572	0.0339765
888.706	0.0348846
888.841	0.0347333
888.975	0.0339765
889.109	0.0341279
889.243	0.0334468
889.378	0.0343549
889.512	0.0329928
889.646	0.0332955
889.78	0.0342792
889.915	0.0338252
890.049	0.0340522
890.183	0.0339009
890.317	0.0327658
890.452	0.0333712
890.586	0.0342792
890.72	0.0339009
890.854	0.0341279
890.989	0.0341279
891.123	0.0333712
891.257	0.0337495
891.391	0.0331442
891.526	0.0330685
891.66	0.0339009
891.794	0.0336739
891.928	0.0329928
892.063	0.0344306
892.197	0.0348089
892.331	0.0342792
892.465	0.0332955
892.6	0.0347333
892.734	0.0343549
892.868	0.0338252
893.002	0.0336739
893.137	0.0343549
893.271	0.0340522
893.405	0.0332955
893.539	0.0329928
893.674	0.0329928
893.808	0.0332955
893.942	0.0335982
894.076	0.0332198
894.21	0.0339009
894.345	0.0339765
894.479	0.0340522
894.613	0.0340522
894.747	0.0342792
894.882	0.0337495
895.016	0.0336739
895.15	0.0332955
895.284	0.0337495
895.419	0.0339765
895.553	0.0344306
895.687	0.0358683
895.821	0.0335982
895.956	0.0339765
896.09	0.0335225
896.224	0.0341279
896.358	0.0342036
896.492	0.0343549
896.627	0.0323118
896.761	0.0338252
896.895	0.0339009
897.029	0.0348089
897.164	0.0348846
897.298	0.0339009
897.432	0.0342792
897.566	0.0338252
897.701	0.0340522
897.835	0.0342036
897.969	0.0343549
898.103	0.0332198
898.237	0.0341279
898.372	0.0341279
898.506	0.0331442
898.64	0.0344306
898.774	0.0332955
898.909	0.0345819
899.043	0.0334468
899.177	0.0339009
899.311	0.0338252
899.445	0.0346576
899.58	0.0339765
899.714	0.0326901
899.848	0.0338252
899.982	0.0342792
900.117	0.0329171
900.251	0.0334468
900.385	0.0341279
900.519	0.0342036
900.653	0.0326901
900.788	0.0329171
900.922	0.0327658
901.056	0.0343549
901.19	0.0351873
901.325	0.0338252
901.459	0.0333712
901.593	0.0328415
901.727	0.0338252
901.861	0.0345062
901.996	0.0332198
902.13	0.0333712
902.264	0.0335225
902.398	0.0337495
902.532	0.0339765
902.667	0.0344306
902.801	0.0342036
902.935	0.0341279
903.069	0.0342792
903.204	0.0332198
903.338	0.0329928
903.472	0.0339765
903.606	0.0336739
903.74	0.0331442
903.875	0.0331442
904.009	0.0338252
904.143	0.0338252
904.277	0.0335982
904.411	0.0332198
904.546	0.0328415
904.68	0.0343549
904.814	0.0337495
904.948	0.0338252
905.082	0.0331442
905.217	0.0332198
905.351	0.0337495
905.485	0.0339009
905.619	0.0332955
905.753	0.0340522
905.888	0.0346576
906.022	0.0330685
906.156	0.0344306
906.29	0.0341279
906.424	0.0338252
906.559	0.0342792
906.693	0.0335982
906.827	0.0326901
906.961	0.0337495
907.095	0.0329928
907.23	0.0339009
907.364	0.0347333
907.498	0.0332955
907.632	0.0333712
907.766	0.0340522
907.901	0.0338252
908.035	0.0338252
908.169	0.0348846
908.303	0.0337495
908.437	0.0338252
908.572	0.0337495
908.706	0.0345062
908.84	0.0346576
908.974	0.0336739
909.108	0.0340522
909.243	0.0343549
909.377	0.0333712
909.511	0.0345062
909.645	0.0346576
909.779	0.0335225
909.914	0.0329928
910.048	0.0342036
910.182	0.0337495
910.316	0.0335225
910.45	0.0336739
910.585	0.0337495
910.719	0.0335982
910.853	0.0342036
910.987	0.0338252
911.121	0.0328415
911.255	0.0336739
911.39	0.0331442
911.524	0.0325388
911.658	0.0331442
911.792	0.0333712
911.926	0.0348089
912.061	0.0349603
912.195	0.0339765
912.329	0.0337495
912.463	0.0345819
912.597	0.0340522
912.732	0.0344306
912.866	0.0332198
913	0.0344306
913.134	0.0338252
913.268	0.0341279
913.402	0.0351873
913.537	0.0344306
913.671	0.0333712
913.805	0.0345819
913.939	0.035717
914.073	0.0339765
914.208	0.0351873
914.342	0.0330685
914.476	0.0334468
914.61	0.0332198
914.744	0.0335225
914.878	0.0346576
915.013	0.0341279
915.147	0.0335225
915.281	0.0351116
915.415	0.0336739
915.549	0.0332955
915.683	0.0340522
915.818	0.0338252
915.952	0.0345062
916.086	0.0341279
916.22	0.0337495
916.354	0.0345819
916.488	0.0338252
916.623	0.0333712
916.757	0.0341279
916.891	0.0342792
917.025	0.0332955
917.159	0.0339765
917.293	0.0347333
917.428	0.0336739
917.562	0.0342792
917.696	0.0338252
917.83	0.0343549
917.964	0.0346576
918.098	0.0340522
918.233	0.0335982
918.367	0.0335225
918.501	0.0332198
918.635	0.0341279
918.769	0.0343549
918.903	0.0338252
919.038	0.0333712
919.172	0.0338252
919.306	0.0341279
919.44	0.0339009
919.574	0.0339009
919.708	0.0342792
919.843	0.0353386
919.977	0.0324631
920.111	0.0340522
920.245	0.0341279
920.379	0.0332198
920.513	0.0331442
920.648	0.0340522
920.782	0.0329171
920.916	0.0331442
921.05	0.0342036
921.184	0.0328415
921.318	0.0342792
921.453	0.0335225
921.587	0.0339765
921.721	0.0338252
921.855	0.0338252
921.989	0.0346576
922.123	0.0340522
922.257	0.0341279
922.392	0.0337495
922.526	0.0339765
922.66	0.0329171
922.794	0.0337495
922.928	0.0340522
923.062	0.0339765
923.197	0.0327658
923.331	0.0340522
923.465	0.0330685
923.599	0.0335225
923.733	0.0335225
923.867	0.0335225
924.001	0.0333712
924.136	0.0343549
924.27	0.0343549
924.404	0.0333712
924.538	0.0342036
924.672	0.0334468
924.806	0.0338252
924.94	0.0339765
925.075	0.0342036
925.209	0.0345062
925.343	0.03549
925.477	0.0328415
925.611	0.0336739
925.745	0.0341279
925.879	0.0341279
926.014	0.0329928
926.148	0.0337495
926.282	0.0330685
926.416	0.0340522
926.55	0.0345062
926.684	0.0334468
926.818	0.0335982
926.953	0.0336739
927.087	0.0345062
927.221	0.0348846
927.355	0.0335225
927.489	0.0331442
927.623	0.0334468
927.757	0.0342792
927.892	0.0334468
928.026	0.0339765
928.16	0.0342792
928.294	0.0341279
928.428	0.0338252
928.562	0.0332198
928.696	0.0334468
928.831	0.0328415
928.965	0.0342036
929.099	0.0342792
929.233	0.0332198
929.367	0.0339765
929.501	0.0329171
929.635	0.0334468
929.769	0.0329171
929.904	0.03549
930.038	0.0339765
930.172	0.0347333
930.306	0.0345819
930.44	0.0340522
930.574	0.0331442
930.708	0.0323118
930.843	0.0340522
930.977	0.0340522
931.111	0.0342036
931.245	0.0331442
931.379	0.0333712
931.513	0.0343549
931.647	0.0326901
931.781	0.0340522
931.916	0.0332955
932.05	0.0338252
932.184	0.0338252
932.318	0.0346576
932.452	0.0333712
932.586	0.0339765
932.72	0.0323874
932.854	0.0336739
932.989	0.0337495
933.123	0.0330685
933.257	0.0335225
933.391	0.0332955
933.525	0.0335225
933.659	0.0332198
933.793	0.0336739
933.927	0.0344306
934.061	0.0327658
934.196	0.0341279
934.33	0.0335982
934.464	0.0346576
934.598	0.0338252
934.732	0.0328415
934.866	0.0332955
935	0.0345062
935.134	0.0341279
935.269	0.0347333
935.403	0.0348089
935.537	0.0346576
935.671	0.0334468
935.805	0.0335982
935.939	0.0338252
936.073	0.0332955
936.207	0.0335982
936.341	0.0336739
936.476	0.0335225
936.61	0.0347333
936.744	0.0341279
936.878	0.0342792
937.012	0.0342036
937.146	0.0350359
937.28	0.0345062
937.414	0.0337495
937.548	0.0332955
937.683	0.0333712
937.817	0.0336739
937.951	0.0348846
938.085	0.0341279
938.219	0.0339009
938.353	0.0334468
938.487	0.0340522
938.621	0.0339765
938.755	0.0332955
938.889	0.0339009
939.024	0.0334468
939.158	0.0335225
939.292	0.0341279
939.426	0.0336739
939.56	0.0341279
939.694	0.0342036
939.828	0.0340522
939.962	0.0341279
940.096	0.0326901
940.231	0.0342036
940.365	0.0337495
940.499	0.0333712
940.633	0.0337495
940.767	0.0329928
940.901	0.0343549
941.035	0.0342036
941.169	0.0336739
941.303	0.0339009
941.437	0.0347333
941.571	0.0338252
941.706	0.0342792
941.84	0.0326901
941.974	0.0328415
942.108	0.0336739
942.242	0.0333712
942.376	0.0333712
942.51	0.0349603
942.644	0.0341279
942.778	0.0326901
942.912	0.0347333
943.047	0.0334468
943.181	0.0347333
943.315	0.0340522
943.449	0.0351116
943.583	0.0337495
943.717	0.0332198
943.851	0.0332198
943.985	0.0331442
944.119	0.0330685
944.253	0.0342036
944.387	0.0332198
944.522	0.0341279
944.656	0.0333712
944.79	0.0336739
944.924	0.0341279
945.058	0.0334468
945.192	0.0335982
945.326	0.0341279
945.46	0.0341279
945.594	0.0348089
945.728	0.0335225
945.862	0.0343549
945.996	0.0340522
946.131	0.0343549
946.265	0.0339765
946.399	0.0345819
946.533	0.0333712
946.667	0.0337495
946.801	0.0351873
946.935	0.0333712
947.069	0.0345062
947.203	0.0344306
947.337	0.0344306
947.471	0.0345062
947.605	0.0329928
947.739	0.0350359
947.874	0.0338252
948.008	0.0326145
948.142	0.0339009
948.276	0.0331442
948.41	0.0331442
948.544	0.0351116
948.678	0.0330685
948.812	0.0329171
948.946	0.0342036
949.08	0.0343549
949.214	0.0334468
949.348	0.0334468
949.482	0.0339765
949.617	0.0340522
949.751	0.0349603
949.885	0.0345062
950.019	0.0344306
950.153	0.0336739
950.287	0.0339765
950.421	0.0344306
950.555	0.0342792
950.689	0.0334468
950.823	0.0329171
950.957	0.0335225
951.091	0.0340522
951.225	0.0346576
951.359	0.0344306
951.493	0.0338252
951.628	0.0334468
951.762	0.0339765
951.896	0.0338252
952.03	0.0336739
952.164	0.0340522
952.298	0.0332198
952.432	0.0339009
952.566	0.0339009
952.7	0.0338252
952.834	0.0333712
952.968	0.0342792
953.102	0.0329171
953.236	0.0344306
953.37	0.0334468
953.504	0.0348089
953.639	0.0345062
953.773	0.0337495
953.907	0.0335225
954.041	0.0325388
954.175	0.0337495
954.309	0.0333712
954.443	0.0347333
954.577	0.0336739
954.711	0.0337495
954.845	0.0336739
954.979	0.0332198
955.113	0.0346576
955.247	0.0343549
955.381	0.0344306
955.515	0.0340522
955.649	0.0338252
955.783	0.0341279
955.917	0.0345819
956.052	0.0353386
956.186	0.0332955
956.32	0.0339009
956.454	0.0339009
956.588	0.0340522
956.722	0.0335982
956.856	0.0341279
956.99	0.0342792
957.124	0.0340522
957.258	0.0335982
957.392	0.0343549
957.526	0.0335982
957.66	0.0333712
957.794	0.0340522
957.928	0.0328415
958.062	0.0339009
958.196	0.0336739
958.33	0.0342036
958.464	0.0335225
958.598	0.0332198
958.733	0.0328415
958.867	0.0335225
959.001	0.0339009
959.135	0.0334468
959.269	0.0342036
959.403	0.0346576
959.537	0.0336739
959.671	0.0345062
959.805	0.0343549
959.939	0.0342036
960.073	0.0336739
960.207	0.0326901
960.341	0.0334468
960.475	0.0326145
960.609	0.0333712
960.743	0.0344306
960.877	0.0333712
961.011	0.0339009
961.145	0.0342792
961.279	0.0335982
961.413	0.0332955
961.547	0.0334468
961.681	0.0337495
961.815	0.0328415
961.949	0.0326901
962.083	0.0334468
962.218	0.0336739
962.352	0.0336739
962.486	0.0343549
962.62	0.0344306
962.754	0.0335982
962.888	0.0341279
963.022	0.0344306
963.156	0.0348846
963.29	0.0327658
963.424	0.0339009
963.558	0.0341279
963.692	0.0340522
963.826	0.0341279
963.96	0.0329928
964.094	0.0339765
964.228	0.0338252
964.362	0.0323874
964.496	0.0342036
964.63	0.0342792
964.764	0.0334468
964.898	0.0332198
965.032	0.0339765
965.166	0.0340522
965.3	0.0332955
965.434	0.0340522
965.568	0.0340522
965.702	0.0339009
965.836	0.0341279
965.97	0.0339009
966.104	0.0330685
966.238	0.0344306
966.372	0.0342036
966.506	0.0342792
966.64	0.0339009
966.774	0.0336739
966.908	0.0330685
967.043	0.0332955
967.177	0.0341279
967.311	0.0340522
967.445	0.0335225
967.579	0.0338252
967.713	0.0340522
967.847	0.0339009
967.981	0.0336739
968.115	0.0333712
968.249	0.0341279
968.383	0.0329928
968.517	0.0329928
968.651	0.0336739
968.785	0.0335225
968.919	0.0344306
969.053	0.0336739
969.187	0.0340522
969.321	0.0348089
969.455	0.0344306
969.589	0.0346576
969.723	0.0339765
969.857	0.0330685
969.991	0.0340522
970.125	0.0331442
970.259	0.0343549
970.393	0.0345819
970.527	0.0339009
970.661	0.0333712
970.795	0.0341279
970.929	0.0333712
971.063	0.0347333
971.197	0.0344306
971.331	0.0333712
971.465	0.0335982
971.599	0.0340522
971.733	0.0342792
971.867	0.0332198
972.001	0.0335982
972.135	0.0342036
972.269	0.0339009
972.403	0.0329928
972.537	0.0343549
972.671	0.0335225
972.805	0.0332198
972.939	0.0335982
973.073	0.0334468
973.207	0.0345819
973.341	0.0332955
973.475	0.0337495
973.609	0.0345062
973.743	0.0332955
973.877	0.0321604
974.011	0.0338252
974.145	0.0342792
974.279	0.0345819
974.413	0.0342036
974.547	0.0347333
974.681	0.0350359
974.815	0.0329171
974.949	0.0342036
975.083	0.0344306
975.217	0.0335225
975.351	0.0347333
975.485	0.0335225
975.619	0.0329171
975.753	0.0348846
975.887	0.0336739
976.021	0.0329171
976.155	0.0345819
976.289	0.0332955
976.423	0.0339009
976.557	0.0329171
976.691	0.0344306
976.825	0.0344306
976.959	0.0328415
977.093	0.0339765
977.227	0.0331442
977.361	0.0353386
977.495	0.0339009
977.629	0.0342792
977.763	0.0339765
977.897	0.0342792
978.031	0.0335982
978.165	0.0339765
978.299	0.0344306
978.433	0.0337495
978.567	0.0339009
978.701	0.0342036
978.835	0.0336739
978.969	0.0335982
979.103	0.0334468
979.237	0.0342792
979.371	0.0332198
979.505	0.0334468
979.639	0.0327658
979.773	0.0332955
979.907	0.0337495
980.041	0.0345819
980.175	0.0327658
980.308	0.0334468
980.442	0.0341279
980.576	0.0335225
980.71	0.0346576
980.844	0.0340522
980.978	0.0328415
981.112	0.0345819
981.246	0.0339765
981.38	0.0347333
981.514	0.0337495
981.648	0.0337495
981.782	0.0337495
981.916	0.0338252
982.05	0.0346576
982.184	0.0337495
982.318	0.0335982
982.452	0.0333712
982.586	0.0327658
982.72	0.0342792
982.854	0.0337495
982.988	0.0339009
983.122	0.0335982
983.256	0.0329171
983.39	0.0331442
983.524	0.0340522
983.658	0.0342036
983.792	0.0343549
983.926	0.0339009
984.06	0.0334468
984.194	0.0334468
984.328	0.0333712
984.462	0.0342036
984.596	0.0336739
984.73	0.0342792
984.864	0.0347333
984.998	0.0337495
985.132	0.0345062
985.265	0.0343549
985.399	0.0333712
985.533	0.0340522
985.667	0.0338252
985.801	0.0336739
985.935	0.0342792
986.069	0.0339009
986.203	0.0340522
986.337	0.0332198
986.471	0.0335982
986.605	0.0329928
986.739	0.0339009
986.873	0.0340522
987.007	0.0342792
987.141	0.0339765
987.275	0.0339009
987.409	0.0348089
987.543	0.0342036
987.677	0.0344306
987.811	0.0334468
987.945	0.0329171
988.079	0.0334468
988.213	0.0334468
988.347	0.0338252
988.481	0.0329928
988.614	0.0334468
988.748	0.0348089
988.882	0.0341279
989.016	0.0346576
989.15	0.0341279
989.284	0.0345819
989.418	0.0341279
989.552	0.0341279
989.686	0.0338252
989.82	0.0341279
989.954	0.0338252
990.088	0.0337495
990.222	0.0331442
990.356	0.0338252
990.49	0.0330685
990.624	0.0340522
990.758	0.0337495
990.892	0.0341279
991.026	0.0339009
991.16	0.0344306
991.294	0.0339765
991.427	0.0335225
991.561	0.0336739
991.695	0.0338252
991.829	0.0340522
991.963	0.0338252
992.097	0.0335982
992.231	0.0332955
992.365	0.0337495
992.499	0.0344306
992.633	0.0330685
992.767	0.0328415
992.901	0.0344306
993.035	0.0339009
993.169	0.0335225
993.303	0.0341279
993.437	0.0324631
993.571	0.0333712
993.704	0.0339765
993.838	0.0335225
993.972	0.0349603
994.106	0.0326145
994.24	0.0339765
994.374	0.0336739
994.508	0.0347333
994.642	0.0339765
994.776	0.0339765
994.91	0.0339009
995.044	0.0342792
995.178	0.0342792
995.312	0.0343549
995.446	0.0334468
995.58	0.0337495
995.714	0.0332955
995.847	0.0340522
995.981	0.0336739
996.115	0.0337495
996.249	0.0345819
996.383	0.0335982
996.517	0.0332198
996.651	0.0335982
996.785	0.0330685
996.919	0.0338252
997.053	0.0336739
997.187	0.0337495
997.321	0.0333712
997.455	0.0328415
997.589	0.0338252
997.722	0.0342036
997.856	0.0327658
997.99	0.0345062
998.124	0.0343549
998.258	0.0343549
998.392	0.0345062
998.526	0.0345062
998.66	0.0341279
998.794	0.0336739
998.928	0.0336739
999.062	0.0330685
999.196	0.0335225
999.33	0.0338252
999.464	0.0332955
999.597	0.0332955
999.731	0.0342792
999.865	0.0329171
999.999	0.0331442
1000.13	0.0342792
1000.27	0.0339765
1000.4	0.0339765
1000.53	0.0324631
1000.67	0.0324631
1000.8	0.0339009
1000.94	0.0332198
1001.07	0.0332955
1001.2	0.0333712
1001.34	0.0342792
1001.47	0.0335982
1001.61	0.0338252
1001.74	0.0337495
1001.87	0.0330685
1002.01	0.0335225
1002.14	0.0335225
1002.28	0.0341279
1002.41	0.0330685
1002.54	0.0341279
1002.68	0.0338252
1002.81	0.0330685
1002.95	0.0337495
1003.08	0.0339765
1003.21	0.0339009
1003.35	0.0331442
1003.48	0.0335225
1003.61	0.0334468
1003.75	0.0337495
1003.88	0.0343549
1004.02	0.0345062
1004.15	0.0333712
1004.28	0.0348089
1004.42	0.0336739
1004.55	0.0335982
1004.69	0.0328415
1004.82	0.0331442
1004.95	0.0342792
1005.09	0.0341279
1005.22	0.0329928
1005.36	0.0343549
1005.49	0.0348089
1005.62	0.0330685
1005.76	0.0340522
1005.89	0.0327658
1006.03	0.0342792
1006.16	0.0329928
1006.29	0.0334468
1006.43	0.0335982
1006.56	0.0335225
1006.69	0.0339009
1006.83	0.0335982
1006.96	0.0345062
1007.1	0.0337495
1007.23	0.0334468
1007.36	0.0337495
1007.5	0.0339009
1007.63	0.0341279
1007.77	0.0335225
1007.9	0.0342036
1008.03	0.0341279
1008.17	0.0345819
1008.3	0.0333712
1008.44	0.0339765
1008.57	0.0335225
1008.7	0.0346576
1008.84	0.0339009
1008.97	0.0339765
1009.1	0.0342036
1009.24	0.0335225
1009.37	0.0334468
1009.51	0.0329928
1009.64	0.0339765
1009.77	0.0328415
1009.91	0.0334468
1010.04	0.0341279
1010.18	0.0340522
1010.31	0.0336739
1010.44	0.0336739
1010.58	0.0333712
1010.71	0.0334468
1010.85	0.0334468
1010.98	0.0334468
1011.11	0.0337495
1011.25	0.0329171
1011.38	0.0337495
1011.51	0.0338252
1011.65	0.0332955
1011.78	0.0334468
1011.92	0.0339009
1012.05	0.0331442
1012.18	0.0331442
1012.32	0.0341279
1012.45	0.0340522
1012.59	0.0335225
1012.72	0.0330685
1012.85	0.0336739
1012.99	0.0341279
1013.12	0.0326145
1013.26	0.0339009
1013.39	0.0329928
1013.52	0.0337495
1013.66	0.0345819
1013.79	0.0330685
1013.92	0.0342792
1014.06	0.0336739
1014.19	0.0336739
1014.33	0.0337495
1014.46	0.0339765
1014.59	0.0325388
1014.73	0.0326901
1014.86	0.0333712
1015	0.0333712
1015.13	0.0357927
1015.26	0.0336739
1015.4	0.0337495
1015.53	0.0341279
1015.67	0.0323874
1015.8	0.0343549
1015.93	0.0348846
1016.07	0.0336739
1016.2	0.0342036
1016.33	0.0329171
1016.47	0.0342792
1016.6	0.0336739
1016.74	0.0330685
1016.87	0.0335225
1017	0.0332198
1017.14	0.0329928
1017.27	0.0338252
1017.41	0.0329928
1017.54	0.0336739
1017.67	0.0345062
1017.81	0.0329171
1017.94	0.0340522
1018.07	0.0340522
1018.21	0.0335225
1018.34	0.0337495
1018.48	0.0335982
1018.61	0.0333712
1018.74	0.0336739
1018.88	0.0337495
1019.01	0.0339009
1019.15	0.0339765
1019.28	0.0338252
1019.41	0.0351873
1019.55	0.0348846
1019.68	0.0340522
1019.82	0.0330685
1019.95	0.0333712
1020.08	0.0336739
1020.22	0.0343549
1020.35	0.0338252
1020.48	0.0339765
1020.62	0.0334468
1020.75	0.0336739
1020.89	0.0339765
1021.02	0.0340522
1021.15	0.0350359
1021.29	0.0337495
1021.42	0.0336739
1021.56	0.0343549
1021.69	0.0319334
1021.82	0.0343549
1021.96	0.0334468
1022.09	0.0337495
1022.22	0.0332955
1022.36	0.0341279
1022.49	0.0338252
1022.63	0.0347333
1022.76	0.0336739
1022.89	0.0335225
1023.03	0.0337495
1023.16	0.0340522
1023.3	0.0342036
1023.43	0.0346576
1023.56	0.0332955
1023.7	0.0342036
1023.83	0.0339009
1023.96	0.0334468
1024.1	0.0335982
1024.23	0.0339009
1024.37	0.0343549
1024.5	0.0335225
1024.63	0.0338252
1024.77	0.0336739
1024.9	0.0349603
1025.04	0.0347333
1025.17	0.0336739
1025.3	0.0332198
1025.44	0.0333712
1025.57	0.0332198
1025.7	0.0347333
1025.84	0.0344306
1025.97	0.0331442
1026.11	0.0333712
1026.24	0.0342792
1026.37	0.0332198
1026.51	0.0326901
1026.64	0.0345062
1026.78	0.0348846
1026.91	0.0329928
1027.04	0.0353386
1027.18	0.0345819
1027.31	0.0329928
1027.44	0.0331442
1027.58	0.0346576
1027.71	0.0345819
1027.85	0.0338252
1027.98	0.0335225
1028.11	0.0329928
1028.25	0.0345062
1028.38	0.0332955
1028.52	0.0336739
1028.65	0.0337495
1028.78	0.0345819
1028.92	0.0345062
1029.05	0.0329928
1029.18	0.0349603
1029.32	0.0330685
1029.45	0.0339765
1029.59	0.0345819
1029.72	0.0334468
1029.85	0.0335225
1029.99	0.0340522
1030.12	0.0335982
1030.26	0.0338252
1030.39	0.0339765
1030.52	0.0342792
1030.66	0.0338252
1030.79	0.0335225
1030.92	0.0342792
1031.06	0.0337495
1031.19	0.0340522
1031.33	0.0336739
1031.46	0.0339765
1031.59	0.0334468
1031.73	0.0333712
1031.86	0.0325388
1031.99	0.0332955
1032.13	0.0340522
1032.26	0.0332198
1032.4	0.0335225
1032.53	0.0343549
1032.66	0.0335225
1032.8	0.0347333
1032.93	0.0339765
1033.07	0.0342792
1033.2	0.0335225
1033.33	0.0339765
1033.47	0.0344306
1033.6	0.0331442
1033.73	0.0340522
1033.87	0.0346576
1034	0.0332955
1034.14	0.0332198
1034.27	0.0337495
1034.4	0.0350359
1034.54	0.0337495
1034.67	0.0337495
1034.81	0.0336739
1034.94	0.0336739
1035.07	0.0343549
1035.21	0.0329171
1035.34	0.0338252
1035.47	0.0340522
1035.61	0.0332955
1035.74	0.0343549
1035.88	0.0343549
1036.01	0.0326145
1036.14	0.0343549
1036.28	0.0339765
1036.41	0.0340522
1036.54	0.0342792
1036.68	0.0335982
1036.81	0.0325388
1036.95	0.0329928
1037.08	0.0348089
1037.21	0.0333712
1037.35	0.0345819
1037.48	0.0337495
1037.62	0.0329171
1037.75	0.0337495
1037.88	0.0335225
1038.02	0.0340522
1038.15	0.0338252
1038.28	0.0329171
1038.42	0.0337495
1038.55	0.0331442
1038.69	0.0344306
1038.82	0.0326145
1038.95	0.0340522
1039.09	0.0346576
1039.22	0.0343549
1039.35	0.0340522
1039.49	0.0335982
1039.62	0.0335225
1039.76	0.0339765
1039.89	0.0339009
1040.02	0.0334468
1040.16	0.0332955
1040.29	0.0327658
1040.43	0.0333712
1040.56	0.0339765
1040.69	0.0339765
1040.83	0.0340522
1040.96	0.0334468
1041.09	0.0337495
1041.23	0.0340522
1041.36	0.0335225
1041.5	0.0332198
1041.63	0.0337495
1041.76	0.0330685
1041.9	0.0339009
1042.03	0.0338252
1042.16	0.0349603
1042.3	0.0332198
1042.43	0.0329171
1042.57	0.0335225
1042.7	0.0335982
1042.83	0.0337495
1042.97	0.0341279
1043.1	0.0334468
1043.23	0.0335225
1043.37	0.0336739
1043.5	0.0346576
1043.64	0.0327658
1043.77	0.0331442
1043.9	0.0342036
1044.04	0.0340522
1044.17	0.0339765
1044.31	0.0337495
1044.44	0.0332198
1044.57	0.0339009
1044.71	0.0333712
1044.84	0.0330685
1044.97	0.0342036
1045.11	0.0340522
1045.24	0.0335982
1045.38	0.0333712
1045.51	0.0333712
1045.64	0.0341279
1045.78	0.0336739
1045.91	0.0335225
1046.04	0.0341279
1046.18	0.0346576
1046.31	0.0335982
1046.45	0.0335982
1046.58	0.0347333
1046.71	0.0337495
1046.85	0.0324631
1046.98	0.0342792
1047.11	0.0339765
1047.25	0.0320091
1047.38	0.0339765
1047.52	0.0337495
1047.65	0.0331442
1047.78	0.0336739
1047.92	0.0330685
1048.05	0.0345062
1048.18	0.0340522
1048.32	0.0326145
1048.45	0.0330685
1048.59	0.0345062
1048.72	0.0339009
1048.85	0.0339009
1048.99	0.0345819
1049.12	0.0340522
1049.25	0.0326901
1049.39	0.0342792
1049.52	0.0329171
1049.66	0.0321604
1049.79	0.0335982
1049.92	0.0338252
1050.06	0.0340522
1050.19	0.0337495
1050.33	0.0348089
1050.46	0.0341279
1050.59	0.0340522
1050.73	0.0332198
1050.86	0.0338252
1050.99	0.0343549
1051.13	0.0337495
1051.26	0.0341279
1051.4	0.0342036
1051.53	0.0345062
1051.66	0.0346576
1051.8	0.0328415
1051.93	0.0342792
1052.06	0.0327658
1052.2	0.0329928
1052.33	0.0339009
1052.47	0.0343549
1052.6	0.0340522
1052.73	0.0327658
1052.87	0.0342792
1053	0.0332955
1053.13	0.0326901
1053.27	0.0345062
1053.4	0.0326145
1053.54	0.0333712
1053.67	0.0347333
1053.8	0.0341279
1053.94	0.0335982
1054.07	0.0333712
1054.2	0.0329171
1054.34	0.0338252
1054.47	0.0339765
1054.61	0.0329928
1054.74	0.0335982
1054.87	0.0329171
1055.01	0.0328415
1055.14	0.0343549
1055.27	0.0345062
1055.41	0.0324631
1055.54	0.0334468
1055.68	0.0337495
1055.81	0.0336739
1055.94	0.0332198
1056.08	0.0327658
1056.21	0.0341279
1056.34	0.0332198
1056.48	0.0339009
1056.61	0.0335982
1056.75	0.0339009
1056.88	0.0334468
1057.01	0.0341279
1057.15	0.0350359
1057.28	0.0338252
1057.41	0.0327658
1057.55	0.0338252
1057.68	0.0340522
1057.82	0.0342792
1057.95	0.0344306
1058.08	0.0335225
1058.22	0.0337495
1058.35	0.0345819
1058.48	0.0339765
1058.62	0.0343549
1058.75	0.0342036
1058.89	0.0341279
1059.02	0.0332198
1059.15	0.0332955
1059.29	0.0342792
1059.42	0.0323118
1059.55	0.0332955
1059.69	0.0327658
1059.82	0.0338252
1059.96	0.0335225
1060.09	0.0342036
1060.22	0.0336739
1060.36	0.0342036
1060.49	0.0340522
1060.62	0.0346576
1060.76	0.0345062
1060.89	0.0342036
1061.03	0.0338252
1061.16	0.0342792
1061.29	0.0345062
1061.43	0.0328415
1061.56	0.0349603
1061.69	0.0328415
1061.83	0.0348846
1061.96	0.0337495
1062.1	0.0329171
1062.23	0.0339765
1062.36	0.0329928
1062.5	0.0351116
1062.63	0.0336739
1062.76	0.0325388
1062.9	0.0332955
1063.03	0.0342792
1063.17	0.0339009
1063.3	0.0341279
1063.43	0.0337495
1063.57	0.0347333
1063.7	0.0338252
1063.83	0.0339009
1063.97	0.0345062
1064.1	0.0333712
1064.23	0.0325388
1064.37	0.0331442
1064.5	0.0341279
1064.64	0.0327658
1064.77	0.0336739
1064.9	0.0335982
1065.04	0.0348089
1065.17	0.0332198
1065.3	0.0332955
1065.44	0.0335225
1065.57	0.0331442
1065.71	0.0342036
1065.84	0.0339009
1065.97	0.0337495
1066.11	0.0336739
1066.24	0.0337495
1066.37	0.0326901
1066.51	0.0336739
1066.64	0.0329928
1066.78	0.0339009
1066.91	0.0342036
1067.04	0.0335982
1067.18	0.0340522
1067.31	0.0340522
1067.44	0.0326901
1067.58	0.0331442
1067.71	0.0339009
1067.85	0.0330685
1067.98	0.0343549
1068.11	0.0340522
1068.25	0.0342792
1068.38	0.0333712
1068.51	0.0333712
1068.65	0.0335225
1068.78	0.0333712
1068.92	0.0345062
1069.05	0.0331442
1069.18	0.0335982
1069.32	0.0344306
1069.45	0.0325388
1069.58	0.0335982
1069.72	0.0330685
1069.85	0.0339765
1069.98	0.0343549
1070.12	0.0342036
1070.25	0.0329171
1070.39	0.0334468
1070.52	0.0332198
1070.65	0.0329171
1070.79	0.0334468
1070.92	0.0339009
1071.05	0.0343549
1071.19	0.0339009
1071.32	0.0344306
1071.46	0.0331442
1071.59	0.0335982
1071.72	0.0343549
1071.86	0.0329171
1071.99	0.0334468
1072.12	0.0339765
1072.26	0.0338252
1072.39	0.0333712
1072.53	0.0338252
1072.66	0.0339765
1072.79	0.0347333
1072.93	0.0336739
1073.06	0.0344306
1073.19	0.0339009
1073.33	0.0336739
1073.46	0.0339765
1073.59	0.0342036
1073.73	0.0329171
1073.86	0.0336739
1074	0.0338252
1074.13	0.0341279
1074.26	0.0339009
1074.4	0.0326145
1074.53	0.0324631
1074.66	0.0341279
1074.8	0.0342792
1074.93	0.0332198
1075.07	0.0339009
1075.2	0.0353386
1075.33	0.0337495
1075.47	0.0331442
1075.6	0.0335225
1075.73	0.0345819
1075.87	0.0332955
1076	0.0343549
1076.14	0.0345062
1076.27	0.0345819
1076.4	0.0333712
1076.54	0.0337495
1076.67	0.0338252
1076.8	0.0331442
1076.94	0.0342792
1077.07	0.0339765
1077.2	0.0334468
1077.34	0.0345819
1077.47	0.0343549
1077.61	0.0342792
1077.74	0.0328415
1077.87	0.0344306
1078.01	0.0338252
1078.14	0.0343549
1078.27	0.0339765
1078.41	0.0334468
1078.54	0.0325388
1078.68	0.0342036
1078.81	0.0335225
1078.94	0.0332955
1079.08	0.0335982
1079.21	0.0330685
1079.34	0.0330685
1079.48	0.0332198
1079.61	0.0332955
1079.74	0.0336739
1079.88	0.0346576
1080.01	0.0344306
1080.15	0.0336739
1080.28	0.0328415
1080.41	0.0337495
1080.55	0.0336739
1080.68	0.0334468
1080.81	0.0339009
1080.95	0.0339009
1081.08	0.0341279
1081.22	0.0341279
1081.35	0.0338252
1081.48	0.0343549
1081.62	0.0340522
1081.75	0.0342792
1081.88	0.0335225
1082.02	0.0339009
1082.15	0.0342792
1082.28	0.0331442
1082.42	0.0330685
1082.55	0.0332955
1082.69	0.0339009
1082.82	0.0335982
1082.95	0.0332955
1083.09	0.0343549
1083.22	0.0329928
1083.35	0.0337495
1083.49	0.0331442
1083.62	0.0340522
1083.75	0.0347333
1083.89	0.0331442
1084.02	0.0335982
1084.16	0.0339009
1084.29	0.0340522
1084.42	0.0339009
1084.56	0.0342792
1084.69	0.0334468
1084.82	0.0328415
1084.96	0.0337495
1085.09	0.0332198
1085.23	0.0336739
1085.36	0.0326145
1085.49	0.0336739
1085.63	0.0328415
1085.76	0.0328415
1085.89	0.0341279
1086.03	0.0345819
1086.16	0.0339009
1086.29	0.0346576
1086.43	0.03549
1086.56	0.0341279
1086.7	0.0327658
1086.83	0.0341279
1086.96	0.0333712
1087.1	0.0341279
1087.23	0.0343549
1087.36	0.0334468
1087.5	0.0325388
1087.63	0.0329928
1087.76	0.0338252
1087.9	0.0337495
1088.03	0.0331442
1088.17	0.0332198
1088.3	0.0339765
1088.43	0.0342792
1088.57	0.0345819
1088.7	0.0348846
1088.83	0.0328415
1088.97	0.0331442
1089.1	0.0333712
1089.24	0.0340522
1089.37	0.0339009
1089.5	0.0341279
1089.64	0.0333712
1089.77	0.0344306
1089.9	0.0342792
1090.04	0.0331442
1090.17	0.0343549
1090.3	0.0339009
1090.44	0.0347333
1090.57	0.0342036
1090.71	0.0340522
1090.84	0.0341279
1090.97	0.0342036
1091.11	0.03549
1091.24	0.0339009
1091.37	0.0335982
1091.51	0.0336739
1091.64	0.0338252
1091.77	0.0327658
1091.91	0.0330685
1092.04	0.0331442
1092.18	0.0337495
1092.31	0.0341279
1092.44	0.0351873
1092.58	0.0339765
1092.71	0.0332198
1092.84	0.0342792
1092.98	0.0340522
1093.11	0.0338252
1093.24	0.0342036
1093.38	0.0328415
1093.51	0.0349603
1093.65	0.0325388
1093.78	0.0336739
1093.91	0.0338252
1094.05	0.0346576
1094.18	0.0335982
1094.31	0.0333712
1094.45	0.0342792
1094.58	0.0347333
1094.71	0.0340522
1094.85	0.0339009
1094.98	0.0332955
1095.12	0.0335225
1095.25	0.0340522
1095.38	0.0351873
1095.52	0.0328415
1095.65	0.0337495
1095.78	0.0335225
1095.92	0.0340522
1096.05	0.0345819
1096.18	0.0346576
1096.32	0.0335225
1096.45	0.0330685
1096.59	0.0324631
1096.72	0.0338252
1096.85	0.0332955
1096.99	0.0342792
1097.12	0.0351116
1097.25	0.0350359
1097.39	0.0333712
1097.52	0.0327658
1097.65	0.0341279
1097.79	0.0342036
1097.92	0.0334468
1098.06	0.0343549
1098.19	0.0339009
1098.32	0.0347333
1098.46	0.0331442
1098.59	0.0338252
1098.72	0.0341279
1098.86	0.0339009
1098.99	0.0339765
1099.12	0.0347333
1099.26	0.0342036
1099.39	0.0349603
1099.53	0.0329928
1099.66	0.0340522
1099.79	0.0348846
1099.93	0.0335225
1100.06	0.0335225
1100.19	0.0347333
1100.33	0.0329928
1100.46	0.0335225
1100.59	0.0330685
1100.73	0.0342792
1100.86	0.0339765
1100.99	0.0345819
1101.13	0.0336739
1101.26	0.0340522
1101.4	0.0340522
1101.53	0.0342792
1101.66	0.0333712
1101.8	0.0333712
1101.93	0.0341279
1102.06	0.0335982
1102.2	0.0328415
1102.33	0.0350359
1102.46	0.0332198
1102.6	0.0329928
1102.73	0.0351873
1102.87	0.0336739
1103	0.0334468
1103.13	0.0334468
1103.27	0.0339009
1103.4	0.0342036
1103.53	0.0339009
1103.67	0.0332955
1103.8	0.0342792
1103.93	0.0340522
1104.07	0.0346576
1104.2	0.0341279
1104.34	0.0337495
1104.47	0.0332955
1104.6	0.0347333
1104.74	0.0339765
1104.87	0.0337495
1105	0.0337495
1105.14	0.0333712
1105.27	0.0345819
1105.4	0.0332955
1105.54	0.0345819
1105.67	0.0336739
1105.8	0.0339009
1105.94	0.0339765
1106.07	0.0344306
1106.21	0.0333712
1106.34	0.0321604
1106.47	0.0335225
1106.61	0.0351116
1106.74	0.0336739
1106.87	0.0342036
1107.01	0.0342036
1107.14	0.0337495
1107.27	0.0339765
1107.41	0.0339009
1107.54	0.0342792

