Source: Spectrum Viewer

Chart: Pulse Spectrum

Series: 
Wavelength (nm)	S (a.u.)
617.638	0.0290024
617.773	0.028355
617.908	0.0291319
618.043	0.0289377
618.178	0.0282255
618.313	0.0290671
618.448	0.0289377
618.583	0.028355
618.718	0.0292613
618.853	0.0290024
618.988	0.0293908
619.123	0.0286787
619.258	0.0296498
619.394	0.0292613
619.529	0.0296498
619.664	0.0299735
619.799	0.0291966
619.934	0.0288082
620.069	0.0290024
620.204	0.0285492
620.339	0.0284198
620.474	0.0301029
620.609	0.0284845
620.744	0.0288729
620.879	0.0288729
621.014	0.0293261
621.149	0.0297145
621.284	0.0292613
621.419	0.0288082
621.554	0.0288729
621.689	0.0290024
621.825	0.0281608
621.96	0.0291966
622.095	0.0290671
622.23	0.0290671
622.365	0.0290671
622.5	0.029585
622.635	0.0276429
622.77	0.0284845
622.905	0.0288729
623.04	0.0285492
623.175	0.0280313
623.31	0.0291966
623.445	0.0281608
623.58	0.0291319
623.715	0.0297792
623.85	0.0299735
623.985	0.0284845
624.12	0.0277724
624.255	0.0279019
624.39	0.029585
624.525	0.0288082
624.661	0.0297145
624.796	0.0288729
624.931	0.0291966
625.066	0.0290671
625.201	0.0288082
625.336	0.0284845
625.471	0.0291319
625.606	0.0290024
625.741	0.0291319
625.876	0.0293261
626.011	0.0282255
626.146	0.0302971
626.281	0.0293908
626.416	0.0291319
626.551	0.0287434
626.686	0.0292613
626.821	0.0286787
626.956	0.0287434
627.091	0.0282903
627.226	0.0278371
627.361	0.028614
627.496	0.0278371
627.631	0.0289377
627.766	0.0292613
627.901	0.0289377
628.036	0.0282255
628.171	0.0291966
628.307	0.0300382
628.442	0.0296498
628.577	0.0286787
628.712	0.0290671
628.847	0.0289377
628.982	0.0295203
629.117	0.0290024
629.252	0.0297145
629.387	0.0288729
629.522	0.029844
629.657	0.0294556
629.792	0.0296498
629.927	0.0290024
630.062	0.0288729
630.197	0.0296498
630.332	0.0290671
630.467	0.028614
630.602	0.0297145
630.737	0.0285492
630.872	0.0290671
631.007	0.0291319
631.142	0.0285492
631.277	0.0290671
631.412	0.0287434
631.547	0.0290024
631.682	0.0296498
631.817	0.0290024
631.952	0.0289377
632.087	0.0288082
632.222	0.0291966
632.357	0.0285492
632.492	0.0290024
632.627	0.0291319
632.762	0.0291319
632.897	0.0290024
633.032	0.0293261
633.167	0.0295203
633.302	0.0295203
633.437	0.0291966
633.572	0.0288082
633.707	0.0296498
633.842	0.0296498
633.978	0.0288729
634.113	0.0287434
634.248	0.0290024
634.383	0.0280313
634.518	0.0291319
634.653	0.0295203
634.788	0.0293908
634.923	0.0286787
635.058	0.0288082
635.193	0.0295203
635.328	0.028355
635.463	0.0291966
635.598	0.0279019
635.733	0.0292613
635.868	0.028614
636.003	0.0293908
636.138	0.0289377
636.273	0.0289377
636.408	0.0292613
636.543	0.0280313
636.678	0.0280961
636.813	0.0282255
636.948	0.0286787
637.083	0.0290671
637.218	0.0291319
637.353	0.0277724
637.488	0.0285492
637.623	0.0285492
637.758	0.0290671
637.893	0.0293908
638.028	0.029585
638.163	0.0288082
638.298	0.0285492
638.433	0.0289377
638.568	0.0291966
638.703	0.0295203
638.838	0.028355
638.973	0.0287434
639.108	0.0293261
639.243	0.0296498
639.378	0.0281608
639.513	0.0292613
639.648	0.0297145
639.783	0.0296498
639.918	0.0306208
640.053	0.0295203
640.188	0.0294556
640.323	0.0289377
640.458	0.0290024
640.593	0.0291319
640.728	0.0282255
640.863	0.0287434
640.998	0.0291966
641.133	0.028355
641.268	0.0297792
641.403	0.0280961
641.538	0.0293908
641.673	0.0295203
641.808	0.0293908
641.943	0.0288082
642.078	0.0280961
642.213	0.0289377
642.348	0.0290024
642.483	0.0289377
642.618	0.0284198
642.753	0.0295203
642.888	0.0288729
643.023	0.0288082
643.158	0.0287434
643.293	0.0288082
643.428	0.0288082
643.563	0.0290024
643.698	0.0286787
643.833	0.0302971
643.968	0.0292613
644.103	0.0290671
644.237	0.0292613
644.372	0.0293908
644.507	0.0299735
644.642	0.0289377
644.777	0.0288082
644.912	0.0285492
645.047	0.0295203
645.182	0.0289377
645.317	0.0291966
645.452	0.0280961
645.587	0.0291319
645.722	0.0295203
645.857	0.0297145
645.992	0.0278371
646.127	0.0281608
646.262	0.0285492
646.397	0.0288729
646.532	0.0288729
646.667	0.0285492
646.802	0.0291319
646.937	0.0292613
647.072	0.0285492
647.207	0.0297145
647.342	0.0286787
647.477	0.029585
647.612	0.0285492
647.747	0.0287434
647.882	0.0291966
648.017	0.0286787
648.152	0.0291966
648.287	0.0291966
648.422	0.0288082
648.557	0.0281608
648.692	0.028614
648.827	0.0286787
648.962	0.0284198
649.097	0.0301029
649.232	0.0292613
649.367	0.0290671
649.502	0.0288729
649.637	0.0287434
649.772	0.028355
649.906	0.029585
650.041	0.028355
650.176	0.0280961
650.311	0.0280313
650.446	0.0293908
650.581	0.0288729
650.716	0.0293908
650.851	0.0291319
650.986	0.0288729
651.121	0.0293908
651.256	0.028355
651.391	0.0293261
651.526	0.0291966
651.661	0.0284845
651.796	0.0280313
651.931	0.0293261
652.066	0.029844
652.201	0.0291966
652.336	0.028614
652.471	0.0290024
652.606	0.0292613
652.741	0.0282903
652.876	0.0291319
653.011	0.0286787
653.146	0.0292613
653.281	0.028614
653.415	0.0287434
653.55	0.0291319
653.685	0.0275782
653.82	0.0285492
653.955	0.0288729
654.09	0.029844
654.225	0.0290024
654.36	0.0287434
654.495	0.0289377
654.63	0.0288729
654.765	0.0288082
654.9	0.0280313
655.035	0.0287434
655.17	0.0290024
655.305	0.0284198
655.44	0.0280313
655.575	0.0289377
655.71	0.028614
655.845	0.0291966
655.98	0.0287434
656.115	0.028614
656.25	0.0287434
656.384	0.0287434
656.519	0.0288729
656.654	0.0290671
656.789	0.0290671
656.924	0.0284198
657.059	0.0279666
657.194	0.0296498
657.329	0.0291319
657.464	0.0287434
657.599	0.0284198
657.734	0.0287434
657.869	0.0289377
658.004	0.0294556
658.139	0.0288082
658.274	0.0286787
658.409	0.0291966
658.544	0.0293908
658.679	0.0299087
658.813	0.0288729
658.948	0.0301029
659.083	0.0286787
659.218	0.0288082
659.353	0.028614
659.488	0.0293908
659.623	0.0282903
659.758	0.0291319
659.893	0.0281608
660.028	0.0288082
660.163	0.0288729
660.298	0.0291966
660.433	0.0296498
660.568	0.0291319
660.703	0.0291319
660.838	0.0290024
660.972	0.0292613
661.107	0.0282903
661.242	0.0287434
661.377	0.0293261
661.512	0.0293261
661.647	0.0291966
661.782	0.0287434
661.917	0.0293261
662.052	0.0288082
662.187	0.028614
662.322	0.0294556
662.457	0.0289377
662.592	0.028614
662.727	0.0276429
662.862	0.0290024
662.996	0.0289377
663.131	0.0284845
663.266	0.028614
663.401	0.0285492
663.536	0.0288082
663.671	0.0291319
663.806	0.0296498
663.941	0.0288082
664.076	0.028355
664.211	0.0295203
664.346	0.0288729
664.481	0.029844
664.616	0.0293908
664.75	0.0284198
664.885	0.0286787
665.02	0.0299087
665.155	0.0297792
665.29	0.0291319
665.425	0.0297792
665.56	0.0289377
665.695	0.028614
665.83	0.0291966
665.965	0.0295203
666.1	0.0290671
666.235	0.0295203
666.37	0.0284198
666.504	0.028355
666.639	0.0288729
666.774	0.0290024
666.909	0.0290671
667.044	0.0290024
667.179	0.028614
667.314	0.029585
667.449	0.0291319
667.584	0.028614
667.719	0.0275134
667.854	0.0284198
667.989	0.028355
668.123	0.0299087
668.258	0.0287434
668.393	0.0293261
668.528	0.028614
668.663	0.0288729
668.798	0.0287434
668.933	0.0293261
669.068	0.0282903
669.203	0.0282903
669.338	0.0294556
669.473	0.0289377
669.607	0.0282255
669.742	0.0280961
669.877	0.0282903
670.012	0.0297145
670.147	0.0284198
670.282	0.0288082
670.417	0.0284845
670.552	0.0293908
670.687	0.0293261
670.822	0.0284845
670.957	0.0286787
671.091	0.0291966
671.226	0.0288729
671.361	0.0291319
671.496	0.0282255
671.631	0.0284845
671.766	0.0287434
671.901	0.0288729
672.036	0.0293908
672.171	0.0291966
672.306	0.0289377
672.44	0.0295203
672.575	0.0288082
672.71	0.0295203
672.845	0.0284845
672.98	0.0282255
673.115	0.0293908
673.25	0.0289377
673.385	0.0292613
673.52	0.0297145
673.655	0.0282903
673.789	0.0299735
673.924	0.029585
674.059	0.0289377
674.194	0.0290671
674.329	0.0290671
674.464	0.0297145
674.599	0.0284845
674.734	0.028614
674.869	0.0294556
675.003	0.0294556
675.138	0.0281608
675.273	0.0289377
675.408	0.0288729
675.543	0.0291966
675.678	0.0293261
675.813	0.0295203
675.948	0.0284198
676.083	0.0296498
676.217	0.0291966
676.352	0.0286787
676.487	0.0295203
676.622	0.0284198
676.757	0.0291319
676.892	0.0280961
677.027	0.0293908
677.162	0.0291966
677.297	0.0297145
677.431	0.0293908
677.566	0.0288082
677.701	0.0282903
677.836	0.0277724
677.971	0.0289377
678.106	0.0288082
678.241	0.0293261
678.376	0.0286787
678.511	0.0289377
678.645	0.0279666
678.78	0.0291319
678.915	0.0293261
679.05	0.0280961
679.185	0.0293261
679.32	0.0285492
679.455	0.0288729
679.59	0.0290671
679.724	0.0291319
679.859	0.029585
679.994	0.0296498
680.129	0.028614
680.264	0.0291319
680.399	0.0285492
680.534	0.0290671
680.669	0.028614
680.803	0.0289377
680.938	0.028355
681.073	0.0299087
681.208	0.0290671
681.343	0.0284198
681.478	0.0297792
681.613	0.028614
681.748	0.028355
681.882	0.0288082
682.017	0.0281608
682.152	0.0285492
682.287	0.0291966
682.422	0.0282903
682.557	0.028355
682.692	0.0282903
682.827	0.0279666
682.961	0.0288729
683.096	0.0279019
683.231	0.0282903
683.366	0.0292613
683.501	0.0290024
683.636	0.0289377
683.771	0.0291319
683.906	0.0292613
684.04	0.0291319
684.175	0.0286787
684.31	0.0286787
684.445	0.0290671
684.58	0.0290024
684.715	0.0299735
684.85	0.0295203
684.984	0.0288082
685.119	0.0290024
685.254	0.0294556
685.389	0.0284845
685.524	0.0289377
685.659	0.029585
685.794	0.0284198
685.928	0.0290671
686.063	0.0282255
686.198	0.0290024
686.333	0.0290024
686.468	0.0297792
686.603	0.0291966
686.738	0.0293261
686.872	0.028614
687.007	0.0291966
687.142	0.0297145
687.277	0.0299087
687.412	0.0288082
687.547	0.028614
687.682	0.0286787
687.816	0.0294556
687.951	0.0284845
688.086	0.0290024
688.221	0.0290671
688.356	0.0294556
688.491	0.0281608
688.626	0.0289377
688.76	0.029844
688.895	0.0290671
689.03	0.0292613
689.165	0.028355
689.3	0.0279019
689.435	0.0289377
689.57	0.0287434
689.704	0.0288729
689.839	0.0293908
689.974	0.0293261
690.109	0.0293908
690.244	0.0295203
690.379	0.0288082
690.513	0.0288082
690.648	0.0282255
690.783	0.0276429
690.918	0.0288729
691.053	0.0288082
691.188	0.028614
691.323	0.0296498
691.457	0.0292613
691.592	0.0286787
691.727	0.0291319
691.862	0.0296498
691.997	0.0281608
692.132	0.029585
692.266	0.0290671
692.401	0.0288729
692.536	0.0288729
692.671	0.0287434
692.806	0.0297145
692.941	0.0280313
693.075	0.0277724
693.21	0.0293908
693.345	0.0288729
693.48	0.0289377
693.615	0.0303619
693.75	0.0294556
693.885	0.0297792
694.019	0.0290671
694.154	0.0293908
694.289	0.0304266
694.424	0.0286787
694.559	0.0282255
694.694	0.0296498
694.828	0.0279019
694.963	0.028614
695.098	0.0291966
695.233	0.029844
695.368	0.028614
695.503	0.0288729
695.637	0.0290671
695.772	0.0286787
695.907	0.028614
696.042	0.029585
696.177	0.0289377
696.312	0.0295203
696.446	0.0290024
696.581	0.028614
696.716	0.0290671
696.851	0.0285492
696.986	0.0290024
697.12	0.0278371
697.255	0.0288082
697.39	0.0294556
697.525	0.0293908
697.66	0.0288729
697.795	0.0284845
697.929	0.0288082
698.064	0.0290671
698.199	0.0296498
698.334	0.0278371
698.469	0.0294556
698.604	0.0290024
698.738	0.0295203
698.873	0.0290671
699.008	0.0286787
699.143	0.0295203
699.278	0.0286787
699.412	0.0285492
699.547	0.028355
699.682	0.0291319
699.817	0.0291319
699.952	0.0290024
700.087	0.0288729
700.221	0.0288729
700.356	0.0295203
700.491	0.0288729
700.626	0.0286787
700.761	0.028355
700.895	0.0290671
701.03	0.0289377
701.165	0.0290024
701.3	0.0286787
701.435	0.028355
701.57	0.0288729
701.704	0.0289377
701.839	0.028355
701.974	0.0285492
702.109	0.0286787
702.244	0.0288082
702.378	0.0284845
702.513	0.0280313
702.648	0.029585
702.783	0.0284198
702.918	0.0296498
703.052	0.0279666
703.187	0.0291966
703.322	0.0287434
703.457	0.0287434
703.592	0.0279019
703.727	0.0282255
703.861	0.0290024
703.996	0.0288082
704.131	0.0291319
704.266	0.0293261
704.401	0.0291319
704.535	0.0291966
704.67	0.0288082
704.805	0.0293908
704.94	0.0289377
705.075	0.0280961
705.209	0.0288729
705.344	0.0295203
705.479	0.0291966
705.614	0.0291319
705.749	0.028355
705.883	0.0297792
706.018	0.0294556
706.153	0.0285492
706.288	0.0299087
706.423	0.0290024
706.557	0.0287434
706.692	0.0290024
706.827	0.0288082
706.962	0.0288082
707.097	0.0288729
707.231	0.0287434
707.366	0.0282255
707.501	0.0293908
707.636	0.0288729
707.771	0.0289377
707.905	0.0297145
708.04	0.0286787
708.175	0.028614
708.31	0.0291966
708.445	0.0290671
708.579	0.0299087
708.714	0.0295203
708.849	0.0287434
708.984	0.0291966
709.118	0.0297145
709.253	0.0284845
709.388	0.0291319
709.523	0.0291319
709.658	0.0280313
709.792	0.0275782
709.927	0.0299735
710.062	0.029585
710.197	0.0279666
710.332	0.0282255
710.466	0.0291966
710.601	0.0290671
710.736	0.0275134
710.871	0.0286787
711.006	0.0289377
711.14	0.0287434
711.275	0.0280961
711.41	0.0284845
711.545	0.0288082
711.679	0.0280961
711.814	0.0291319
711.949	0.0290024
712.084	0.0294556
712.219	0.0291319
712.353	0.0284845
712.488	0.0294556
712.623	0.0274487
712.758	0.028355
712.892	0.0293261
713.027	0.0293908
713.162	0.0299735
713.297	0.0281608
713.432	0.0285492
713.566	0.0285492
713.701	0.0282255
713.836	0.0293261
713.971	0.028355
714.105	0.0276429
714.24	0.0290671
714.375	0.0295203
714.51	0.0281608
714.645	0.028355
714.779	0.0289377
714.914	0.0282255
715.049	0.0293908
715.184	0.0299087
715.318	0.0293261
715.453	0.028614
715.588	0.0284198
715.723	0.0297145
715.858	0.0279019
715.992	0.0291966
716.127	0.0290671
716.262	0.0288082
716.397	0.0284845
716.531	0.0282255
716.666	0.0295203
716.801	0.0280961
716.936	0.0276429
717.07	0.0290671
717.205	0.0291966
717.34	0.0289377
717.475	0.0304266
717.61	0.0271897
717.744	0.0286787
717.879	0.0295203
718.014	0.0282255
718.149	0.0290671
718.283	0.0291319
718.418	0.0290671
718.553	0.0288729
718.688	0.0293261
718.822	0.029585
718.957	0.0293908
719.092	0.0292613
719.227	0.0285492
719.361	0.0288729
719.496	0.0291966
719.631	0.0291966
719.766	0.0286787
719.9	0.0293908
720.035	0.0294556
720.17	0.0284198
720.305	0.0288729
720.44	0.0291966
720.574	0.0287434
720.709	0.0294556
720.844	0.0294556
720.979	0.0280961
721.113	0.0295203
721.248	0.0289377
721.383	0.0285492
721.518	0.0288729
721.652	0.0291319
721.787	0.0290671
721.922	0.0282255
722.057	0.0302324
722.191	0.0290671
722.326	0.0299087
722.461	0.0286787
722.596	0.0289377
722.73	0.0288082
722.865	0.0292613
723	0.0288082
723.135	0.0297145
723.269	0.0281608
723.404	0.0288082
723.539	0.0293908
723.674	0.0282903
723.808	0.0289377
723.943	0.0297145
724.078	0.0288082
724.213	0.0286787
724.347	0.0290671
724.482	0.0290024
724.617	0.0285492
724.752	0.0290024
724.886	0.0288729
725.021	0.0291319
725.156	0.0296498
725.291	0.0290671
725.425	0.0284845
725.56	0.028614
725.695	0.0281608
725.829	0.0303619
725.964	0.0295203
726.099	0.0284198
726.234	0.0293908
726.368	0.0289377
726.503	0.0284198
726.638	0.0281608
726.773	0.0294556
726.907	0.0289377
727.042	0.0284198
727.177	0.0291966
727.312	0.028355
727.446	0.0296498
727.581	0.0291319
727.716	0.0297145
727.851	0.0293908
727.985	0.0290671
728.12	0.0285492
728.255	0.0297145
728.389	0.0290024
728.524	0.0297145
728.659	0.0288729
728.794	0.0282255
728.928	0.0280313
729.063	0.0289377
729.198	0.0293908
729.333	0.028614
729.467	0.028614
729.602	0.0284845
729.737	0.0292613
729.872	0.0291966
730.006	0.0278371
730.141	0.0299087
730.276	0.0290024
730.41	0.0284845
730.545	0.0291319
730.68	0.0290671
730.815	0.0289377
730.949	0.0291966
731.084	0.0293261
731.219	0.0289377
731.354	0.0293261
731.488	0.0290024
731.623	0.0291966
731.758	0.0287434
731.892	0.0284198
732.027	0.0277076
732.162	0.0292613
732.297	0.0281608
732.431	0.0282255
732.566	0.029585
732.701	0.0288729
732.835	0.028614
732.97	0.0290024
733.105	0.0290671
733.24	0.0288729
733.374	0.0291966
733.509	0.0294556
733.644	0.0291966
733.779	0.0277076
733.913	0.0288729
734.048	0.0293908
734.183	0.0291319
734.317	0.028614
734.452	0.0288729
734.587	0.0297145
734.722	0.0297145
734.856	0.028614
734.991	0.0291319
735.126	0.0281608
735.26	0.0279019
735.395	0.0289377
735.53	0.029585
735.665	0.0290671
735.799	0.028355
735.934	0.0289377
736.069	0.0296498
736.203	0.0275782
736.338	0.0287434
736.473	0.0297792
736.607	0.0293261
736.742	0.0293908
736.877	0.0287434
737.012	0.0286787
737.146	0.0291966
737.281	0.028355
737.416	0.0291319
737.55	0.028614
737.685	0.0301029
737.82	0.0286787
737.955	0.0292613
738.089	0.028355
738.224	0.0299087
738.359	0.0289377
738.493	0.0288729
738.628	0.0290024
738.763	0.0284845
738.897	0.0296498
739.032	0.0284198
739.167	0.0289377
739.302	0.0288729
739.436	0.0285492
739.571	0.0288082
739.706	0.0288082
739.84	0.0291966
739.975	0.0290024
740.11	0.0292613
740.244	0.0293261
740.379	0.0290024
740.514	0.0284198
740.649	0.0284198
740.783	0.0290671
740.918	0.0286787
741.053	0.0287434
741.187	0.0290024
741.322	0.0288082
741.457	0.0278371
741.591	0.0288729
741.726	0.0290024
741.861	0.0286787
741.996	0.0294556
742.13	0.0290671
742.265	0.029585
742.4	0.028614
742.534	0.0284845
742.669	0.0286787
742.804	0.0288082
742.938	0.0287434
743.073	0.0293908
743.208	0.0290671
743.342	0.0286787
743.477	0.0284198
743.612	0.0287434
743.747	0.0290024
743.881	0.028355
744.016	0.028355
744.151	0.0285492
744.285	0.0277076
744.42	0.0293908
744.555	0.0289377
744.689	0.0290671
744.824	0.0295203
744.959	0.0290024
745.093	0.028614
745.228	0.028614
745.363	0.0293908
745.497	0.0302324
745.632	0.0280961
745.767	0.028355
745.901	0.0290024
746.036	0.0282255
746.171	0.029844
746.305	0.0294556
746.44	0.0282255
746.575	0.0295203
746.71	0.0295203
746.844	0.0294556
746.979	0.0299735
747.114	0.0288729
747.248	0.0291319
747.383	0.0291966
747.518	0.0293908
747.652	0.0296498
747.787	0.0291319
747.922	0.0295203
748.056	0.0292613
748.191	0.0292613
748.326	0.029585
748.46	0.0291966
748.595	0.0282255
748.73	0.0286787
748.864	0.0291319
748.999	0.0288729
749.134	0.0288082
749.268	0.0288729
749.403	0.029585
749.538	0.0284845
749.672	0.0295203
749.807	0.0287434
749.942	0.0284845
750.076	0.0300382
750.211	0.0288729
750.346	0.0290024
750.48	0.0295203
750.615	0.0282903
750.75	0.0285492
750.884	0.0295203
751.019	0.0290024
751.154	0.0286787
751.288	0.0286787
751.423	0.0288082
751.558	0.0285492
751.692	0.0282255
751.827	0.0279019
751.962	0.0289377
752.096	0.0293261
752.231	0.0280961
752.366	0.0289377
752.5	0.0285492
752.635	0.0299087
752.77	0.0282255
752.904	0.029844
753.039	0.0292613
753.174	0.0297792
753.308	0.0286787
753.443	0.0290024
753.578	0.0281608
753.712	0.0290024
753.847	0.0293261
753.982	0.0295203
754.116	0.0289377
754.251	0.0289377
754.386	0.0284845
754.52	0.0290671
754.655	0.0296498
754.79	0.0288082
754.924	0.0297792
755.059	0.0289377
755.194	0.0290671
755.328	0.028614
755.463	0.0285492
755.597	0.0291966
755.732	0.0292613
755.867	0.0293908
756.001	0.0286787
756.136	0.0288082
756.271	0.0288729
756.405	0.0277724
756.54	0.0286787
756.675	0.0288082
756.809	0.0289377
756.944	0.0286787
757.079	0.0293908
757.213	0.0286787
757.348	0.029844
757.483	0.028355
757.617	0.0288729
757.752	0.0285492
757.887	0.0282903
758.021	0.0290671
758.156	0.029844
758.29	0.028355
758.425	0.0282255
758.56	0.028355
758.694	0.0287434
758.829	0.0294556
758.964	0.0296498
759.098	0.0286787
759.233	0.0286787
759.368	0.0284845
759.502	0.0288729
759.637	0.0284845
759.772	0.0289377
759.906	0.0286787
760.041	0.0287434
760.175	0.0284198
760.31	0.0288729
760.445	0.0289377
760.579	0.0290671
760.714	0.0293261
760.849	0.0295203
760.983	0.0290024
761.118	0.0297792
761.253	0.0288729
761.387	0.0284845
761.522	0.0287434
761.656	0.0292613
761.791	0.0291319
761.926	0.0280961
762.06	0.0293261
762.195	0.0285492
762.33	0.0284845
762.464	0.0299087
762.599	0.028355
762.733	0.0289377
762.868	0.0286787
763.003	0.028614
763.137	0.0282903
763.272	0.0292613
763.407	0.0293908
763.541	0.0290024
763.676	0.0296498
763.811	0.028614
763.945	0.0286787
764.08	0.0287434
764.214	0.0288729
764.349	0.0289377
764.484	0.0289377
764.618	0.0287434
764.753	0.0291319
764.888	0.0289377
765.022	0.0288082
765.157	0.0293908
765.291	0.0297145
765.426	0.0291966
765.561	0.0288082
765.695	0.0289377
765.83	0.0287434
765.965	0.0290671
766.099	0.0288082
766.234	0.0288082
766.368	0.0296498
766.503	0.0285492
766.638	0.0290671
766.772	0.0287434
766.907	0.0279019
767.041	0.0293908
767.176	0.029585
767.311	0.0293908
767.445	0.0289377
767.58	0.0295203
767.715	0.0285492
767.849	0.0290024
767.984	0.0290024
768.118	0.0289377
768.253	0.0293908
768.388	0.0289377
768.522	0.0278371
768.657	0.0291319
768.791	0.0289377
768.926	0.0293908
769.061	0.0282255
769.195	0.0288729
769.33	0.0288729
769.465	0.0286787
769.599	0.0291966
769.734	0.0289377
769.868	0.0292613
770.003	0.0284198
770.138	0.0288082
770.272	0.028355
770.407	0.0292613
770.541	0.028614
770.676	0.0290024
770.811	0.0288082
770.945	0.0285492
771.08	0.0293261
771.214	0.0291319
771.349	0.0286787
771.484	0.0277076
771.618	0.0290024
771.753	0.0291966
771.887	0.0290024
772.022	0.0288082
772.157	0.028614
772.291	0.0297145
772.426	0.0285492
772.56	0.0292613
772.695	0.0290671
772.83	0.0288729
772.964	0.0289377
773.099	0.0289377
773.233	0.029585
773.368	0.0285492
773.503	0.0289377
773.637	0.0287434
773.772	0.0290024
773.906	0.028614
774.041	0.0291966
774.176	0.0288729
774.31	0.0293908
774.445	0.029585
774.579	0.0287434
774.714	0.0291319
774.849	0.0291966
774.983	0.028355
775.118	0.0284198
775.252	0.0285492
775.387	0.0293261
775.522	0.0289377
775.656	0.0289377
775.791	0.0287434
775.925	0.0285492
776.06	0.0288729
776.195	0.028614
776.329	0.0291966
776.464	0.0282255
776.598	0.0284845
776.733	0.0291966
776.868	0.0293908
777.002	0.0292613
777.137	0.0279666
777.271	0.0290024
777.406	0.0284198
777.54	0.0291319
777.675	0.0293908
777.81	0.0286787
777.944	0.0288729
778.079	0.029585
778.213	0.0289377
778.348	0.0291966
778.483	0.0290024
778.617	0.0282903
778.752	0.028614
778.886	0.0291966
779.021	0.0291319
779.155	0.0291319
779.29	0.0280313
779.425	0.0290024
779.559	0.0288082
779.694	0.0291319
779.828	0.0284845
779.963	0.0296498
780.098	0.0288729
780.232	0.029844
780.367	0.0288729
780.501	0.0302324
780.636	0.0287434
780.77	0.029844
780.905	0.0293261
781.04	0.0291319
781.174	0.0292613
781.309	0.0292613
781.443	0.0281608
781.578	0.0291319
781.712	0.0291319
781.847	0.0291319
781.982	0.0290024
782.116	0.0273192
782.251	0.0280313
782.385	0.0297792
782.52	0.0291319
782.654	0.0293261
782.789	0.0282255
782.924	0.0284198
783.058	0.0289377
783.193	0.0295203
783.327	0.0284198
783.462	0.028355
783.596	0.0288082
783.731	0.0280313
783.866	0.0290024
784	0.0300382
784.135	0.0295203
784.269	0.0293261
784.404	0.0288082
784.538	0.0293261
784.673	0.0286787
784.808	0.0304914
784.942	0.0290671
785.077	0.0285492
785.211	0.0289377
785.346	0.0284845
785.48	0.0293261
785.615	0.028355
785.75	0.0284198
785.884	0.0286787
786.019	0.0288082
786.153	0.0289377
786.288	0.0297145
786.422	0.0289377
786.557	0.0293261
786.691	0.0287434
786.826	0.028355
786.961	0.0286787
787.095	0.0284845
787.23	0.0294556
787.364	0.0288082
787.499	0.0290671
787.633	0.0288082
787.768	0.0290024
787.902	0.0288729
788.037	0.0290671
788.172	0.0280961
788.306	0.0293261
788.441	0.0288729
788.575	0.0284845
788.71	0.0284198
788.844	0.0291966
788.979	0.0287434
789.113	0.028614
789.248	0.0295203
789.383	0.0289377
789.517	0.0299087
789.652	0.0288729
789.786	0.0294556
789.921	0.0287434
790.055	0.0288729
790.19	0.0287434
790.324	0.0290024
790.459	0.028614
790.594	0.0290671
790.728	0.0284845
790.863	0.0288729
790.997	0.028355
791.132	0.028614
791.266	0.0290671
791.401	0.0287434
791.535	0.0294556
791.67	0.028614
791.804	0.0281608
791.939	0.0297145
792.074	0.0301677
792.208	0.0294556
792.343	0.0293261
792.477	0.0293908
792.612	0.0291319
792.746	0.0290024
792.881	0.0289377
793.015	0.0284845
793.15	0.0296498
793.284	0.0294556
793.419	0.0288729
793.553	0.0287434
793.688	0.0288729
793.823	0.0293908
793.957	0.0286787
794.092	0.0281608
794.226	0.0290671
794.361	0.0286787
794.495	0.0280313
794.63	0.0291319
794.764	0.028614
794.899	0.0282903
795.033	0.0289377
795.168	0.0288082
795.302	0.0300382
795.437	0.0291319
795.572	0.0291966
795.706	0.029585
795.841	0.0291319
795.975	0.0290671
796.11	0.0290024
796.244	0.0281608
796.379	0.0291966
796.513	0.0281608
796.648	0.0286787
796.782	0.0285492
796.917	0.0282903
797.051	0.0288729
797.186	0.0287434
797.32	0.0293261
797.455	0.0293908
797.589	0.0288729
797.724	0.0288082
797.859	0.0289377
797.993	0.0285492
798.128	0.0282903
798.262	0.029585
798.397	0.0291319
798.531	0.0294556
798.666	0.0293908
798.8	0.028614
798.935	0.0288082
799.069	0.0291319
799.204	0.0288729
799.338	0.0297145
799.473	0.0292613
799.607	0.0299735
799.742	0.0297145
799.876	0.0293261
800.011	0.0285492
800.145	0.028614
800.28	0.0291966
800.414	0.0288082
800.549	0.029585
800.683	0.0293908
800.818	0.0297145
800.953	0.0290024
801.087	0.0300382
801.222	0.029585
801.356	0.0305561
801.491	0.0288082
801.625	0.0299735
801.76	0.0294556
801.894	0.029844
802.029	0.0296498
802.163	0.0304266
802.298	0.0297792
802.432	0.0294556
802.567	0.0308798
802.701	0.0299087
802.836	0.0300382
802.97	0.0293261
803.105	0.0301677
803.239	0.0299735
803.374	0.0304266
803.508	0.0302324
803.643	0.0299735
803.777	0.0310093
803.912	0.0304266
804.046	0.031074
804.181	0.0311387
804.315	0.0305561
804.45	0.0308798
804.584	0.0310093
804.719	0.0319803
804.853	0.0323687
804.988	0.0320451
805.122	0.0329514
805.257	0.0316566
805.391	0.0317861
805.526	0.0328219
805.66	0.0324335
805.795	0.0334045
805.929	0.0345051
806.064	0.033793
806.198	0.0354114
806.333	0.0357351
806.467	0.0363825
806.602	0.0384541
806.736	0.037483
806.871	0.0403315
807.005	0.0450573
807.14	0.0523726
807.274	0.0734771
807.409	0.160096
807.543	0.214152
807.678	0.211238
807.812	0.299217
807.947	0.412896
808.081	0.535055
808.216	0.916165
808.35	1
808.485	0.940506
808.619	0.441121
808.754	0.293779
808.888	0.272092
809.023	0.421182
809.157	0.56108
809.292	0.331521
809.426	0.0810513
809.561	0.0406551
809.695	0.0370946
809.83	0.0356704
809.964	0.0343109
810.099	0.0334693
810.233	0.0324335
810.368	0.0324335
810.502	0.0319803
810.637	0.0328219
810.771	0.0319156
810.906	0.0315919
811.04	0.0315272
811.175	0.0313329
811.309	0.0310093
811.444	0.0313977
811.578	0.0306856
811.713	0.0305561
811.847	0.0307503
811.982	0.0304266
812.116	0.0304914
812.251	0.030815
812.385	0.0300382
812.519	0.0297145
812.654	0.0297145
812.788	0.029585
812.923	0.0299735
813.057	0.0299735
813.192	0.0297792
813.326	0.0291319
813.461	0.0290671
813.595	0.0293261
813.73	0.0299087
813.864	0.0291319
813.999	0.0287434
814.133	0.0295203
814.268	0.0293908
814.402	0.0293261
814.537	0.0292613
814.671	0.029844
814.806	0.028355
814.94	0.0300382
815.075	0.0286787
815.209	0.0292613
815.344	0.0288082
815.478	0.0292613
815.612	0.0292613
815.747	0.0291319
815.881	0.0293908
816.016	0.0293261
816.15	0.028614
816.285	0.0290024
816.419	0.0295203
816.554	0.0295203
816.688	0.0297145
816.823	0.0284845
816.957	0.0288729
817.092	0.0294556
817.226	0.029585
817.361	0.0294556
817.495	0.0294556
817.63	0.0288729
817.764	0.0291966
817.898	0.029585
818.033	0.0293908
818.167	0.0290024
818.302	0.0289377
818.436	0.0285492
818.571	0.0284198
818.705	0.0280313
818.84	0.0291319
818.974	0.0297145
819.109	0.0288082
819.243	0.0290024
819.378	0.0290671
819.512	0.0294556
819.646	0.0291966
819.781	0.0290671
819.915	0.0293908
820.05	0.029585
820.184	0.028614
820.319	0.0288082
820.453	0.0284198
820.588	0.0296498
820.722	0.0292613
820.857	0.0288729
820.991	0.0293261
821.126	0.0292613
821.26	0.0291966
821.394	0.0288082
821.529	0.0287434
821.663	0.0284198
821.798	0.028355
821.932	0.028614
822.067	0.0289377
822.201	0.0294556
822.336	0.0294556
822.47	0.0293261
822.605	0.0287434
822.739	0.0287434
822.873	0.0292613
823.008	0.0288082
823.142	0.0290024
823.277	0.0287434
823.411	0.028614
823.546	0.0285492
823.68	0.028614
823.815	0.0290024
823.949	0.0291319
824.083	0.0288729
824.218	0.0288082
824.352	0.0286787
824.487	0.0280961
824.621	0.0284845
824.756	0.0290671
824.89	0.0290671
825.025	0.0289377
825.159	0.0288729
825.293	0.0285492
825.428	0.028614
825.562	0.0297792
825.697	0.0290024
825.831	0.0293908
825.966	0.0288729
826.1	0.028355
826.235	0.0279666
826.369	0.0291966
826.503	0.0294556
826.638	0.0290024
826.772	0.0297145
826.907	0.0280961
827.041	0.0289377
827.176	0.028355
827.31	0.029585
827.445	0.0289377
827.579	0.0288729
827.713	0.0297145
827.848	0.0294556
827.982	0.0294556
828.117	0.0295203
828.251	0.0291966
828.386	0.0290671
828.52	0.0293908
828.654	0.0289377
828.789	0.0292613
828.923	0.0297145
829.058	0.0288082
829.192	0.0281608
829.327	0.0289377
829.461	0.0287434
829.596	0.0299735
829.73	0.0297792
829.864	0.0284198
829.999	0.0303619
830.133	0.029585
830.268	0.0281608
830.402	0.0286787
830.537	0.0303619
830.671	0.0289377
830.805	0.0284198
830.94	0.0294556
831.074	0.0285492
831.209	0.0288082
831.343	0.0284198
831.478	0.0290024
831.612	0.0288729
831.746	0.0280961
831.881	0.0279666
832.015	0.0276429
832.15	0.0292613
832.284	0.0291319
832.418	0.028355
832.553	0.0292613
832.687	0.0294556
832.822	0.0288729
832.956	0.0282255
833.091	0.0304266
833.225	0.0288729
833.359	0.0289377
833.494	0.028614
833.628	0.0290024
833.763	0.0288082
833.897	0.0288082
834.032	0.0299087
834.166	0.0282255
834.3	0.0281608
834.435	0.0289377
834.569	0.0287434
834.704	0.0282903
834.838	0.028614
834.972	0.0287434
835.107	0.0287434
835.241	0.0293261
835.376	0.0293261
835.51	0.0285492
835.645	0.0286787
835.779	0.0288729
835.913	0.0284198
836.048	0.0291966
836.182	0.0292613
836.317	0.0288729
836.451	0.0281608
836.585	0.0285492
836.72	0.0284198
836.854	0.0293908
836.989	0.0292613
837.123	0.0288082
837.257	0.0286787
837.392	0.0288729
837.526	0.0290024
837.661	0.0288082
837.795	0.0288082
837.929	0.0290024
838.064	0.0290024
838.198	0.0290671
838.333	0.0291319
838.467	0.0297145
838.602	0.0288729
838.736	0.0285492
838.87	0.0288729
839.005	0.0286787
839.139	0.029585
839.274	0.0287434
839.408	0.0284198
839.542	0.0280313
839.677	0.0292613
839.811	0.0290671
839.946	0.0296498
840.08	0.0297792
840.214	0.0280961
840.349	0.0291319
840.483	0.0290671
840.618	0.0290024
840.752	0.029585
840.886	0.0282903
841.021	0.0287434
841.155	0.0292613
841.29	0.0291319
841.424	0.0282903
841.558	0.0280961
841.693	0.0291966
841.827	0.0288729
841.961	0.0278371
842.096	0.0288729
842.23	0.0293908
842.365	0.0286787
842.499	0.0294556
842.633	0.028355
842.768	0.0294556
842.902	0.0288082
843.037	0.0288082
843.171	0.0301677
843.305	0.0291966
843.44	0.0290671
843.574	0.028614
843.709	0.0286787
843.843	0.0284845
843.977	0.0284198
844.112	0.0284845
844.246	0.0289377
844.381	0.0285492
844.515	0.0289377
844.649	0.0287434
844.784	0.0294556
844.918	0.0290024
845.052	0.0291966
845.187	0.0281608
845.321	0.0292613
845.456	0.0285492
845.59	0.0293908
845.724	0.028614
845.859	0.0278371
845.993	0.0292613
846.128	0.0293908
846.262	0.0282255
846.396	0.0290024
846.531	0.0289377
846.665	0.0280961
846.799	0.0289377
846.934	0.0286787
847.068	0.0285492
847.203	0.0281608
847.337	0.0297145
847.471	0.0288729
847.606	0.0290024
847.74	0.0280961
847.874	0.0295203
848.009	0.0279666
848.143	0.028614
848.278	0.0285492
848.412	0.0291319
848.546	0.028614
848.681	0.0291319
848.815	0.0294556
848.949	0.0290024
849.084	0.029585
849.218	0.0284198
849.353	0.0282903
849.487	0.0290024
849.621	0.028614
849.756	0.0288729
849.89	0.0286787
850.024	0.0293261
850.159	0.0288729
850.293	0.0293261
850.428	0.0285492
850.562	0.0301029
850.696	0.0293261
850.831	0.0292613
850.965	0.0291966
851.099	0.0294556
851.234	0.0288082
851.368	0.0281608
851.502	0.0290024
851.637	0.0297145
851.771	0.0300382
851.906	0.0284845
852.04	0.0285492
852.174	0.0285492
852.309	0.0290024
852.443	0.028355
852.577	0.0291966
852.712	0.0284845
852.846	0.0290671
852.98	0.0290671
853.115	0.0294556
853.249	0.0300382
853.384	0.0297792
853.518	0.0291319
853.652	0.0287434
853.787	0.0290671
853.921	0.0290671
854.055	0.0286787
854.19	0.0290671
854.324	0.0290024
854.458	0.0293261
854.593	0.0284198
854.727	0.0288082
854.861	0.0291966
854.996	0.0280961
855.13	0.0293261
855.265	0.0284845
855.399	0.0290671
855.533	0.0284845
855.668	0.0288082
855.802	0.0290024
855.936	0.0281608
856.071	0.0286787
856.205	0.0291319
856.339	0.0293908
856.474	0.0285492
856.608	0.0291966
856.742	0.0293261
856.877	0.0293908
857.011	0.0290671
857.145	0.0284845
857.28	0.0297145
857.414	0.0286787
857.549	0.028614
857.683	0.0295203
857.817	0.0284845
857.952	0.0288729
858.086	0.0291966
858.22	0.0287434
858.355	0.028614
858.489	0.0291966
858.623	0.0288729
858.758	0.0288082
858.892	0.0281608
859.026	0.0284198
859.161	0.0294556
859.295	0.028614
859.429	0.0288729
859.564	0.0288729
859.698	0.0291319
859.832	0.0297792
859.967	0.0291319
860.101	0.0288729
860.235	0.0293908
860.37	0.0291966
860.504	0.0299735
860.638	0.0286787
860.773	0.029844
860.907	0.0288729
861.041	0.028614
861.176	0.0289377
861.31	0.0299087
861.444	0.0286787
861.579	0.0292613
861.713	0.0287434
861.847	0.0292613
861.982	0.0290024
862.116	0.0291966
862.25	0.0284845
862.385	0.0290024
862.519	0.0287434
862.653	0.0289377
862.788	0.0287434
862.922	0.0282903
863.056	0.0287434
863.191	0.0279666
863.325	0.028614
863.459	0.0286787
863.594	0.0288082
863.728	0.0293261
863.862	0.029585
863.997	0.0294556
864.131	0.029585
864.265	0.0285492
864.4	0.0286787
864.534	0.0289377
864.668	0.029844
864.803	0.0288082
864.937	0.0291319
865.071	0.0297145
865.206	0.0289377
865.34	0.0291319
865.474	0.0290671
865.609	0.0291966
865.743	0.0296498
865.877	0.0286787
866.012	0.0285492
866.146	0.0286787
866.28	0.0287434
866.415	0.0279666
866.549	0.0289377
866.683	0.0285492
866.818	0.0284198
866.952	0.0290024
867.086	0.028614
867.221	0.0297792
867.355	0.0290671
867.489	0.0288082
867.623	0.028355
867.758	0.0284198
867.892	0.0293261
868.026	0.0291319
868.161	0.0286787
868.295	0.0299087
868.429	0.0286787
868.564	0.0294556
868.698	0.0292613
868.832	0.0293908
868.967	0.028614
869.101	0.0290024
869.235	0.0287434
869.37	0.0289377
869.504	0.0286787
869.638	0.0287434
869.773	0.0289377
869.907	0.028355
870.041	0.0291319
870.175	0.0293908
870.31	0.0293908
870.444	0.0282255
870.578	0.0282903
870.713	0.0284845
870.847	0.0301677
870.981	0.028614
871.116	0.0286787
871.25	0.029585
871.384	0.0291319
871.519	0.0285492
871.653	0.0289377
871.787	0.0284845
871.921	0.0294556
872.056	0.0291319
872.19	0.0293908
872.324	0.0288082
872.459	0.0288729
872.593	0.0288082
872.727	0.0288729
872.862	0.0297792
872.996	0.0290671
873.13	0.0297145
873.264	0.0290024
873.399	0.029844
873.533	0.0290671
873.667	0.0284845
873.802	0.0292613
873.936	0.0291319
874.07	0.0290671
874.205	0.0290024
874.339	0.0296498
874.473	0.0289377
874.607	0.0291319
874.742	0.0284845
874.876	0.0292613
875.01	0.0290671
875.145	0.0293908
875.279	0.0300382
875.413	0.0287434
875.548	0.0293908
875.682	0.0292613
875.816	0.0291966
875.95	0.0290671
876.085	0.0292613
876.219	0.0288729
876.353	0.0280313
876.488	0.0278371
876.622	0.028614
876.756	0.0284198
876.89	0.028614
877.025	0.0290024
877.159	0.0291319
877.293	0.0292613
877.428	0.0293908
877.562	0.0287434
877.696	0.028614
877.83	0.0289377
877.965	0.0290671
878.099	0.028614
878.233	0.0295203
878.368	0.0282255
878.502	0.0288082
878.636	0.0286787
878.77	0.0292613
878.905	0.0292613
879.039	0.0282903
879.173	0.0295203
879.308	0.0292613
879.442	0.0291966
879.576	0.0286787
879.71	0.0288082
879.845	0.0286787
879.979	0.0296498
880.113	0.0284198
880.248	0.0286787
880.382	0.0292613
880.516	0.0288729
880.65	0.0280961
880.785	0.0292613
880.919	0.0291319
881.053	0.0290671
881.188	0.0287434
881.322	0.0288082
881.456	0.0286787
881.59	0.0299087
881.725	0.0287434
881.859	0.0288729
881.993	0.0288082
882.127	0.028614
882.262	0.028614
882.396	0.0293908
882.53	0.0280961
882.665	0.028614
882.799	0.0288729
882.933	0.0291319
883.067	0.0290024
883.202	0.0291319
883.336	0.0284198
883.47	0.0288082
883.604	0.0299087
883.739	0.0288729
883.873	0.028614
884.007	0.0278371
884.142	0.0282903
884.276	0.028355
884.41	0.0290024
884.544	0.0295203
884.679	0.0293261
884.813	0.029844
884.947	0.0284845
885.081	0.0286787
885.216	0.0288082
885.35	0.0290671
885.484	0.0284198
885.618	0.0295203
885.753	0.0287434
885.887	0.0293908
886.021	0.0284198
886.155	0.0290671
886.29	0.0293261
886.424	0.028614
886.558	0.0293261
886.693	0.0291319
886.827	0.028614
886.961	0.0288082
887.095	0.0288082
887.23	0.028614
887.364	0.0289377
887.498	0.0281608
887.632	0.0284845
887.767	0.029844
887.901	0.0290671
888.035	0.0300382
888.169	0.0297145
888.304	0.0293908
888.438	0.0296498
888.572	0.0286787
888.706	0.0282255
888.841	0.0290024
888.975	0.0290024
889.109	0.028355
889.243	0.0286787
889.378	0.0290024
889.512	0.0286787
889.646	0.028614
889.78	0.0293261
889.915	0.0284198
890.049	0.0282255
890.183	0.0288729
890.317	0.0293261
890.452	0.0286787
890.586	0.0297145
890.72	0.0291966
890.854	0.0288082
890.989	0.0297145
891.123	0.0287434
891.257	0.0287434
891.391	0.028355
891.526	0.0282903
891.66	0.0297792
891.794	0.0284845
891.928	0.028614
892.063	0.0299087
892.197	0.0297145
892.331	0.0289377
892.465	0.028614
892.6	0.0288082
892.734	0.0288729
892.868	0.0292613
893.002	0.0287434
893.137	0.0281608
893.271	0.0293261
893.405	0.028614
893.539	0.028355
893.674	0.0293261
893.808	0.0284845
893.942	0.0290671
894.076	0.0293908
894.21	0.0287434
894.345	0.028355
894.479	0.028614
894.613	0.0292613
894.747	0.028355
894.882	0.0281608
895.016	0.0293908
895.15	0.0287434
895.284	0.028614
895.419	0.0293908
895.553	0.0286787
895.687	0.0288082
895.821	0.0284198
895.956	0.0288082
896.09	0.0291319
896.224	0.028614
896.358	0.0284845
896.492	0.0284845
896.627	0.0292613
896.761	0.0292613
896.895	0.0290024
897.029	0.0284198
897.164	0.0289377
897.298	0.0288082
897.432	0.0295203
897.566	0.0289377
897.701	0.0295203
897.835	0.0287434
897.969	0.0293908
898.103	0.0282255
898.237	0.0292613
898.372	0.0290671
898.506	0.0293261
898.64	0.0279666
898.774	0.0289377
898.909	0.0291966
899.043	0.0300382
899.177	0.0282903
899.311	0.0277724
899.445	0.0280313
899.58	0.028355
899.714	0.0292613
899.848	0.0290671
899.982	0.0287434
900.117	0.0284198
900.251	0.0295203
900.385	0.0293908
900.519	0.0288082
900.653	0.0288082
900.788	0.0293908
900.922	0.0290671
901.056	0.0286787
901.19	0.0290024
901.325	0.0290024
901.459	0.0297792
901.593	0.028614
901.727	0.0290024
901.861	0.0286787
901.996	0.0286787
902.13	0.0291966
902.264	0.0288082
902.398	0.0285492
902.532	0.0288082
902.667	0.0289377
902.801	0.0297792
902.935	0.0292613
903.069	0.0291319
903.204	0.0282255
903.338	0.028355
903.472	0.0288082
903.606	0.0292613
903.74	0.0290671
903.875	0.0289377
904.009	0.028614
904.143	0.0293261
904.277	0.0290671
904.411	0.0292613
904.546	0.0297792
904.68	0.0282903
904.814	0.0290024
904.948	0.0290024
905.082	0.0290671
905.217	0.0297145
905.351	0.0288729
905.485	0.0290671
905.619	0.0290671
905.753	0.0294556
905.888	0.0293261
906.022	0.0276429
906.156	0.0289377
906.29	0.0292613
906.424	0.0297145
906.559	0.028614
906.693	0.0291319
906.827	0.0288082
906.961	0.0288082
907.095	0.0300382
907.23	0.0295203
907.364	0.0291319
907.498	0.0284198
907.632	0.0291319
907.766	0.0285492
907.901	0.0285492
908.035	0.028614
908.169	0.0292613
908.303	0.0291319
908.437	0.0290671
908.572	0.028355
908.706	0.0293261
908.84	0.0286787
908.974	0.0284198
909.108	0.0291319
909.243	0.0287434
909.377	0.029585
909.511	0.0288082
909.645	0.0288082
909.779	0.0291319
909.914	0.028614
910.048	0.0279666
910.182	0.0287434
910.316	0.0293908
910.45	0.0296498
910.585	0.0289377
910.719	0.0289377
910.853	0.0288729
910.987	0.0284198
911.121	0.028355
911.255	0.0285492
911.39	0.0290024
911.524	0.028355
911.658	0.0294556
911.792	0.0290671
911.926	0.0290671
912.061	0.0293908
912.195	0.0289377
912.329	0.029844
912.463	0.0289377
912.597	0.0281608
912.732	0.0290671
912.866	0.0293261
913	0.0279019
913.134	0.0294556
913.268	0.0291319
913.402	0.0279019
913.537	0.029585
913.671	0.028355
913.805	0.0284845
913.939	0.0292613
914.073	0.0302324
914.208	0.0289377
914.342	0.0288729
914.476	0.028614
914.61	0.0288729
914.744	0.0286787
914.878	0.0293261
915.013	0.0296498
915.147	0.0288729
915.281	0.0291966
915.415	0.0293261
915.549	0.0289377
915.683	0.0296498
915.818	0.0294556
915.952	0.0285492
916.086	0.0288082
916.22	0.0282903
916.354	0.0295203
916.488	0.0292613
916.623	0.028614
916.757	0.0290671
916.891	0.0290024
917.025	0.0291966
917.159	0.0289377
917.293	0.0295203
917.428	0.0286787
917.562	0.0291966
917.696	0.0277076
917.83	0.028614
917.964	0.0290671
918.098	0.0294556
918.233	0.0295203
918.367	0.0285492
918.501	0.028355
918.635	0.0285492
918.769	0.0286787
918.903	0.0301029
919.038	0.0288729
919.172	0.0288729
919.306	0.0281608
919.44	0.028355
919.574	0.0296498
919.708	0.0284198
919.843	0.0288082
919.977	0.0291966
920.111	0.0296498
920.245	0.0294556
920.379	0.0293908
920.513	0.0291966
920.648	0.0287434
920.782	0.0290024
920.916	0.0291319
921.05	0.0288082
921.184	0.0284198
921.318	0.0295203
921.453	0.0289377
921.587	0.0294556
921.721	0.0286787
921.855	0.0293908
921.989	0.0280961
922.123	0.0288729
922.257	0.0290024
922.392	0.0284198
922.526	0.0284845
922.66	0.0292613
922.794	0.0296498
922.928	0.0286787
923.062	0.0291319
923.197	0.0291966
923.331	0.028614
923.465	0.0291966
923.599	0.0289377
923.733	0.0295203
923.867	0.0286787
924.001	0.0294556
924.136	0.0285492
924.27	0.0297792
924.404	0.0278371
924.538	0.0280961
924.672	0.0285492
924.806	0.0290024
924.94	0.0289377
925.075	0.0278371
925.209	0.028614
925.343	0.0279019
925.477	0.0284198
925.611	0.0285492
925.745	0.0280313
925.879	0.0293908
926.014	0.0281608
926.148	0.0297792
926.282	0.0292613
926.416	0.0286787
926.55	0.0293908
926.684	0.028614
926.818	0.0290671
926.953	0.0288082
927.087	0.029585
927.221	0.0285492
927.355	0.0293908
927.489	0.028614
927.623	0.0279019
927.757	0.0289377
927.892	0.0284198
928.026	0.0290024
928.16	0.0279666
928.294	0.0280313
928.428	0.0293908
928.562	0.0293261
928.696	0.0292613
928.831	0.0289377
928.965	0.028614
929.099	0.0290671
929.233	0.0288082
929.367	0.0290024
929.501	0.0285492
929.635	0.0288082
929.769	0.0291319
929.904	0.0288082
930.038	0.028614
930.172	0.0297792
930.306	0.0284845
930.44	0.0290671
930.574	0.0294556
930.708	0.0292613
930.843	0.0288082
930.977	0.0291966
931.111	0.0279666
931.245	0.0292613
931.379	0.0294556
931.513	0.0285492
931.647	0.0293908
931.781	0.0281608
931.916	0.0297792
932.05	0.0296498
932.184	0.0288729
932.318	0.0291966
932.452	0.0284845
932.586	0.0286787
932.72	0.0290024
932.854	0.0288729
932.989	0.0292613
933.123	0.0275134
933.257	0.0295203
933.391	0.0284198
933.525	0.0287434
933.659	0.0288729
933.793	0.0291966
933.927	0.0288082
934.061	0.0287434
934.196	0.0290671
934.33	0.0281608
934.464	0.0290024
934.598	0.0284845
934.732	0.0295203
934.866	0.0286787
935	0.0292613
935.134	0.0291966
935.269	0.0296498
935.403	0.0281608
935.537	0.0294556
935.671	0.0285492
935.805	0.029585
935.939	0.0291966
936.073	0.0287434
936.207	0.0284845
936.341	0.0293908
936.476	0.0300382
936.61	0.0282903
936.744	0.0290671
936.878	0.0291966
937.012	0.0282903
937.146	0.0291966
937.28	0.0295203
937.414	0.028614
937.548	0.0278371
937.683	0.0293261
937.817	0.0288082
937.951	0.0290671
938.085	0.0281608
938.219	0.0290671
938.353	0.0284198
938.487	0.0295203
938.621	0.0287434
938.755	0.029585
938.889	0.0289377
939.024	0.0290024
939.158	0.0288082
939.292	0.0286787
939.426	0.0291966
939.56	0.0278371
939.694	0.0285492
939.828	0.0301029
939.962	0.0287434
940.096	0.0289377
940.231	0.0290671
940.365	0.0288729
940.499	0.0288082
940.633	0.028614
940.767	0.0291966
940.901	0.0302971
941.035	0.028355
941.169	0.0290024
941.303	0.0290671
941.437	0.0287434
941.571	0.0291966
941.706	0.0293261
941.84	0.0290024
941.974	0.0286787
942.108	0.0293261
942.242	0.0290024
942.376	0.0282255
942.51	0.0296498
942.644	0.0291319
942.778	0.0290671
942.912	0.0288082
943.047	0.0301677
943.181	0.0290024
943.315	0.0284198
943.449	0.0291319
943.583	0.0288082
943.717	0.0288729
943.851	0.0294556
943.985	0.0284845
944.119	0.0293261
944.253	0.0293908
944.387	0.0288082
944.522	0.0291319
944.656	0.0291966
944.79	0.028355
944.924	0.029585
945.058	0.0291966
945.192	0.0290671
945.326	0.0281608
945.46	0.0295203
945.594	0.0288729
945.728	0.0294556
945.862	0.0280313
945.996	0.0293908
946.131	0.0296498
946.265	0.0289377
946.399	0.0290671
946.533	0.0282903
946.667	0.0291966
946.801	0.0288082
946.935	0.0293261
947.069	0.0289377
947.203	0.0299087
947.337	0.0277076
947.471	0.0286787
947.605	0.0279019
947.739	0.0291319
947.874	0.0291319
948.008	0.0285492
948.142	0.028355
948.276	0.0285492
948.41	0.0293908
948.544	0.0282255
948.678	0.0293908
948.812	0.0286787
948.946	0.0290024
949.08	0.029585
949.214	0.029844
949.348	0.0287434
949.482	0.0284845
949.617	0.028355
949.751	0.0289377
949.885	0.0290024
950.019	0.029585
950.153	0.0284845
950.287	0.0288082
950.421	0.0281608
950.555	0.0280313
950.689	0.0289377
950.823	0.0290671
950.957	0.0291319
951.091	0.0281608
951.225	0.0285492
951.359	0.0290024
951.493	0.0280961
951.628	0.0292613
951.762	0.0286787
951.896	0.0284845
952.03	0.028614
952.164	0.0284845
952.298	0.0289377
952.432	0.0288729
952.566	0.0289377
952.7	0.0293261
952.834	0.0297792
952.968	0.0302324
953.102	0.0291319
953.236	0.0287434
953.37	0.028614
953.504	0.029844
953.639	0.0280961
953.773	0.0284198
953.907	0.0288082
954.041	0.028355
954.175	0.0291319
954.309	0.0297792
954.443	0.0282255
954.577	0.0290671
954.711	0.0287434
954.845	0.0285492
954.979	0.0282255
955.113	0.0285492
955.247	0.0286787
955.381	0.0299087
955.515	0.028355
955.649	0.0292613
955.783	0.0290671
955.917	0.028355
956.052	0.028614
956.186	0.0280961
956.32	0.0287434
956.454	0.0297792
956.588	0.0291319
956.722	0.0292613
956.856	0.0288729
956.99	0.0293261
957.124	0.0295203
957.258	0.0295203
957.392	0.0287434
957.526	0.0290671
957.66	0.0284845
957.794	0.0284198
957.928	0.0281608
958.062	0.0284845
958.196	0.0291966
958.33	0.0297792
958.464	0.0291319
958.598	0.0294556
958.733	0.0286787
958.867	0.0292613
959.001	0.0290671
959.135	0.0284198
959.269	0.0285492
959.403	0.028614
959.537	0.0274487
959.671	0.028355
959.805	0.0293261
959.939	0.0293261
960.073	0.0290671
960.207	0.0301677
960.341	0.028614
960.475	0.0291966
960.609	0.0292613
960.743	0.0290024
960.877	0.0293261
961.011	0.028614
961.145	0.0287434
961.279	0.0288729
961.413	0.0296498
961.547	0.0294556
961.681	0.0287434
961.815	0.0299087
961.949	0.0293908
962.083	0.0291319
962.218	0.0292613
962.352	0.0285492
962.486	0.0290024
962.62	0.0286787
962.754	0.029585
962.888	0.0292613
963.022	0.0294556
963.156	0.0291966
963.29	0.0288729
963.424	0.0284198
963.558	0.0286787
963.692	0.0284198
963.826	0.0281608
963.96	0.0292613
964.094	0.0280313
964.228	0.028614
964.362	0.0290024
964.496	0.0291319
964.63	0.0290024
964.764	0.0284845
964.898	0.0284845
965.032	0.0291966
965.166	0.0285492
965.3	0.0284198
965.434	0.028614
965.568	0.0287434
965.702	0.0293261
965.836	0.0293261
965.97	0.028614
966.104	0.0286787
966.238	0.0290024
966.372	0.0289377
966.506	0.0291319
966.64	0.0282903
966.774	0.0288082
966.908	0.0285492
967.043	0.0286787
967.177	0.0291319
967.311	0.0291966
967.445	0.0282255
967.579	0.0290024
967.713	0.0292613
967.847	0.0299735
967.981	0.0289377
968.115	0.0280961
968.249	0.0293908
968.383	0.0286787
968.517	0.0284198
968.651	0.0288082
968.785	0.0291966
968.919	0.0291319
969.053	0.0299087
969.187	0.0280313
969.321	0.0285492
969.455	0.0291966
969.589	0.0288082
969.723	0.028614
969.857	0.0284198
969.991	0.0301029
970.125	0.0293261
970.259	0.0288082
970.393	0.028614
970.527	0.0290671
970.661	0.0281608
970.795	0.0291319
970.929	0.0293261
971.063	0.029585
971.197	0.0292613
971.331	0.028614
971.465	0.0291319
971.599	0.0285492
971.733	0.0290671
971.867	0.0280313
972.001	0.0289377
972.135	0.0287434
972.269	0.0288729
972.403	0.0295203
972.537	0.0288729
972.671	0.0296498
972.805	0.0288729
972.939	0.0294556
973.073	0.0288729
973.207	0.0290671
973.341	0.0285492
973.475	0.0280961
973.609	0.0292613
973.743	0.0287434
973.877	0.029585
974.011	0.0282255
974.145	0.0280961
974.279	0.0277724
974.413	0.0284198
974.547	0.0282255
974.681	0.0293908
974.815	0.0288082
974.949	0.028614
975.083	0.0286787
975.217	0.0287434
975.351	0.0299735
975.485	0.0282255
975.619	0.0282255
975.753	0.0286787
975.887	0.0284198
976.021	0.0306208
976.155	0.028355
976.289	0.0282903
976.423	0.0290024
976.557	0.0296498
976.691	0.0282255
976.825	0.0287434
976.959	0.0288082
977.093	0.0290671
977.227	0.0286787
977.361	0.0291966
977.495	0.0291319
977.629	0.0291319
977.763	0.0284845
977.897	0.0301677
978.031	0.0290671
978.165	0.0293908
978.299	0.0290671
978.433	0.0287434
978.567	0.029844
978.701	0.028614
978.835	0.028355
978.969	0.0292613
979.103	0.0288082
979.237	0.0291319
979.371	0.0290024
979.505	0.0293261
979.639	0.0292613
979.773	0.0291319
979.907	0.0288082
980.041	0.0280961
980.175	0.0288082
980.308	0.0286787
980.442	0.0281608
980.576	0.0299735
980.71	0.0291319
980.844	0.0288082
980.978	0.0293261
981.112	0.0288082
981.246	0.0292613
981.38	0.0293908
981.514	0.0289377
981.648	0.0280961
981.782	0.0282903
981.916	0.0278371
982.05	0.0294556
982.184	0.0284198
982.318	0.0288729
982.452	0.0281608
982.586	0.0288082
982.72	0.0288082
982.854	0.0287434
982.988	0.0289377
983.122	0.0288729
983.256	0.0291319
983.39	0.029844
983.524	0.0290671
983.658	0.0278371
983.792	0.0301677
983.926	0.028614
984.06	0.0295203
984.194	0.0291319
984.328	0.0293261
984.462	0.0278371
984.596	0.0287434
984.73	0.028614
984.864	0.0289377
984.998	0.0297145
985.132	0.0280961
985.265	0.0285492
985.399	0.0294556
985.533	0.0288729
985.667	0.0288729
985.801	0.0292613
985.935	0.0287434
986.069	0.0294556
986.203	0.0286787
986.337	0.0287434
986.471	0.0293261
986.605	0.028355
986.739	0.0290024
986.873	0.0297145
987.007	0.0301029
987.141	0.0282903
987.275	0.0284198
987.409	0.028355
987.543	0.0285492
987.677	0.0291966
987.811	0.0292613
987.945	0.0280961
988.079	0.0295203
988.213	0.0291319
988.347	0.0296498
988.481	0.0280313
988.614	0.0280961
988.748	0.0288729
988.882	0.0288082
989.016	0.0288082
989.15	0.0297145
989.284	0.0293908
989.418	0.0291966
989.552	0.0291966
989.686	0.0299087
989.82	0.0289377
989.954	0.0290024
990.088	0.0284845
990.222	0.0290024
990.356	0.0286787
990.49	0.0275134
990.624	0.0290671
990.758	0.0296498
990.892	0.0288082
991.026	0.0290671
991.16	0.0284845
991.294	0.0291319
991.427	0.0291319
991.561	0.0284845
991.695	0.0286787
991.829	0.0292613
991.963	0.0289377
992.097	0.0291319
992.231	0.0282903
992.365	0.0296498
992.499	0.028614
992.633	0.0293261
992.767	0.0290024
992.901	0.0279666
993.035	0.0285492
993.169	0.0295203
993.303	0.0293261
993.437	0.0288082
993.571	0.0291966
993.704	0.0284198
993.838	0.028355
993.972	0.028614
994.106	0.0299087
994.24	0.0285492
994.374	0.029585
994.508	0.0299735
994.642	0.0286787
994.776	0.0290671
994.91	0.0293261
995.044	0.0286787
995.178	0.0285492
995.312	0.0289377
995.446	0.0293261
995.58	0.029844
995.714	0.028614
995.847	0.0287434
995.981	0.0285492
996.115	0.0288082
996.249	0.0296498
996.383	0.028614
996.517	0.0295203
996.651	0.0289377
996.785	0.0279019
996.919	0.0290024
997.053	0.0293908
997.187	0.029585
997.321	0.0282255
997.455	0.0284845
997.589	0.0284845
997.722	0.0281608
997.856	0.0286787
997.99	0.0290671
998.124	0.0289377
998.258	0.0291966
998.392	0.0300382
998.526	0.0291966
998.66	0.0291319
998.794	0.0296498
998.928	0.0284845
999.062	0.0293261
999.196	0.0289377
999.33	0.0279666
999.464	0.0284845
999.597	0.029585
999.731	0.0281608
999.865	0.0286787
999.999	0.0292613
1000.13	0.0288729
1000.27	0.029585
1000.4	0.0290024
1000.53	0.0292613
1000.67	0.0299087
1000.8	0.0291319
1000.94	0.0290024
1001.07	0.0297145
1001.2	0.0293908
1001.34	0.0293261
1001.47	0.0301677
1001.61	0.0288082
1001.74	0.0288729
1001.87	0.028355
1002.01	0.0286787
1002.14	0.0280961
1002.28	0.0292613
1002.41	0.0288082
1002.54	0.0282255
1002.68	0.0288082
1002.81	0.028614
1002.95	0.0293908
1003.08	0.0290024
1003.21	0.0293908
1003.35	0.0293261
1003.48	0.0292613
1003.61	0.0292613
1003.75	0.0291966
1003.88	0.0297145
1004.02	0.0281608
1004.15	0.0289377
1004.28	0.0291966
1004.42	0.0290024
1004.55	0.0286787
1004.69	0.0278371
1004.82	0.0285492
1004.95	0.0282903
1005.09	0.0291966
1005.22	0.0282903
1005.36	0.0286787
1005.49	0.0288082
1005.62	0.0277076
1005.76	0.0292613
1005.89	0.0293908
1006.03	0.0289377
1006.16	0.0282903
1006.29	0.0291966
1006.43	0.0288082
1006.56	0.0291966
1006.69	0.0282903
1006.83	0.0288729
1006.96	0.0299087
1007.1	0.0299735
1007.23	0.0299087
1007.36	0.0289377
1007.5	0.0286787
1007.63	0.0292613
1007.77	0.0282903
1007.9	0.0284198
1008.03	0.0290671
1008.17	0.0291319
1008.3	0.0296498
1008.44	0.0292613
1008.57	0.0290024
1008.7	0.0286787
1008.84	0.0286787
1008.97	0.0282903
1009.1	0.028614
1009.24	0.0299735
1009.37	0.0291966
1009.51	0.0297145
1009.64	0.0280961
1009.77	0.0290671
1009.91	0.0290024
1010.04	0.0291966
1010.18	0.0282903
1010.31	0.0282903
1010.44	0.0290024
1010.58	0.0288729
1010.71	0.0290671
1010.85	0.0289377
1010.98	0.0286787
1011.11	0.0282903
1011.25	0.0284845
1011.38	0.0289377
1011.51	0.0288729
1011.65	0.0290671
1011.78	0.0288729
1011.92	0.0287434
1012.05	0.0288082
1012.18	0.0293261
1012.32	0.0291966
1012.45	0.0284198
1012.59	0.0290671
1012.72	0.028355
1012.85	0.0288729
1012.99	0.028614
1013.12	0.0289377
1013.26	0.0288729
1013.39	0.0295203
1013.52	0.0290024
1013.66	0.0291319
1013.79	0.0290671
1013.92	0.0290024
1014.06	0.0290024
1014.19	0.0302324
1014.33	0.029585
1014.46	0.0290024
1014.59	0.0291966
1014.73	0.0286787
1014.86	0.0293908
1015	0.0293908
1015.13	0.0287434
1015.26	0.0297792
1015.4	0.028355
1015.53	0.0284198
1015.67	0.0293261
1015.8	0.0296498
1015.93	0.0288082
1016.07	0.0284845
1016.2	0.028614
1016.33	0.029585
1016.47	0.0287434
1016.6	0.0286787
1016.74	0.0291319
1016.87	0.0291319
1017	0.0284845
1017.14	0.0293261
1017.27	0.0288082
1017.41	0.0290024
1017.54	0.0302971
1017.67	0.0290024
1017.81	0.0288729
1017.94	0.0287434
1018.07	0.0289377
1018.21	0.0286787
1018.34	0.0290024
1018.48	0.0281608
1018.61	0.0287434
1018.74	0.0287434
1018.88	0.0287434
1019.01	0.0278371
1019.15	0.0290671
1019.28	0.0287434
1019.41	0.0299087
1019.55	0.0290671
1019.68	0.0293908
1019.82	0.0282903
1019.95	0.0281608
1020.08	0.0280961
1020.22	0.0290671
1020.35	0.0290671
1020.48	0.0293908
1020.62	0.0291319
1020.75	0.028614
1020.89	0.0281608
1021.02	0.029585
1021.15	0.0289377
1021.29	0.0282903
1021.42	0.0291966
1021.56	0.0290671
1021.69	0.0290671
1021.82	0.0302324
1021.96	0.0282255
1022.09	0.0286787
1022.22	0.0295203
1022.36	0.028355
1022.49	0.0292613
1022.63	0.0286787
1022.76	0.0287434
1022.89	0.029844
1023.03	0.0288082
1023.16	0.0289377
1023.3	0.0290671
1023.43	0.0290671
1023.56	0.028355
1023.7	0.0285492
1023.83	0.029844
1023.96	0.0292613
1024.1	0.0284845
1024.23	0.0280313
1024.37	0.0281608
1024.5	0.0291319
1024.63	0.0286787
1024.77	0.0290671
1024.9	0.0293908
1025.04	0.0286787
1025.17	0.0280961
1025.3	0.0293261
1025.44	0.0289377
1025.57	0.0292613
1025.7	0.0293261
1025.84	0.0286787
1025.97	0.0287434
1026.11	0.0290671
1026.24	0.0291319
1026.37	0.0288082
1026.51	0.0288729
1026.64	0.0286787
1026.78	0.0288729
1026.91	0.0291319
1027.04	0.0288729
1027.18	0.028614
1027.31	0.0290024
1027.44	0.0296498
1027.58	0.0291319
1027.71	0.0287434
1027.85	0.0286787
1027.98	0.0293908
1028.11	0.0284845
1028.25	0.0282903
1028.38	0.0284845
1028.52	0.0290671
1028.65	0.0288729
1028.78	0.0297145
1028.92	0.0295203
1029.05	0.029585
1029.18	0.0291966
1029.32	0.0288729
1029.45	0.0289377
1029.59	0.0305561
1029.72	0.028355
1029.85	0.0302324
1029.99	0.0292613
1030.12	0.0285492
1030.26	0.0288082
1030.39	0.0288729
1030.52	0.0288729
1030.66	0.0297792
1030.79	0.0290024
1030.92	0.0285492
1031.06	0.0285492
1031.19	0.0297792
1031.33	0.0286787
1031.46	0.0296498
1031.59	0.0289377
1031.73	0.0294556
1031.86	0.0286787
1031.99	0.0288082
1032.13	0.0295203
1032.26	0.0288082
1032.4	0.0286787
1032.53	0.0290024
1032.66	0.029585
1032.8	0.0288729
1032.93	0.0287434
1033.07	0.0277724
1033.2	0.0288082
1033.33	0.0288729
1033.47	0.028355
1033.6	0.0276429
1033.73	0.0288729
1033.87	0.0284845
1034	0.0296498
1034.14	0.0287434
1034.27	0.0280313
1034.4	0.0293908
1034.54	0.0285492
1034.67	0.0285492
1034.81	0.0292613
1034.94	0.0290024
1035.07	0.0294556
1035.21	0.0293261
1035.34	0.0288729
1035.47	0.0291966
1035.61	0.028355
1035.74	0.0284845
1035.88	0.0290024
1036.01	0.028614
1036.14	0.0291319
1036.28	0.0290671
1036.41	0.0284198
1036.54	0.0290671
1036.68	0.0295203
1036.81	0.0284845
1036.95	0.0284198
1037.08	0.0288729
1037.21	0.0282255
1037.35	0.0295203
1037.48	0.0288082
1037.62	0.0277724
1037.75	0.0290671
1037.88	0.0288729
1038.02	0.0287434
1038.15	0.0293261
1038.28	0.0280313
1038.42	0.0284198
1038.55	0.0284845
1038.69	0.0291966
1038.82	0.0294556
1038.95	0.0291319
1039.09	0.0279019
1039.22	0.0284845
1039.35	0.0289377
1039.49	0.0290024
1039.62	0.0297792
1039.76	0.0290024
1039.89	0.0291966
1040.02	0.0299087
1040.16	0.0293908
1040.29	0.0296498
1040.43	0.029844
1040.56	0.0282255
1040.69	0.0290671
1040.83	0.0291966
1040.96	0.0284845
1041.09	0.0284845
1041.23	0.0290671
1041.36	0.0288082
1041.5	0.0284845
1041.63	0.0291966
1041.76	0.0287434
1041.9	0.0292613
1042.03	0.0284845
1042.16	0.0299087
1042.3	0.0294556
1042.43	0.028614
1042.57	0.028355
1042.7	0.0295203
1042.83	0.0293908
1042.97	0.0288729
1043.1	0.0291966
1043.23	0.0282903
1043.37	0.0293908
1043.5	0.029585
1043.64	0.0284845
1043.77	0.0289377
1043.9	0.028614
1044.04	0.029585
1044.17	0.0288082
1044.31	0.0291966
1044.44	0.0290671
1044.57	0.0290671
1044.71	0.0281608
1044.84	0.0296498
1044.97	0.0288082
1045.11	0.0287434
1045.24	0.0287434
1045.38	0.0292613
1045.51	0.0288082
1045.64	0.0287434
1045.78	0.0281608
1045.91	0.0282903
1046.04	0.0290671
1046.18	0.0289377
1046.31	0.0287434
1046.45	0.0288729
1046.58	0.0292613
1046.71	0.0282255
1046.85	0.0299735
1046.98	0.0291966
1047.11	0.0291319
1047.25	0.0289377
1047.38	0.0299087
1047.52	0.0296498
1047.65	0.0294556
1047.78	0.0288082
1047.92	0.0292613
1048.05	0.0282903
1048.18	0.029585
1048.32	0.0294556
1048.45	0.028614
1048.59	0.0286787
1048.72	0.0292613
1048.85	0.0284198
1048.99	0.0284845
1049.12	0.0289377
1049.25	0.0281608
1049.39	0.0287434
1049.52	0.0291966
1049.66	0.028355
1049.79	0.029585
1049.92	0.0292613
1050.06	0.0285492
1050.19	0.029585
1050.33	0.0280313
1050.46	0.0286787
1050.59	0.0286787
1050.73	0.0297145
1050.86	0.028355
1050.99	0.0289377
1051.13	0.0288729
1051.26	0.0284198
1051.4	0.0280961
1051.53	0.0286787
1051.66	0.0299735
1051.8	0.0291319
1051.93	0.0292613
1052.06	0.028614
1052.2	0.0286787
1052.33	0.0285492
1052.47	0.0293908
1052.6	0.028614
1052.73	0.0291966
1052.87	0.0279019
1053	0.0288082
1053.13	0.0290024
1053.27	0.0290671
1053.4	0.0291966
1053.54	0.0288729
1053.67	0.028614
1053.8	0.0295203
1053.94	0.0284845
1054.07	0.0281608
1054.2	0.0291319
1054.34	0.0293261
1054.47	0.0287434
1054.61	0.0279666
1054.74	0.0280961
1054.87	0.0295203
1055.01	0.0286787
1055.14	0.0291319
1055.27	0.0284845
1055.41	0.0291966
1055.54	0.0301677
1055.68	0.0279666
1055.81	0.0284198
1055.94	0.0293261
1056.08	0.0291966
1056.21	0.0288082
1056.34	0.0287434
1056.48	0.0284845
1056.61	0.0290671
1056.75	0.0290671
1056.88	0.0290024
1057.01	0.0288729
1057.15	0.0301677
1057.28	0.028614
1057.41	0.0291966
1057.55	0.0287434
1057.68	0.0297145
1057.82	0.0279019
1057.95	0.0284845
1058.08	0.0285492
1058.22	0.0285492
1058.35	0.0296498
1058.48	0.0293908
1058.62	0.0292613
1058.75	0.0279666
1058.89	0.0280961
1059.02	0.0287434
1059.15	0.028614
1059.29	0.0291319
1059.42	0.028614
1059.55	0.0284845
1059.69	0.0288729
1059.82	0.0290024
1059.96	0.0290024
1060.09	0.0290024
1060.22	0.0288729
1060.36	0.0282255
1060.49	0.0289377
1060.62	0.0290024
1060.76	0.0290671
1060.89	0.0290671
1061.03	0.0288082
1061.16	0.0293261
1061.29	0.0291319
1061.43	0.0291966
1061.56	0.0282903
1061.69	0.0296498
1061.83	0.0293261
1061.96	0.0285492
1062.1	0.0288729
1062.23	0.028355
1062.36	0.0285492
1062.5	0.0284198
1062.63	0.0289377
1062.76	0.0292613
1062.9	0.0291319
1063.03	0.028614
1063.17	0.0291966
1063.3	0.0284845
1063.43	0.0290024
1063.57	0.0293261
1063.7	0.0284198
1063.83	0.029585
1063.97	0.0292613
1064.1	0.0284198
1064.23	0.0281608
1064.37	0.0288729
1064.5	0.0304266
1064.64	0.0291966
1064.77	0.0288082
1064.9	0.0295203
1065.04	0.028614
1065.17	0.0294556
1065.3	0.028355
1065.44	0.0290671
1065.57	0.0299087
1065.71	0.0290671
1065.84	0.0294556
1065.97	0.029585
1066.11	0.0290024
1066.24	0.0286787
1066.37	0.0289377
1066.51	0.0297145
1066.64	0.0287434
1066.78	0.0295203
1066.91	0.0287434
1067.04	0.0286787
1067.18	0.0291319
1067.31	0.0291319
1067.44	0.0284845
1067.58	0.0301677
1067.71	0.0286787
1067.85	0.0288082
1067.98	0.0286787
1068.11	0.028614
1068.25	0.0280961
1068.38	0.0296498
1068.51	0.0297792
1068.65	0.0290671
1068.78	0.0287434
1068.92	0.0287434
1069.05	0.0286787
1069.18	0.0292613
1069.32	0.0296498
1069.45	0.0290671
1069.58	0.0293908
1069.72	0.0288729
1069.85	0.0293908
1069.98	0.0291319
1070.12	0.0292613
1070.25	0.0293908
1070.39	0.028355
1070.52	0.029585
1070.65	0.0287434
1070.79	0.0289377
1070.92	0.0280313
1071.05	0.0286787
1071.19	0.0294556
1071.32	0.0288082
1071.46	0.0280313
1071.59	0.0291966
1071.72	0.0291966
1071.86	0.028614
1071.99	0.0288082
1072.12	0.0288729
1072.26	0.0285492
1072.39	0.0286787
1072.53	0.0293908
1072.66	0.0290671
1072.79	0.0287434
1072.93	0.0286787
1073.06	0.0285492
1073.19	0.0293261
1073.33	0.0295203
1073.46	0.0292613
1073.59	0.0291966
1073.73	0.0286787
1073.86	0.0290024
1074	0.0290671
1074.13	0.0288729
1074.26	0.0296498
1074.4	0.0297145
1074.53	0.0276429
1074.66	0.0293908
1074.8	0.0287434
1074.93	0.0288082
1075.07	0.0284845
1075.2	0.028355
1075.33	0.0282903
1075.47	0.0294556
1075.6	0.0293908
1075.73	0.0279666
1075.87	0.0284845
1076	0.028355
1076.14	0.0285492
1076.27	0.0284198
1076.4	0.0287434
1076.54	0.0294556
1076.67	0.0288082
1076.8	0.0291319
1076.94	0.0290671
1077.07	0.0286787
1077.2	0.0289377
1077.34	0.0287434
1077.47	0.0292613
1077.61	0.0280961
1077.74	0.028614
1077.87	0.0286787
1078.01	0.0288082
1078.14	0.0293908
1078.27	0.028355
1078.41	0.0288082
1078.54	0.0300382
1078.68	0.0294556
1078.81	0.0289377
1078.94	0.0293908
1079.08	0.0292613
1079.21	0.0290024
1079.34	0.028614
1079.48	0.0287434
1079.61	0.0289377
1079.74	0.0289377
1079.88	0.0293908
1080.01	0.0288729
1080.15	0.0292613
1080.28	0.0297145
1080.41	0.0293261
1080.55	0.0287434
1080.68	0.0297792
1080.81	0.0297145
1080.95	0.0282255
1081.08	0.0288082
1081.22	0.0288729
1081.35	0.0293261
1081.48	0.0297792
1081.62	0.0282903
1081.75	0.028614
1081.88	0.0285492
1082.02	0.0289377
1082.15	0.0280313
1082.28	0.0286787
1082.42	0.0297792
1082.55	0.0286787
1082.69	0.0292613
1082.82	0.0286787
1082.95	0.0285492
1083.09	0.0287434
1083.22	0.0288082
1083.35	0.0287434
1083.49	0.0292613
1083.62	0.0293261
1083.75	0.0285492
1083.89	0.0289377
1084.02	0.0288082
1084.16	0.0291966
1084.29	0.0288082
1084.42	0.0291966
1084.56	0.0286787
1084.69	0.028614
1084.82	0.0291319
1084.96	0.0286787
1085.09	0.0282903
1085.23	0.0291966
1085.36	0.0288729
1085.49	0.0292613
1085.63	0.0290024
1085.76	0.028355
1085.89	0.0291319
1086.03	0.0296498
1086.16	0.0287434
1086.29	0.0287434
1086.43	0.0286787
1086.56	0.028614
1086.7	0.0282903
1086.83	0.0289377
1086.96	0.0282255
1087.1	0.0288729
1087.23	0.0287434
1087.36	0.0288729
1087.5	0.0290671
1087.63	0.028355
1087.76	0.0287434
1087.9	0.0291319
1088.03	0.0293261
1088.17	0.0291319
1088.3	0.0290671
1088.43	0.0290024
1088.57	0.0287434
1088.7	0.0290024
1088.83	0.0279019
1088.97	0.0289377
1089.1	0.0282903
1089.24	0.0292613
1089.37	0.0288729
1089.5	0.0291319
1089.64	0.0291319
1089.77	0.0293261
1089.9	0.0296498
1090.04	0.0291966
1090.17	0.0290024
1090.3	0.0294556
1090.44	0.0293908
1090.57	0.0284198
1090.71	0.0288729
1090.84	0.0290671
1090.97	0.0291966
1091.11	0.0295203
1091.24	0.0288729
1091.37	0.0290024
1091.51	0.0290024
1091.64	0.0288082
1091.77	0.0280961
1091.91	0.0293261
1092.04	0.0293261
1092.18	0.0293908
1092.31	0.0290671
1092.44	0.0290671
1092.58	0.0288082
1092.71	0.0288082
1092.84	0.0286787
1092.98	0.0289377
1093.11	0.0287434
1093.24	0.028614
1093.38	0.0284845
1093.51	0.0295203
1093.65	0.0291966
1093.78	0.0286787
1093.91	0.0280961
1094.05	0.0289377
1094.18	0.0288729
1094.31	0.0290024
1094.45	0.0286787
1094.58	0.0290671
1094.71	0.028355
1094.85	0.0301029
1094.98	0.0293261
1095.12	0.0288729
1095.25	0.0289377
1095.38	0.028614
1095.52	0.0295203
1095.65	0.0288729
1095.78	0.0290671
1095.92	0.0296498
1096.05	0.0284198
1096.18	0.0295203
1096.32	0.0291319
1096.45	0.0280313
1096.59	0.0282903
1096.72	0.029585
1096.85	0.0287434
1096.99	0.0288729
1097.12	0.0288082
1097.25	0.0284198
1097.39	0.0291319
1097.52	0.0291319
1097.65	0.028614
1097.79	0.0284198
1097.92	0.0289377
1098.06	0.0291319
1098.19	0.0288082
1098.32	0.0291966
1098.46	0.0279666
1098.59	0.0288729
1098.72	0.0280313
1098.86	0.0284845
1098.99	0.0277724
1099.12	0.0288082
1099.26	0.028614
1099.39	0.0287434
1099.53	0.0286787
1099.66	0.0288082
1099.79	0.0293908
1099.93	0.0293908
1100.06	0.0287434
1100.19	0.0293261
1100.33	0.0286787
1100.46	0.0284845
1100.59	0.0297792
1100.73	0.0291319
1100.86	0.0285492
1100.99	0.0291966
1101.13	0.0291319
1101.26	0.0288082
1101.4	0.0290671
1101.53	0.0294556
1101.66	0.0286787
1101.8	0.0280313
1101.93	0.0286787
1102.06	0.0291319
1102.2	0.028614
1102.33	0.0284198
1102.46	0.0291319
1102.6	0.0288082
1102.73	0.029585
1102.87	0.0293908
1103	0.028614
1103.13	0.0293908
1103.27	0.0290024
1103.4	0.0288082
1103.53	0.0292613
1103.67	0.0293908
1103.8	0.0290671
1103.93	0.028355
1104.07	0.0294556
1104.2	0.0290671
1104.34	0.0291319
1104.47	0.0288729
1104.6	0.0285492
1104.74	0.0291319
1104.87	0.0288082
1105	0.0288082
1105.14	0.0291319
1105.27	0.0292613
1105.4	0.0289377
1105.54	0.0294556
1105.67	0.0286787
1105.8	0.028614
1105.94	0.0288729
1106.07	0.0287434
1106.21	0.0288729
1106.34	0.0291319
1106.47	0.028614
1106.61	0.0292613
1106.74	0.0282903
1106.87	0.028355
1107.01	0.0292613
1107.14	0.0284845
1107.27	0.0282903
1107.41	0.0289377
1107.54	0.0302971

