Source: Spectrum Viewer

Chart: Pulse Spectrum

Series: 
Wavelength (nm)	S (a.u.)
617.638	0.0371389
617.773	0.0381099
617.908	0.0353588
618.043	0.0374626
618.178	0.0355207
618.313	0.0368153
618.448	0.0367344
618.583	0.0368153
618.718	0.0372198
618.853	0.0348734
618.988	0.0368153
619.123	0.0371389
619.258	0.0364107
619.394	0.0362489
619.529	0.0355207
619.664	0.0365725
619.799	0.0363298
619.934	0.036168
620.069	0.0362489
620.204	0.0359252
620.339	0.0366535
620.474	0.0360871
620.609	0.0355207
620.744	0.0350352
620.879	0.0363298
621.014	0.0359252
621.149	0.0356825
621.284	0.0374626
621.419	0.0363298
621.554	0.0358443
621.689	0.036168
621.825	0.0364916
621.96	0.036168
622.095	0.0363298
622.23	0.0364107
622.365	0.035197
622.5	0.0371389
622.635	0.0360871
622.77	0.036168
622.905	0.0360061
623.04	0.0364916
623.175	0.0367344
623.31	0.0360061
623.445	0.0357634
623.58	0.0356016
623.715	0.0348734
623.85	0.0354398
623.985	0.0377862
624.12	0.0357634
624.255	0.0354398
624.39	0.0363298
624.525	0.0364916
624.661	0.0364916
624.796	0.0373008
624.931	0.0359252
625.066	0.0356825
625.201	0.0359252
625.336	0.0363298
625.471	0.035197
625.606	0.0360871
625.741	0.0358443
625.876	0.0345497
626.011	0.0358443
626.146	0.0364916
626.281	0.0365725
626.416	0.0352779
626.551	0.0354398
626.686	0.0360061
626.821	0.035197
626.956	0.0369771
627.091	0.0372198
627.226	0.0369771
627.361	0.0349543
627.496	0.0363298
627.631	0.0364107
627.766	0.0360061
627.901	0.0360061
628.036	0.0364916
628.171	0.0364107
628.307	0.0373008
628.442	0.0362489
628.577	0.0357634
628.712	0.0358443
628.847	0.0376244
628.982	0.0360871
629.117	0.036168
629.252	0.0359252
629.387	0.0356016
629.522	0.0352779
629.657	0.0368153
629.792	0.0359252
629.927	0.0364916
630.062	0.035197
630.197	0.0356016
630.332	0.0357634
630.467	0.0366535
630.602	0.0365725
630.737	0.037058
630.872	0.0343879
631.007	0.0350352
631.142	0.0360061
631.277	0.0358443
631.412	0.0371389
631.547	0.0347115
631.682	0.0364916
631.817	0.0360061
631.952	0.0346306
632.087	0.0362489
632.222	0.0360061
632.357	0.0358443
632.492	0.0356016
632.627	0.0353588
632.762	0.0371389
632.897	0.0371389
633.032	0.0363298
633.167	0.036168
633.302	0.0345497
633.437	0.0363298
633.572	0.036168
633.707	0.0359252
633.842	0.0373008
633.978	0.0351161
634.113	0.0349543
634.248	0.0359252
634.383	0.0368153
634.518	0.0352779
634.653	0.0358443
634.788	0.0363298
634.923	0.0356016
635.058	0.0367344
635.193	0.0360061
635.328	0.0359252
635.463	0.0371389
635.598	0.0368153
635.733	0.0368153
635.868	0.0362489
636.003	0.035197
636.138	0.0368153
636.273	0.0368962
636.408	0.0358443
636.543	0.0356016
636.678	0.0351161
636.813	0.0365725
636.948	0.037058
637.083	0.0356825
637.218	0.0364916
637.353	0.036168
637.488	0.0355207
637.623	0.0360061
637.758	0.0373817
637.893	0.0366535
638.028	0.0366535
638.163	0.0360061
638.298	0.0349543
638.433	0.0364107
638.568	0.0360871
638.703	0.0368962
638.838	0.0357634
638.973	0.0373817
639.108	0.0368962
639.243	0.0369771
639.378	0.0360061
639.513	0.0356016
639.648	0.036168
639.783	0.0350352
639.918	0.0356825
640.053	0.0364107
640.188	0.0364916
640.323	0.0355207
640.458	0.0368153
640.593	0.0366535
640.728	0.0360871
640.863	0.0360871
640.998	0.0359252
641.133	0.0362489
641.268	0.0365725
641.403	0.0356016
641.538	0.0350352
641.673	0.0364107
641.808	0.0369771
641.943	0.0364916
642.078	0.0359252
642.213	0.0365725
642.348	0.0373817
642.483	0.0356016
642.618	0.0362489
642.753	0.0365725
642.888	0.036168
643.023	0.0360061
643.158	0.0359252
643.293	0.0365725
643.428	0.0364107
643.563	0.0363298
643.698	0.0360061
643.833	0.035197
643.968	0.0364107
644.103	0.0355207
644.237	0.0357634
644.372	0.0369771
644.507	0.0358443
644.642	0.0366535
644.777	0.0360061
644.912	0.036168
645.047	0.0366535
645.182	0.0369771
645.317	0.0351161
645.452	0.0362489
645.587	0.0365725
645.722	0.0365725
645.857	0.0359252
645.992	0.0355207
646.127	0.0360061
646.262	0.0366535
646.397	0.0368962
646.532	0.0373008
646.667	0.0356016
646.802	0.0360871
646.937	0.0363298
647.072	0.0360871
647.207	0.0360871
647.342	0.0369771
647.477	0.0360871
647.612	0.0356825
647.747	0.0367344
647.882	0.0364107
648.017	0.0354398
648.152	0.0363298
648.287	0.0363298
648.422	0.0355207
648.557	0.0358443
648.692	0.037058
648.827	0.0356016
648.962	0.0362489
649.097	0.0360871
649.232	0.0366535
649.367	0.035197
649.502	0.0360061
649.637	0.0365725
649.772	0.0364916
649.906	0.0356825
650.041	0.0359252
650.176	0.0360061
650.311	0.0355207
650.446	0.0360061
650.581	0.0362489
650.716	0.0362489
650.851	0.0360061
650.986	0.0365725
651.121	0.0352779
651.256	0.0369771
651.391	0.0371389
651.526	0.0363298
651.661	0.0373008
651.796	0.035197
651.931	0.0364916
652.066	0.0368962
652.201	0.0358443
652.336	0.0360061
652.471	0.0364107
652.606	0.0362489
652.741	0.0364107
652.876	0.0357634
653.011	0.0364916
653.146	0.0355207
653.281	0.0363298
653.415	0.036168
653.55	0.0364916
653.685	0.0352779
653.82	0.036168
653.955	0.0364916
654.09	0.0360871
654.225	0.0350352
654.36	0.0364916
654.495	0.0359252
654.63	0.0360061
654.765	0.036168
654.9	0.0365725
655.035	0.0368962
655.17	0.0357634
655.305	0.0360061
655.44	0.0347115
655.575	0.0364916
655.71	0.0366535
655.845	0.0354398
655.98	0.0357634
656.115	0.0357634
656.25	0.0362489
656.384	0.0366535
656.519	0.036168
656.654	0.0358443
656.789	0.0365725
656.924	0.0371389
657.059	0.0339833
657.194	0.0364107
657.329	0.0347925
657.464	0.0375435
657.599	0.0358443
657.734	0.0369771
657.869	0.0368962
658.004	0.0360061
658.139	0.0364916
658.274	0.0360061
658.409	0.0360871
658.544	0.0354398
658.679	0.0362489
658.813	0.0371389
658.948	0.0381908
659.083	0.036168
659.218	0.036168
659.353	0.0353588
659.488	0.0351161
659.623	0.0365725
659.758	0.0365725
659.893	0.0360061
660.028	0.0360061
660.163	0.0364107
660.298	0.0358443
660.433	0.0362489
660.568	0.0359252
660.703	0.0368962
660.838	0.0368962
660.972	0.0354398
661.107	0.0355207
661.242	0.0357634
661.377	0.036168
661.512	0.0347925
661.647	0.0369771
661.782	0.0355207
661.917	0.0351161
662.052	0.036168
662.187	0.0366535
662.322	0.0364107
662.457	0.0368153
662.592	0.0356016
662.727	0.0374626
662.862	0.0360871
662.996	0.0363298
663.131	0.0362489
663.266	0.036168
663.401	0.0358443
663.536	0.0358443
663.671	0.0362489
663.806	0.0362489
663.941	0.0369771
664.076	0.036168
664.211	0.0366535
664.346	0.0355207
664.481	0.0357634
664.616	0.036168
664.75	0.0360871
664.885	0.0371389
665.02	0.0364916
665.155	0.0371389
665.29	0.0363298
665.425	0.0359252
665.56	0.0358443
665.695	0.0353588
665.83	0.0356825
665.965	0.0357634
666.1	0.0356825
666.235	0.0366535
666.37	0.0360061
666.504	0.0364107
666.639	0.0364107
666.774	0.0356016
666.909	0.0355207
667.044	0.0368153
667.179	0.0367344
667.314	0.0358443
667.449	0.0356825
667.584	0.0360061
667.719	0.0362489
667.854	0.0372198
667.989	0.0365725
668.123	0.0352779
668.258	0.0364916
668.393	0.0359252
668.528	0.036168
668.663	0.037058
668.798	0.0358443
668.933	0.0356825
669.068	0.0359252
669.203	0.0357634
669.338	0.0358443
669.473	0.037058
669.607	0.0360871
669.742	0.0357634
669.877	0.0356016
670.012	0.0356016
670.147	0.0357634
670.282	0.0360061
670.417	0.0373008
670.552	0.0358443
670.687	0.0356016
670.822	0.0364916
670.957	0.0360871
671.091	0.0363298
671.226	0.0353588
671.361	0.0368962
671.496	0.0368153
671.631	0.0345497
671.766	0.0355207
671.901	0.0354398
672.036	0.0350352
672.171	0.0363298
672.306	0.0364107
672.44	0.0360871
672.575	0.0365725
672.71	0.0355207
672.845	0.0356016
672.98	0.0373008
673.115	0.037058
673.25	0.0357634
673.385	0.0366535
673.52	0.0354398
673.655	0.0368153
673.789	0.0365725
673.924	0.0360061
674.059	0.0371389
674.194	0.0346306
674.329	0.037058
674.464	0.0368962
674.599	0.036168
674.734	0.0367344
674.869	0.0364107
675.003	0.0364107
675.138	0.0362489
675.273	0.0364107
675.408	0.0362489
675.543	0.0368153
675.678	0.0357634
675.813	0.0363298
675.948	0.0365725
676.083	0.0365725
676.217	0.0362489
676.352	0.0362489
676.487	0.0360871
676.622	0.0360871
676.757	0.0364916
676.892	0.0355207
677.027	0.0356825
677.162	0.0367344
677.297	0.0372198
677.431	0.0367344
677.566	0.036168
677.701	0.0356016
677.836	0.0354398
677.971	0.0363298
678.106	0.0368962
678.241	0.0354398
678.376	0.0362489
678.511	0.0360871
678.645	0.0362489
678.78	0.0356825
678.915	0.0357634
679.05	0.0364107
679.185	0.0367344
679.32	0.035197
679.455	0.0365725
679.59	0.0360061
679.724	0.0353588
679.859	0.0357634
679.994	0.0349543
680.129	0.0354398
680.264	0.0364107
680.399	0.0360061
680.534	0.0363298
680.669	0.0364107
680.803	0.0367344
680.938	0.0356016
681.073	0.036168
681.208	0.0356825
681.343	0.0364916
681.478	0.0347925
681.613	0.0352779
681.748	0.0367344
681.882	0.0353588
682.017	0.0353588
682.152	0.0357634
682.287	0.0367344
682.422	0.0360871
682.557	0.0365725
682.692	0.0352779
682.827	0.0356825
682.961	0.0364916
683.096	0.0366535
683.231	0.0366535
683.366	0.0368153
683.501	0.0354398
683.636	0.0357634
683.771	0.0347115
683.906	0.0360061
684.04	0.037058
684.175	0.0356016
684.31	0.0373008
684.445	0.0365725
684.58	0.0356825
684.715	0.0369771
684.85	0.036168
684.984	0.0356016
685.119	0.0357634
685.254	0.0348734
685.389	0.0367344
685.524	0.0363298
685.659	0.0355207
685.794	0.0357634
685.928	0.0362489
686.063	0.0354398
686.198	0.0375435
686.333	0.0357634
686.468	0.0368153
686.603	0.0360061
686.738	0.0362489
686.872	0.0350352
687.007	0.0352779
687.142	0.037058
687.277	0.0377053
687.412	0.0356016
687.547	0.0364107
687.682	0.0356016
687.816	0.0366535
687.951	0.0353588
688.086	0.0366535
688.221	0.0359252
688.356	0.0364916
688.491	0.0360871
688.626	0.0364916
688.76	0.036168
688.895	0.0352779
689.03	0.0351161
689.165	0.0360061
689.3	0.0373817
689.435	0.0351161
689.57	0.0358443
689.704	0.0366535
689.839	0.0364107
689.974	0.0358443
690.109	0.0364916
690.244	0.0354398
690.379	0.0367344
690.513	0.0360061
690.648	0.0357634
690.783	0.0360061
690.918	0.0367344
691.053	0.0347925
691.188	0.0365725
691.323	0.0357634
691.457	0.0351161
691.592	0.0356825
691.727	0.0364916
691.862	0.0366535
691.997	0.0360871
692.132	0.0363298
692.266	0.0362489
692.401	0.0365725
692.536	0.0360871
692.671	0.0369771
692.806	0.0368962
692.941	0.0350352
693.075	0.0356825
693.21	0.0363298
693.345	0.0352779
693.48	0.0360061
693.615	0.0360871
693.75	0.0358443
693.885	0.0355207
694.019	0.0371389
694.154	0.0352779
694.289	0.0368153
694.424	0.034307
694.559	0.0359252
694.694	0.0362489
694.828	0.0369771
694.963	0.0363298
695.098	0.0365725
695.233	0.037058
695.368	0.0368153
695.503	0.0360061
695.637	0.0360871
695.772	0.0362489
695.907	0.0353588
696.042	0.0368153
696.177	0.0364107
696.312	0.0364107
696.446	0.0359252
696.581	0.0376244
696.716	0.0364916
696.851	0.0360871
696.986	0.0366535
697.12	0.0358443
697.255	0.0365725
697.39	0.0363298
697.525	0.0363298
697.66	0.0358443
697.795	0.0360871
697.929	0.0351161
698.064	0.0373008
698.199	0.0363298
698.334	0.0357634
698.469	0.0355207
698.604	0.0356825
698.738	0.0359252
698.873	0.0366535
699.008	0.036168
699.143	0.0356016
699.278	0.0360061
699.412	0.037058
699.547	0.0362489
699.682	0.0363298
699.817	0.0372198
699.952	0.036168
700.087	0.0352779
700.221	0.035197
700.356	0.036168
700.491	0.0356016
700.626	0.0360061
700.761	0.0353588
700.895	0.0360061
701.03	0.0357634
701.165	0.0341452
701.3	0.0362489
701.435	0.0364916
701.57	0.0373008
701.704	0.0373817
701.839	0.0376244
701.974	0.0359252
702.109	0.0364107
702.244	0.0352779
702.378	0.0360871
702.513	0.0367344
702.648	0.0353588
702.783	0.0346306
702.918	0.0366535
703.052	0.0368153
703.187	0.0362489
703.322	0.0366535
703.457	0.0368962
703.592	0.0359252
703.727	0.0351161
703.861	0.0367344
703.996	0.0358443
704.131	0.0362489
704.266	0.0364916
704.401	0.0358443
704.535	0.0357634
704.67	0.0364107
704.805	0.036168
704.94	0.0368962
705.075	0.0360061
705.209	0.0369771
705.344	0.0360061
705.479	0.0372198
705.614	0.0358443
705.749	0.036168
705.883	0.0368962
706.018	0.0367344
706.153	0.0362489
706.288	0.036168
706.423	0.0367344
706.557	0.0362489
706.692	0.0360061
706.827	0.0362489
706.962	0.0363298
707.097	0.0362489
707.231	0.036168
707.366	0.0364916
707.501	0.0363298
707.636	0.0356016
707.771	0.0364916
707.905	0.0354398
708.04	0.0360871
708.175	0.0374626
708.31	0.0373817
708.445	0.0350352
708.579	0.036168
708.714	0.0356825
708.849	0.0363298
708.984	0.0360871
709.118	0.0359252
709.253	0.0355207
709.388	0.0359252
709.523	0.0368153
709.658	0.0356016
709.792	0.0375435
709.927	0.0362489
710.062	0.0360061
710.197	0.0364107
710.332	0.0354398
710.466	0.0353588
710.601	0.0363298
710.736	0.0352779
710.871	0.0360871
711.006	0.0360061
711.14	0.0363298
711.275	0.0366535
711.41	0.0352779
711.545	0.0368153
711.679	0.0356825
711.814	0.0358443
711.949	0.0360061
712.084	0.0364107
712.219	0.0360871
712.353	0.0367344
712.488	0.0376244
712.623	0.0359252
712.758	0.0366535
712.892	0.0363298
713.027	0.0346306
713.162	0.0355207
713.297	0.0357634
713.432	0.0360061
713.566	0.0353588
713.701	0.0365725
713.836	0.0363298
713.971	0.0363298
714.105	0.0355207
714.24	0.0367344
714.375	0.0364107
714.51	0.0353588
714.645	0.0357634
714.779	0.0355207
714.914	0.036168
715.049	0.0360871
715.184	0.036168
715.318	0.0363298
715.453	0.0362489
715.588	0.0368153
715.723	0.037058
715.858	0.0353588
715.992	0.036168
716.127	0.0360871
716.262	0.0372198
716.397	0.0365725
716.531	0.0354398
716.666	0.0360871
716.801	0.0359252
716.936	0.0367344
717.07	0.0357634
717.205	0.0363298
717.34	0.0359252
717.475	0.0355207
717.61	0.0364916
717.744	0.0356016
717.879	0.036168
718.014	0.0364107
718.149	0.0358443
718.283	0.0353588
718.418	0.0373817
718.553	0.0360061
718.688	0.0356825
718.822	0.0352779
718.957	0.0364107
719.092	0.036168
719.227	0.0362489
719.361	0.0367344
719.496	0.0369771
719.631	0.0360061
719.766	0.0355207
719.9	0.0363298
720.035	0.0360871
720.17	0.0355207
720.305	0.0364107
720.44	0.0356825
720.574	0.0352779
720.709	0.0365725
720.844	0.0364916
720.979	0.0360871
721.113	0.0368153
721.248	0.0367344
721.383	0.0368153
721.518	0.0359252
721.652	0.0359252
721.787	0.0352779
721.922	0.0360871
722.057	0.0365725
722.191	0.0360061
722.326	0.0356016
722.461	0.0364107
722.596	0.0360871
722.73	0.0369771
722.865	0.037058
723	0.0364107
723.135	0.0364107
723.269	0.0372198
723.404	0.0356825
723.539	0.0362489
723.674	0.0365725
723.808	0.0349543
723.943	0.0363298
724.078	0.0362489
724.213	0.0357634
724.347	0.0356016
724.482	0.0360871
724.617	0.0371389
724.752	0.0363298
724.886	0.0365725
725.021	0.0358443
725.156	0.0355207
725.291	0.0368153
725.425	0.0356016
725.56	0.0362489
725.695	0.0367344
725.829	0.0368153
725.964	0.0358443
726.099	0.0358443
726.234	0.0354398
726.368	0.0356825
726.503	0.0363298
726.638	0.0360871
726.773	0.0360871
726.907	0.036168
727.042	0.0360871
727.177	0.0360871
727.312	0.0364107
727.446	0.0363298
727.581	0.0373008
727.716	0.0365725
727.851	0.0360061
727.985	0.0364107
728.12	0.0355207
728.255	0.036168
728.389	0.0347925
728.524	0.0369771
728.659	0.0363298
728.794	0.0364916
728.928	0.0364107
729.063	0.0367344
729.198	0.0364107
729.333	0.0376244
729.467	0.0354398
729.602	0.0366535
729.737	0.0364916
729.872	0.0368962
730.006	0.0356016
730.141	0.0350352
730.276	0.0354398
730.41	0.0355207
730.545	0.0368153
730.68	0.0368962
730.815	0.0357634
730.949	0.0369771
731.084	0.0355207
731.219	0.0368153
731.354	0.0368962
731.488	0.0366535
731.623	0.0369771
731.758	0.0366535
731.892	0.0351161
732.027	0.0368962
732.162	0.0356016
732.297	0.0363298
732.431	0.0363298
732.566	0.0368962
732.701	0.0344688
732.835	0.0372198
732.97	0.0362489
733.105	0.0363298
733.24	0.0365725
733.374	0.0349543
733.509	0.0366535
733.644	0.0368153
733.779	0.036168
733.913	0.0358443
734.048	0.0364107
734.183	0.0366535
734.317	0.0360061
734.452	0.0364107
734.587	0.0360061
734.722	0.0352779
734.856	0.036168
734.991	0.0350352
735.126	0.0356825
735.26	0.0360871
735.395	0.0356016
735.53	0.0368962
735.665	0.036168
735.799	0.0360871
735.934	0.0360871
736.069	0.0357634
736.203	0.034307
736.338	0.0368153
736.473	0.0360061
736.607	0.0367344
736.742	0.037058
736.877	0.0360061
737.012	0.036168
737.146	0.0365725
737.281	0.0347115
737.416	0.036168
737.55	0.036168
737.685	0.0356825
737.82	0.0347925
737.955	0.0363298
738.089	0.0365725
738.224	0.0368962
738.359	0.0362489
738.493	0.037058
738.628	0.036168
738.763	0.036168
738.897	0.0359252
739.032	0.0357634
739.167	0.0362489
739.302	0.0359252
739.436	0.0363298
739.571	0.0351161
739.706	0.0363298
739.84	0.0364107
739.975	0.0369771
740.11	0.0371389
740.244	0.0367344
740.379	0.0354398
740.514	0.0364107
740.649	0.0364916
740.783	0.0362489
740.918	0.0352779
741.053	0.0364916
741.187	0.0359252
741.322	0.0362489
741.457	0.0364107
741.591	0.0367344
741.726	0.0374626
741.861	0.0365725
741.996	0.0359252
742.13	0.0360871
742.265	0.0367344
742.4	0.0360061
742.534	0.0365725
742.669	0.0347115
742.804	0.0356825
742.938	0.0348734
743.073	0.037058
743.208	0.0359252
743.342	0.0371389
743.477	0.0345497
743.612	0.0357634
743.747	0.0353588
743.881	0.035197
744.016	0.036168
744.151	0.0364916
744.285	0.0364107
744.42	0.0356016
744.555	0.0360061
744.689	0.0364107
744.824	0.0360061
744.959	0.0356825
745.093	0.0354398
745.228	0.0363298
745.363	0.0368962
745.497	0.0360871
745.632	0.0363298
745.767	0.0369771
745.901	0.0367344
746.036	0.0356825
746.171	0.0352779
746.305	0.0360061
746.44	0.0355207
746.575	0.0356016
746.71	0.0360061
746.844	0.0365725
746.979	0.0357634
747.114	0.0365725
747.248	0.0362489
747.383	0.0373817
747.518	0.0364107
747.652	0.0362489
747.787	0.0352779
747.922	0.0360061
748.056	0.0359252
748.191	0.0366535
748.326	0.0359252
748.46	0.0358443
748.595	0.0355207
748.73	0.0357634
748.864	0.0359252
748.999	0.0369771
749.134	0.0355207
749.268	0.0356825
749.403	0.0358443
749.538	0.0356825
749.672	0.0368962
749.807	0.0365725
749.942	0.035197
750.076	0.0364107
750.211	0.0353588
750.346	0.0364107
750.48	0.0364107
750.615	0.0358443
750.75	0.0357634
750.884	0.0371389
751.019	0.0368153
751.154	0.0364107
751.288	0.0374626
751.423	0.0365725
751.558	0.0356825
751.692	0.0356825
751.827	0.0365725
751.962	0.0354398
752.096	0.0364107
752.231	0.0359252
752.366	0.0357634
752.5	0.036168
752.635	0.0354398
752.77	0.0364107
752.904	0.0359252
753.039	0.0360871
753.174	0.0360061
753.308	0.036168
753.443	0.0357634
753.578	0.0362489
753.712	0.0364916
753.847	0.0365725
753.982	0.0365725
754.116	0.0363298
754.251	0.0359252
754.386	0.0351161
754.52	0.0364916
754.655	0.0366535
754.79	0.0367344
754.924	0.0355207
755.059	0.0360871
755.194	0.0362489
755.328	0.0365725
755.463	0.0360061
755.597	0.036168
755.732	0.0368962
755.867	0.0366535
756.001	0.0364107
756.136	0.0353588
756.271	0.0367344
756.405	0.0364916
756.54	0.0356016
756.675	0.0363298
756.809	0.036168
756.944	0.0362489
757.079	0.0344688
757.213	0.036168
757.348	0.0368153
757.483	0.0368153
757.617	0.0367344
757.752	0.0351161
757.887	0.0356825
758.021	0.0365725
758.156	0.0359252
758.29	0.035197
758.425	0.0367344
758.56	0.0360061
758.694	0.0366535
758.829	0.0362489
758.964	0.0365725
759.098	0.0360871
759.233	0.0365725
759.368	0.0366535
759.502	0.0358443
759.637	0.0367344
759.772	0.0356825
759.906	0.0358443
760.041	0.0356825
760.175	0.0364107
760.31	0.0360061
760.445	0.0369771
760.579	0.0366535
760.714	0.0366535
760.849	0.0351161
760.983	0.0369771
761.118	0.0368962
761.253	0.0366535
761.387	0.0368153
761.522	0.0358443
761.656	0.0366535
761.791	0.0366535
761.926	0.0360871
762.06	0.0360061
762.195	0.036168
762.33	0.0364107
762.464	0.0357634
762.599	0.037058
762.733	0.0360871
762.868	0.0358443
763.003	0.0364107
763.137	0.036168
763.272	0.0360061
763.407	0.0360061
763.541	0.0357634
763.676	0.0362489
763.811	0.0363298
763.945	0.0360871
764.08	0.0358443
764.214	0.0356825
764.349	0.0360871
764.484	0.0368962
764.618	0.0362489
764.753	0.0360871
764.888	0.0347925
765.022	0.0372198
765.157	0.0368153
765.291	0.0360871
765.426	0.0367344
765.561	0.0353588
765.695	0.0358443
765.83	0.0346306
765.965	0.0358443
766.099	0.0356016
766.234	0.0359252
766.368	0.0364916
766.503	0.0364916
766.638	0.0352779
766.772	0.0356016
766.907	0.0363298
767.041	0.0358443
767.176	0.0356016
767.311	0.034307
767.445	0.0362489
767.58	0.0365725
767.715	0.0375435
767.849	0.0364916
767.984	0.0368153
768.118	0.0363298
768.253	0.0360061
768.388	0.0362489
768.522	0.0360871
768.657	0.0358443
768.791	0.0362489
768.926	0.0362489
769.061	0.036168
769.195	0.0363298
769.33	0.0350352
769.465	0.0367344
769.599	0.0357634
769.734	0.0364916
769.868	0.0356825
770.003	0.037058
770.138	0.0363298
770.272	0.0355207
770.407	0.0357634
770.541	0.0356825
770.676	0.0366535
770.811	0.036168
770.945	0.0356825
771.08	0.0360061
771.214	0.036168
771.349	0.0369771
771.484	0.0356016
771.618	0.0356016
771.753	0.0366535
771.887	0.0357634
772.022	0.0355207
772.157	0.0363298
772.291	0.0364107
772.426	0.0365725
772.56	0.0352779
772.695	0.0360061
772.83	0.0362489
772.964	0.0364916
773.099	0.0360871
773.233	0.0366535
773.368	0.0377053
773.503	0.0365725
773.637	0.0350352
773.772	0.036168
773.906	0.0352779
774.041	0.0376244
774.176	0.0360871
774.31	0.0356825
774.445	0.0359252
774.579	0.0356016
774.714	0.0368962
774.849	0.0356016
774.983	0.0358443
775.118	0.0369771
775.252	0.0354398
775.387	0.0366535
775.522	0.0364916
775.656	0.0365725
775.791	0.0358443
775.925	0.0363298
776.06	0.0360871
776.195	0.0366535
776.329	0.0362489
776.464	0.0368153
776.598	0.0364916
776.733	0.0365725
776.868	0.0367344
777.002	0.0356825
777.137	0.0358443
777.271	0.0368962
777.406	0.0359252
777.54	0.0360061
777.675	0.0366535
777.81	0.0364107
777.944	0.0369771
778.079	0.0368962
778.213	0.0367344
778.348	0.0366535
778.483	0.0356016
778.617	0.0350352
778.752	0.0356016
778.886	0.036168
779.021	0.0368962
779.155	0.0366535
779.29	0.0356016
779.425	0.0362489
779.559	0.0358443
779.694	0.0357634
779.828	0.0371389
779.963	0.0360061
780.098	0.0364107
780.232	0.0363298
780.367	0.0362489
780.501	0.0360871
780.636	0.0373817
780.77	0.0357634
780.905	0.0351161
781.04	0.0357634
781.174	0.0368153
781.309	0.0357634
781.443	0.0364107
781.578	0.0359252
781.712	0.0353588
781.847	0.0350352
781.982	0.0360061
782.116	0.0358443
782.251	0.0364107
782.385	0.0355207
782.52	0.0362489
782.654	0.0367344
782.789	0.037058
782.924	0.0366535
783.058	0.0366535
783.193	0.0356825
783.327	0.0360871
783.462	0.0366535
783.596	0.0355207
783.731	0.0375435
783.866	0.0356825
784	0.0367344
784.135	0.0364916
784.269	0.0368153
784.404	0.037058
784.538	0.036168
784.673	0.0360061
784.808	0.0347925
784.942	0.0359252
785.077	0.0357634
785.211	0.0363298
785.346	0.0356016
785.48	0.0353588
785.615	0.0362489
785.75	0.0366535
785.884	0.0371389
786.019	0.0368153
786.153	0.0360061
786.288	0.0362489
786.422	0.0356016
786.557	0.0362489
786.691	0.0373817
786.826	0.037058
786.961	0.0362489
787.095	0.0350352
787.23	0.0364916
787.364	0.0360871
787.499	0.0369771
787.633	0.0360061
787.768	0.0364107
787.902	0.0371389
788.037	0.0371389
788.172	0.0367344
788.306	0.0366535
788.441	0.036168
788.575	0.0362489
788.71	0.0357634
788.844	0.0356825
788.979	0.0368153
789.113	0.0367344
789.248	0.0368153
789.383	0.0360061
789.517	0.0356825
789.652	0.0373817
789.786	0.0358443
789.921	0.0357634
790.055	0.0366535
790.19	0.036168
790.324	0.0354398
790.459	0.0358443
790.594	0.0356016
790.728	0.0352779
790.863	0.0369771
790.997	0.0364916
791.132	0.0356825
791.266	0.0360061
791.401	0.0346306
791.535	0.036168
791.67	0.037058
791.804	0.0368962
791.939	0.0347925
792.074	0.0360061
792.208	0.0358443
792.343	0.0356825
792.477	0.0363298
792.612	0.0368153
792.746	0.0366535
792.881	0.0360061
793.015	0.0369771
793.15	0.0351161
793.284	0.0362489
793.419	0.0362489
793.553	0.0358443
793.688	0.0353588
793.823	0.0365725
793.957	0.0358443
794.092	0.0362489
794.226	0.0373008
794.361	0.0363298
794.495	0.0358443
794.63	0.0362489
794.764	0.0348734
794.899	0.0368153
795.033	0.0353588
795.168	0.0355207
795.302	0.0360061
795.437	0.036168
795.572	0.0362489
795.706	0.0366535
795.841	0.0369771
795.975	0.0353588
796.11	0.0358443
796.244	0.0366535
796.379	0.0364916
796.513	0.0360871
796.648	0.0357634
796.782	0.0362489
796.917	0.037058
797.051	0.037058
797.186	0.0368962
797.32	0.0368153
797.455	0.0364107
797.589	0.0359252
797.724	0.037058
797.859	0.0350352
797.993	0.0372198
798.128	0.0357634
798.262	0.0351161
798.397	0.0358443
798.531	0.0363298
798.666	0.0359252
798.8	0.0362489
798.935	0.0363298
799.069	0.0367344
799.204	0.0357634
799.338	0.038029
799.473	0.0368153
799.607	0.0363298
799.742	0.0372198
799.876	0.0367344
800.011	0.0368153
800.145	0.0364916
800.28	0.0367344
800.414	0.0375435
800.549	0.0368153
800.683	0.0372198
800.818	0.0364916
800.953	0.0364916
801.087	0.0368962
801.222	0.0360061
801.356	0.0366535
801.491	0.0364107
801.625	0.036168
801.76	0.0368962
801.894	0.0360871
802.029	0.0377053
802.163	0.0373008
802.298	0.0378671
802.432	0.0367344
802.567	0.0375435
802.701	0.0369771
802.836	0.0371389
802.97	0.0363298
803.105	0.0377862
803.239	0.0371389
803.374	0.0374626
803.508	0.038029
803.643	0.0365725
803.777	0.0391617
803.912	0.0378671
804.046	0.0388381
804.181	0.0379481
804.315	0.0396472
804.45	0.0384335
804.584	0.038029
804.719	0.0392427
804.853	0.0384335
804.988	0.0379481
805.122	0.0400518
805.257	0.0399709
805.391	0.0402945
805.526	0.0412655
805.66	0.0401327
805.795	0.0420746
805.929	0.0414273
806.064	0.0424792
806.198	0.043531
806.333	0.043531
806.467	0.0457157
806.602	0.0471721
806.736	0.0462011
806.871	0.0494377
807.005	0.0512177
807.14	0.0569625
807.274	0.0600372
807.409	0.0750061
807.543	0.155595
807.678	0.278825
807.812	0.304717
807.947	0.443482
808.081	0.561615
808.216	0.743426
808.35	0.909378
808.485	1
808.619	0.849098
808.754	0.911562
808.888	0.935998
809.023	0.655312
809.157	0.326725
809.292	0.372037
809.426	0.481835
809.561	0.448337
809.695	0.253257
809.83	0.123392
809.964	0.0510559
810.099	0.0454729
810.233	0.0425601
810.368	0.0422364
810.502	0.042641
810.637	0.0404563
810.771	0.0402945
810.906	0.0402945
811.04	0.0399709
811.175	0.0387572
811.309	0.038919
811.444	0.0389999
811.578	0.0378671
811.713	0.0386763
811.847	0.0378671
811.982	0.0379481
812.116	0.0393236
812.251	0.0385954
812.385	0.0377053
812.519	0.0381099
812.654	0.0372198
812.788	0.0364107
812.923	0.038029
813.057	0.037058
813.192	0.0363298
813.326	0.0376244
813.461	0.0363298
813.595	0.0377862
813.73	0.0373008
813.864	0.0372198
813.999	0.0364916
814.133	0.0373008
814.268	0.0373008
814.402	0.0368962
814.537	0.0373817
814.671	0.0373817
814.806	0.037058
814.94	0.0363298
815.075	0.0356825
815.209	0.0373008
815.344	0.0368962
815.478	0.0366535
815.612	0.0353588
815.747	0.0377862
815.881	0.0373817
816.016	0.0368153
816.15	0.0367344
816.285	0.0358443
816.419	0.037058
816.554	0.036168
816.688	0.0371389
816.823	0.036168
816.957	0.0373008
817.092	0.0363298
817.226	0.0350352
817.361	0.0364107
817.495	0.0367344
817.63	0.0347925
817.764	0.036168
817.898	0.0360871
818.033	0.0347925
818.167	0.0362489
818.302	0.0365725
818.436	0.0358443
818.571	0.0364916
818.705	0.0364107
818.84	0.037058
818.974	0.0364916
819.109	0.0372198
819.243	0.0358443
819.378	0.0357634
819.512	0.0356016
819.646	0.0363298
819.781	0.0363298
819.915	0.0372198
820.05	0.0366535
820.184	0.0360871
820.319	0.0360061
820.453	0.0356825
820.588	0.0376244
820.722	0.0360061
820.857	0.0357634
820.991	0.0372198
821.126	0.0359252
821.26	0.0352779
821.394	0.0366535
821.529	0.0360061
821.663	0.0362489
821.798	0.0356016
821.932	0.0366535
822.067	0.035197
822.201	0.0364916
822.336	0.0364107
822.47	0.036168
822.605	0.0364107
822.739	0.0351161
822.873	0.0367344
823.008	0.0362489
823.142	0.0356825
823.277	0.0360061
823.411	0.0364107
823.546	0.0365725
823.68	0.0366535
823.815	0.0364916
823.949	0.0368962
824.083	0.0364107
824.218	0.0364916
824.352	0.037058
824.487	0.0364107
824.621	0.036168
824.756	0.0367344
824.89	0.0368153
825.025	0.0363298
825.159	0.0357634
825.293	0.0357634
825.428	0.0368153
825.562	0.0358443
825.697	0.036168
825.831	0.0367344
825.966	0.0358443
826.1	0.0378671
826.235	0.0366535
826.369	0.0366535
826.503	0.0366535
826.638	0.0356016
826.772	0.037058
826.907	0.0373817
827.041	0.0357634
827.176	0.0360871
827.31	0.0354398
827.445	0.0352779
827.579	0.0359252
827.713	0.0356825
827.848	0.0352779
827.982	0.0368153
828.117	0.0363298
828.251	0.0348734
828.386	0.0371389
828.52	0.0356016
828.654	0.0363298
828.789	0.0367344
828.923	0.0372198
829.058	0.0360061
829.192	0.0366535
829.327	0.036168
829.461	0.0360061
829.596	0.0355207
829.73	0.0362489
829.864	0.0364916
829.999	0.0351161
830.133	0.0354398
830.268	0.0356825
830.402	0.0359252
830.537	0.0366535
830.671	0.0349543
830.805	0.0360871
830.94	0.0356016
831.074	0.0358443
831.209	0.0360871
831.343	0.0364916
831.478	0.0353588
831.612	0.036168
831.746	0.0360061
831.881	0.037058
832.015	0.0368962
832.15	0.0365725
832.284	0.0373008
832.418	0.0349543
832.553	0.0368962
832.687	0.0364916
832.822	0.0353588
832.956	0.0368153
833.091	0.0358443
833.225	0.0364107
833.359	0.0353588
833.494	0.0371389
833.628	0.0358443
833.763	0.0360061
833.897	0.0363298
834.032	0.0374626
834.166	0.0364916
834.3	0.0377053
834.435	0.0350352
834.569	0.0360871
834.704	0.0359252
834.838	0.0366535
834.972	0.0366535
835.107	0.0353588
835.241	0.0362489
835.376	0.0360061
835.51	0.0366535
835.645	0.0363298
835.779	0.0364916
835.913	0.035197
836.048	0.0353588
836.182	0.0360871
836.317	0.0364916
836.451	0.0360061
836.585	0.037058
836.72	0.0363298
836.854	0.0372198
836.989	0.0362489
837.123	0.0352779
837.257	0.0354398
837.392	0.0367344
837.526	0.0367344
837.661	0.0363298
837.795	0.0356825
837.929	0.0360871
838.064	0.0352779
838.198	0.0358443
838.333	0.0349543
838.467	0.0363298
838.602	0.0357634
838.736	0.0367344
838.87	0.0367344
839.005	0.0368962
839.139	0.0366535
839.274	0.0364107
839.408	0.0364916
839.542	0.0353588
839.677	0.037058
839.811	0.0349543
839.946	0.0356825
840.08	0.0349543
840.214	0.0366535
840.349	0.0365725
840.483	0.0360871
840.618	0.0360061
840.752	0.0354398
840.886	0.036168
841.021	0.0352779
841.155	0.0356016
841.29	0.0360061
841.424	0.0354398
841.558	0.0360061
841.693	0.0362489
841.827	0.0363298
841.961	0.0350352
842.096	0.0360871
842.23	0.0360871
842.365	0.0344688
842.499	0.0360061
842.633	0.0360061
842.768	0.0364916
842.902	0.0364916
843.037	0.0368153
843.171	0.0364107
843.305	0.0375435
843.44	0.0367344
843.574	0.0358443
843.709	0.0362489
843.843	0.0366535
843.977	0.0358443
844.112	0.0365725
844.246	0.0359252
844.381	0.0363298
844.515	0.0364916
844.649	0.0368153
844.784	0.0355207
844.918	0.0364107
845.052	0.0372198
845.187	0.0352779
845.321	0.0367344
845.456	0.0348734
845.59	0.0363298
845.724	0.036168
845.859	0.0360871
845.993	0.0364916
846.128	0.0356016
846.262	0.035197
846.396	0.0374626
846.531	0.0358443
846.665	0.0364107
846.799	0.0360061
846.934	0.036168
847.068	0.0360871
847.203	0.0364107
847.337	0.0349543
847.471	0.0360061
847.606	0.0355207
847.74	0.0358443
847.874	0.035197
848.009	0.0368153
848.143	0.0354398
848.278	0.0368153
848.412	0.0356016
848.546	0.0369771
848.681	0.0369771
848.815	0.0356016
848.949	0.0357634
849.084	0.0353588
849.218	0.0366535
849.353	0.0347925
849.487	0.0359252
849.621	0.0364107
849.756	0.0356016
849.89	0.0364107
850.024	0.0356825
850.159	0.0356016
850.293	0.0368962
850.428	0.0368153
850.562	0.0364916
850.696	0.0368962
850.831	0.0359252
850.965	0.0360871
851.099	0.0350352
851.234	0.0343879
851.368	0.0355207
851.502	0.0364107
851.637	0.0364107
851.771	0.0356825
851.906	0.0349543
852.04	0.0356825
852.174	0.0346306
852.309	0.0368153
852.443	0.0352779
852.577	0.0364107
852.712	0.035197
852.846	0.037058
852.98	0.0363298
853.115	0.0359252
853.249	0.0364916
853.384	0.0376244
853.518	0.0359252
853.652	0.0365725
853.787	0.0356016
853.921	0.0364916
854.055	0.0363298
854.19	0.0366535
854.324	0.0354398
854.458	0.0358443
854.593	0.0366535
854.727	0.0366535
854.861	0.0360061
854.996	0.0373817
855.13	0.0376244
855.265	0.0363298
855.399	0.0360871
855.533	0.036168
855.668	0.0368153
855.802	0.0356825
855.936	0.0364916
856.071	0.0364916
856.205	0.0358443
856.339	0.0368962
856.474	0.0346306
856.608	0.0364916
856.742	0.0360061
856.877	0.0368962
857.011	0.0358443
857.145	0.036168
857.28	0.0365725
857.414	0.0368153
857.549	0.0352779
857.683	0.0365725
857.817	0.0360061
857.952	0.0368153
858.086	0.0375435
858.22	0.0347925
858.355	0.0368962
858.489	0.0357634
858.623	0.0352779
858.758	0.0362489
858.892	0.0363298
859.026	0.0350352
859.161	0.036168
859.295	0.037058
859.429	0.0364107
859.564	0.0375435
859.698	0.036168
859.832	0.0364916
859.967	0.0371389
860.101	0.0352779
860.235	0.037058
860.37	0.0360061
860.504	0.0356016
860.638	0.0367344
860.773	0.0354398
860.907	0.0365725
861.041	0.0364916
861.176	0.0359252
861.31	0.0360871
861.444	0.0355207
861.579	0.036168
861.713	0.0365725
861.847	0.0371389
861.982	0.0373008
862.116	0.0355207
862.25	0.0360061
862.385	0.0360871
862.519	0.0366535
862.653	0.0364916
862.788	0.0371389
862.922	0.0362489
863.056	0.0368962
863.191	0.036168
863.325	0.0367344
863.459	0.0362489
863.594	0.0362489
863.728	0.0360061
863.862	0.0368153
863.997	0.0363298
864.131	0.0367344
864.265	0.0358443
864.4	0.0356825
864.534	0.0359252
864.668	0.0362489
864.803	0.0355207
864.937	0.0360871
865.071	0.0359252
865.206	0.0358443
865.34	0.0364107
865.474	0.0363298
865.609	0.037058
865.743	0.0360061
865.877	0.0371389
866.012	0.036168
866.146	0.0353588
866.28	0.0366535
866.415	0.0362489
866.549	0.0364916
866.683	0.0360871
866.818	0.0373817
866.952	0.0356016
867.086	0.0360871
867.221	0.036168
867.355	0.0367344
867.489	0.0368153
867.623	0.0358443
867.758	0.0364916
867.892	0.0372198
868.026	0.0360871
868.161	0.0364107
868.295	0.0358443
868.429	0.0367344
868.564	0.0365725
868.698	0.0348734
868.832	0.0355207
868.967	0.0360871
869.101	0.0358443
869.235	0.0369771
869.37	0.0356016
869.504	0.0365725
869.638	0.0360061
869.773	0.0364916
869.907	0.0351161
870.041	0.0364107
870.175	0.0355207
870.31	0.036168
870.444	0.0360871
870.578	0.0360871
870.713	0.0359252
870.847	0.0368153
870.981	0.0360061
871.116	0.0371389
871.25	0.0359252
871.384	0.0366535
871.519	0.035197
871.653	0.0371389
871.787	0.0367344
871.921	0.0368962
872.056	0.0357634
872.19	0.0352779
872.324	0.0357634
872.459	0.0366535
872.593	0.0359252
872.727	0.0368962
872.862	0.0356825
872.996	0.0356825
873.13	0.0364107
873.264	0.0368153
873.399	0.0352779
873.533	0.0371389
873.667	0.0353588
873.802	0.0368153
873.936	0.0365725
874.07	0.0368153
874.205	0.0363298
874.339	0.0360871
874.473	0.0346306
874.607	0.0353588
874.742	0.0364916
874.876	0.0352779
875.01	0.0356825
875.145	0.035197
875.279	0.0373008
875.413	0.0355207
875.548	0.0364916
875.682	0.0353588
875.816	0.0358443
875.95	0.036168
876.085	0.0365725
876.219	0.0366535
876.353	0.0372198
876.488	0.0359252
876.622	0.0357634
876.756	0.0362489
876.89	0.0368962
877.025	0.0360061
877.159	0.0373817
877.293	0.0375435
877.428	0.0360061
877.562	0.0362489
877.696	0.037058
877.83	0.0358443
877.965	0.0360871
878.099	0.0364107
878.233	0.0364916
878.368	0.0368962
878.502	0.0356825
878.636	0.0368962
878.77	0.0347925
878.905	0.0357634
879.039	0.0360061
879.173	0.0364107
879.308	0.0364107
879.442	0.0371389
879.576	0.037058
879.71	0.0364916
879.845	0.0360871
879.979	0.0364107
880.113	0.036168
880.248	0.0356016
880.382	0.0362489
880.516	0.0364107
880.65	0.0363298
880.785	0.0356016
880.919	0.0367344
881.053	0.0356016
881.188	0.0363298
881.322	0.0363298
881.456	0.0362489
881.59	0.0358443
881.725	0.0359252
881.859	0.0347925
881.993	0.0358443
882.127	0.0363298
882.262	0.0369771
882.396	0.0364107
882.53	0.0356016
882.665	0.036168
882.799	0.035197
882.933	0.0368962
883.067	0.0358443
883.202	0.0360061
883.336	0.0363298
883.47	0.0363298
883.604	0.035197
883.739	0.035197
883.873	0.0366535
884.007	0.0357634
884.142	0.0364107
884.276	0.0359252
884.41	0.0362489
884.544	0.0371389
884.679	0.0367344
884.813	0.036168
884.947	0.0371389
885.081	0.0355207
885.216	0.0356016
885.35	0.0356825
885.484	0.0358443
885.618	0.0356825
885.753	0.0360061
885.887	0.0366535
886.021	0.0368962
886.155	0.0366535
886.29	0.0354398
886.424	0.0371389
886.558	0.036168
886.693	0.0347115
886.827	0.0360871
886.961	0.0365725
887.095	0.0360871
887.23	0.0364916
887.364	0.0356825
887.498	0.0367344
887.632	0.0364107
887.767	0.036168
887.901	0.0353588
888.035	0.036168
888.169	0.036168
888.304	0.0358443
888.438	0.0359252
888.572	0.0368153
888.706	0.0364107
888.841	0.0360061
888.975	0.0357634
889.109	0.0364107
889.243	0.0363298
889.378	0.0352779
889.512	0.0353588
889.646	0.0366535
889.78	0.0359252
889.915	0.0365725
890.049	0.0367344
890.183	0.0377053
890.317	0.0368153
890.452	0.0367344
890.586	0.0356016
890.72	0.0364916
890.854	0.0367344
890.989	0.0350352
891.123	0.0356825
891.257	0.0367344
891.391	0.0357634
891.526	0.0366535
891.66	0.0360871
891.794	0.0352779
891.928	0.0358443
892.063	0.0358443
892.197	0.0356825
892.331	0.0373008
892.465	0.036168
892.6	0.0360061
892.734	0.0368153
892.868	0.0364107
893.002	0.0353588
893.137	0.0364107
893.271	0.0363298
893.405	0.0368962
893.539	0.0363298
893.674	0.0368153
893.808	0.0360871
893.942	0.0353588
894.076	0.0356825
894.21	0.0360061
894.345	0.0366535
894.479	0.0365725
894.613	0.0374626
894.747	0.036168
894.882	0.0365725
895.016	0.0356016
895.15	0.0356825
895.284	0.0367344
895.419	0.0362489
895.553	0.0354398
895.687	0.036168
895.821	0.0368153
895.956	0.0373817
896.09	0.0373008
896.224	0.0355207
896.358	0.0352779
896.492	0.0354398
896.627	0.0364107
896.761	0.036168
896.895	0.0356016
897.029	0.0350352
897.164	0.0368153
897.298	0.0364107
897.432	0.036168
897.566	0.0352779
897.701	0.035197
897.835	0.0353588
897.969	0.0364107
898.103	0.0368153
898.237	0.0359252
898.372	0.0365725
898.506	0.0356825
898.64	0.036168
898.774	0.0354398
898.909	0.0358443
899.043	0.0354398
899.177	0.0364107
899.311	0.0355207
899.445	0.0358443
899.58	0.0368153
899.714	0.0364107
899.848	0.0368962
899.982	0.0357634
900.117	0.0362489
900.251	0.0367344
900.385	0.0368153
900.519	0.0360871
900.653	0.0364916
900.788	0.0364916
900.922	0.0357634
901.056	0.0364916
901.19	0.0368153
901.325	0.0355207
901.459	0.0364916
901.593	0.0363298
901.727	0.0358443
901.861	0.0356016
901.996	0.0360061
902.13	0.0363298
902.264	0.037058
902.398	0.0353588
902.532	0.0355207
902.667	0.0368962
902.801	0.0366535
902.935	0.0365725
903.069	0.0358443
903.204	0.0364107
903.338	0.0365725
903.472	0.036168
903.606	0.0365725
903.74	0.035197
903.875	0.0355207
904.009	0.0368962
904.143	0.0364916
904.277	0.0359252
904.411	0.0362489
904.546	0.0344688
904.68	0.0377862
904.814	0.0358443
904.948	0.0363298
905.082	0.0356825
905.217	0.0360061
905.351	0.0369771
905.485	0.0359252
905.619	0.0360871
905.753	0.0356016
905.888	0.0356825
906.022	0.0367344
906.156	0.0364916
906.29	0.0349543
906.424	0.0360061
906.559	0.0356825
906.693	0.0363298
906.827	0.0360871
906.961	0.0351161
907.095	0.0360871
907.23	0.036168
907.364	0.0366535
907.498	0.0360871
907.632	0.0363298
907.766	0.0357634
907.901	0.0366535
908.035	0.0353588
908.169	0.0362489
908.303	0.0351161
908.437	0.0347925
908.572	0.0363298
908.706	0.0367344
908.84	0.0354398
908.974	0.0363298
909.108	0.0360871
909.243	0.0360871
909.377	0.0356825
909.511	0.0360061
909.645	0.0368962
909.779	0.0345497
909.914	0.035197
910.048	0.0371389
910.182	0.0368153
910.316	0.0368153
910.45	0.0362489
910.585	0.0360061
910.719	0.036168
910.853	0.0360061
910.987	0.0356016
911.121	0.0367344
911.255	0.036168
911.39	0.0349543
911.524	0.0351161
911.658	0.0363298
911.792	0.0362489
911.926	0.0360871
912.061	0.0366535
912.195	0.0357634
912.329	0.0363298
912.463	0.0364916
912.597	0.0359252
912.732	0.0364107
912.866	0.0354398
913	0.0360061
913.134	0.0359252
913.268	0.0362489
913.402	0.0364916
913.537	0.0372198
913.671	0.0364916
913.805	0.0362489
913.939	0.0357634
914.073	0.0363298
914.208	0.0353588
914.342	0.0362489
914.476	0.0373008
914.61	0.0363298
914.744	0.0356825
914.878	0.0362489
915.013	0.0369771
915.147	0.0367344
915.281	0.0364107
915.415	0.0358443
915.549	0.0371389
915.683	0.0365725
915.818	0.0360061
915.952	0.0356825
916.086	0.035197
916.22	0.0356016
916.354	0.0362489
916.488	0.0356016
916.623	0.0363298
916.757	0.0362489
916.891	0.0364916
917.025	0.0368962
917.159	0.036168
917.293	0.0367344
917.428	0.0357634
917.562	0.0363298
917.696	0.0356825
917.83	0.0366535
917.964	0.0360061
918.098	0.0360871
918.233	0.0356016
918.367	0.0369771
918.501	0.036168
918.635	0.0367344
918.769	0.0356825
918.903	0.036168
919.038	0.0358443
919.172	0.0353588
919.306	0.0359252
919.44	0.0366535
919.574	0.0367344
919.708	0.0371389
919.843	0.0365725
919.977	0.0353588
920.111	0.0364916
920.245	0.0354398
920.379	0.0364916
920.513	0.0364107
920.648	0.0356016
920.782	0.0360061
920.916	0.036168
921.05	0.0367344
921.184	0.0364916
921.318	0.035197
921.453	0.0364107
921.587	0.0373817
921.721	0.0364916
921.855	0.0353588
921.989	0.0364107
922.123	0.0363298
922.257	0.0369771
922.392	0.0359252
922.526	0.0352779
922.66	0.0355207
922.794	0.0359252
922.928	0.0362489
923.062	0.036168
923.197	0.036168
923.331	0.0364107
923.465	0.0366535
923.599	0.0366535
923.733	0.0349543
923.867	0.0354398
924.001	0.0355207
924.136	0.0364107
924.27	0.0354398
924.404	0.036168
924.538	0.037058
924.672	0.0360871
924.806	0.0355207
924.94	0.0358443
925.075	0.036168
925.209	0.0369771
925.343	0.0366535
925.477	0.0364916
925.611	0.0365725
925.745	0.0367344
925.879	0.0368962
926.014	0.0348734
926.148	0.036168
926.282	0.0360871
926.416	0.0363298
926.55	0.0368962
926.684	0.0369771
926.818	0.0360061
926.953	0.0360061
927.087	0.0363298
927.221	0.0362489
927.355	0.0359252
927.489	0.0364107
927.623	0.0367344
927.757	0.0356825
927.892	0.0356825
928.026	0.0364916
928.16	0.0355207
928.294	0.0368962
928.428	0.0365725
928.562	0.0364916
928.696	0.0363298
928.831	0.0357634
928.965	0.0360061
929.099	0.0371389
929.233	0.0355207
929.367	0.0355207
929.501	0.0364916
929.635	0.0358443
929.769	0.0347925
929.904	0.0365725
930.038	0.0365725
930.172	0.0356825
930.306	0.0364916
930.44	0.0352779
930.574	0.0368962
930.708	0.0368153
930.843	0.0351161
930.977	0.0353588
931.111	0.0354398
931.245	0.036168
931.379	0.0355207
931.513	0.0357634
931.647	0.0360061
931.781	0.0357634
931.916	0.0352779
932.05	0.0356825
932.184	0.0363298
932.318	0.0366535
932.452	0.0366535
932.586	0.036168
932.72	0.0360871
932.854	0.0364107
932.989	0.037058
933.123	0.0369771
933.257	0.0357634
933.391	0.0364916
933.525	0.036168
933.659	0.0362489
933.793	0.0367344
933.927	0.0362489
934.061	0.0371389
934.196	0.0366535
934.33	0.035197
934.464	0.0347925
934.598	0.0357634
934.732	0.0364916
934.866	0.0372198
935	0.0356016
935.134	0.0351161
935.269	0.0368962
935.403	0.0355207
935.537	0.0360871
935.671	0.036168
935.805	0.0367344
935.939	0.0352779
936.073	0.0355207
936.207	0.0351161
936.341	0.0367344
936.476	0.0359252
936.61	0.0345497
936.744	0.0354398
936.878	0.0359252
937.012	0.0354398
937.146	0.0366535
937.28	0.0365725
937.414	0.0357634
937.548	0.0364107
937.683	0.036168
937.817	0.0354398
937.951	0.0364107
938.085	0.0375435
938.219	0.0360061
938.353	0.0360871
938.487	0.0360871
938.621	0.0368962
938.755	0.0368962
938.889	0.0360061
939.024	0.0356016
939.158	0.0357634
939.292	0.0355207
939.426	0.0363298
939.56	0.0364916
939.694	0.0372198
939.828	0.0367344
939.962	0.0347115
940.096	0.0356016
940.231	0.0364916
940.365	0.037058
940.499	0.0356825
940.633	0.035197
940.767	0.0364107
940.901	0.0365725
941.035	0.0364107
941.169	0.0364916
941.303	0.036168
941.437	0.0359252
941.571	0.0368153
941.706	0.0357634
941.84	0.0360871
941.974	0.0348734
942.108	0.0366535
942.242	0.0357634
942.376	0.0349543
942.51	0.035197
942.644	0.0360061
942.778	0.0360061
942.912	0.037058
943.047	0.0364107
943.181	0.036168
943.315	0.036168
943.449	0.0368962
943.583	0.0365725
943.717	0.0358443
943.851	0.0360871
943.985	0.0365725
944.119	0.0357634
944.253	0.0362489
944.387	0.0368153
944.522	0.0358443
944.656	0.0368153
944.79	0.0352779
944.924	0.0357634
945.058	0.0355207
945.192	0.0357634
945.326	0.0357634
945.46	0.0364107
945.594	0.0340642
945.728	0.0366535
945.862	0.0355207
945.996	0.0357634
946.131	0.0357634
946.265	0.0365725
946.399	0.0357634
946.533	0.0349543
946.667	0.0347925
946.801	0.037058
946.935	0.0352779
947.069	0.0363298
947.203	0.0360871
947.337	0.036168
947.471	0.0349543
947.605	0.036168
947.739	0.0360871
947.874	0.0354398
948.008	0.0359252
948.142	0.0359252
948.276	0.0365725
948.41	0.0368153
948.544	0.0367344
948.678	0.0363298
948.812	0.035197
948.946	0.0360871
949.08	0.0357634
949.214	0.0355207
949.348	0.0362489
949.482	0.0362489
949.617	0.0360061
949.751	0.0344688
949.885	0.0358443
950.019	0.0360061
950.153	0.0369771
950.287	0.0353588
950.421	0.0358443
950.555	0.0367344
950.689	0.0366535
950.823	0.0369771
950.957	0.0355207
951.091	0.0362489
951.225	0.0377862
951.359	0.0360061
951.493	0.0368153
951.628	0.0364107
951.762	0.0360061
951.896	0.0364916
952.03	0.0360871
952.164	0.0358443
952.298	0.0359252
952.432	0.0349543
952.566	0.0357634
952.7	0.0360061
952.834	0.036168
952.968	0.0365725
953.102	0.0364107
953.236	0.0367344
953.37	0.0365725
953.504	0.0377053
953.639	0.0365725
953.773	0.0364916
953.907	0.0365725
954.041	0.0377053
954.175	0.0356825
954.309	0.0368962
954.443	0.0356825
954.577	0.0367344
954.711	0.0364916
954.845	0.0366535
954.979	0.037058
955.113	0.0358443
955.247	0.0352779
955.381	0.0356825
955.515	0.0368962
955.649	0.036168
955.783	0.0362489
955.917	0.0363298
956.052	0.0356825
956.186	0.0359252
956.32	0.0354398
956.454	0.0349543
956.588	0.0353588
956.722	0.0364107
956.856	0.0360871
956.99	0.0372198
957.124	0.036168
957.258	0.037058
957.392	0.0365725
957.526	0.0374626
957.66	0.0368962
957.794	0.0360871
957.928	0.0367344
958.062	0.0358443
958.196	0.0360871
958.33	0.0352779
958.464	0.0354398
958.598	0.0365725
958.733	0.0366535
958.867	0.0354398
959.001	0.0355207
959.135	0.0353588
959.269	0.0372198
959.403	0.0356825
959.537	0.0354398
959.671	0.0363298
959.805	0.0358443
959.939	0.0367344
960.073	0.0362489
960.207	0.0352779
960.341	0.0367344
960.475	0.0362489
960.609	0.036168
960.743	0.0372198
960.877	0.0356825
961.011	0.036168
961.145	0.0358443
961.279	0.0363298
961.413	0.0375435
961.547	0.0368153
961.681	0.0360871
961.815	0.035197
961.949	0.0364107
962.083	0.0357634
962.218	0.0366535
962.352	0.0352779
962.486	0.0351161
962.62	0.0366535
962.754	0.0357634
962.888	0.0377862
963.022	0.0359252
963.156	0.0362489
963.29	0.0362489
963.424	0.0355207
963.558	0.036168
963.692	0.0348734
963.826	0.0357634
963.96	0.0362489
964.094	0.0366535
964.228	0.0365725
964.362	0.0355207
964.496	0.036168
964.63	0.0347925
964.764	0.0364916
964.898	0.0352779
965.032	0.0357634
965.166	0.0352779
965.3	0.0375435
965.434	0.0364107
965.568	0.0368962
965.702	0.0365725
965.836	0.036168
965.97	0.0364916
966.104	0.0362489
966.238	0.0362489
966.372	0.0368153
966.506	0.0356016
966.64	0.0368962
966.774	0.036168
966.908	0.0357634
967.043	0.0364107
967.177	0.0350352
967.311	0.0363298
967.445	0.036168
967.579	0.0357634
967.713	0.0365725
967.847	0.0355207
967.981	0.0363298
968.115	0.0373817
968.249	0.0366535
968.383	0.0359252
968.517	0.0360871
968.651	0.036168
968.785	0.0365725
968.919	0.0363298
969.053	0.0364916
969.187	0.0366535
969.321	0.0362489
969.455	0.0360871
969.589	0.0369771
969.723	0.0360061
969.857	0.0356825
969.991	0.035197
970.125	0.0381099
970.259	0.0359252
970.393	0.0367344
970.527	0.0356825
970.661	0.0353588
970.795	0.0351161
970.929	0.0373008
971.063	0.0360871
971.197	0.0364107
971.331	0.0365725
971.465	0.0358443
971.599	0.0367344
971.733	0.0363298
971.867	0.0356016
972.001	0.0365725
972.135	0.0352779
972.269	0.0350352
972.403	0.0360871
972.537	0.0364916
972.671	0.0355207
972.805	0.0360871
972.939	0.0358443
973.073	0.0368962
973.207	0.0356825
973.341	0.036168
973.475	0.037058
973.609	0.0363298
973.743	0.0347115
973.877	0.0366535
974.011	0.0349543
974.145	0.0364916
974.279	0.0358443
974.413	0.0360871
974.547	0.0352779
974.681	0.0356016
974.815	0.0360871
974.949	0.0367344
975.083	0.0360871
975.217	0.0359252
975.351	0.0350352
975.485	0.036168
975.619	0.0350352
975.753	0.036168
975.887	0.0356825
976.021	0.036168
976.155	0.0376244
976.289	0.0350352
976.423	0.0360871
976.557	0.0373817
976.691	0.0359252
976.825	0.0364107
976.959	0.0366535
977.093	0.0364107
977.227	0.0358443
977.361	0.0358443
977.495	0.0368962
977.629	0.0367344
977.763	0.0363298
977.897	0.035197
978.031	0.0360871
978.165	0.0363298
978.299	0.0372198
978.433	0.0362489
978.567	0.0360061
978.701	0.035197
978.835	0.0358443
978.969	0.0360061
979.103	0.0360871
979.237	0.0354398
979.371	0.0360871
979.505	0.0368153
979.639	0.0353588
979.773	0.0363298
979.907	0.0356825
980.041	0.0363298
980.175	0.0347925
980.308	0.037058
980.442	0.0360061
980.576	0.0364916
980.71	0.0363298
980.844	0.0368153
980.978	0.0352779
981.112	0.0372198
981.246	0.0360871
981.38	0.036168
981.514	0.0359252
981.648	0.0362489
981.782	0.036168
981.916	0.0368153
982.05	0.0368153
982.184	0.0367344
982.318	0.0364107
982.452	0.0365725
982.586	0.0364916
982.72	0.0369771
982.854	0.0359252
982.988	0.0364916
983.122	0.0355207
983.256	0.0367344
983.39	0.0365725
983.524	0.0364107
983.658	0.0346306
983.792	0.0366535
983.926	0.0360061
984.06	0.0366535
984.194	0.0358443
984.328	0.0357634
984.462	0.0358443
984.596	0.0356825
984.73	0.0358443
984.864	0.036168
984.998	0.0368962
985.132	0.0365725
985.265	0.0365725
985.399	0.0360871
985.533	0.0360061
985.667	0.0365725
985.801	0.0362489
985.935	0.036168
986.069	0.0350352
986.203	0.0366535
986.337	0.0367344
986.471	0.0359252
986.605	0.0360061
986.739	0.0360871
986.873	0.0368962
987.007	0.0368153
987.141	0.0354398
987.275	0.0353588
987.409	0.0368962
987.543	0.036168
987.677	0.0358443
987.811	0.0360871
987.945	0.036168
988.079	0.0356016
988.213	0.0364107
988.347	0.0368153
988.481	0.0364107
988.614	0.0366535
988.748	0.0356825
988.882	0.0365725
989.016	0.0360871
989.15	0.0360871
989.284	0.0362489
989.418	0.0356016
989.552	0.0355207
989.686	0.0368962
989.82	0.0372198
989.954	0.0364107
990.088	0.0364107
990.222	0.0356016
990.356	0.035197
990.49	0.0360871
990.624	0.0349543
990.758	0.0366535
990.892	0.0360871
991.026	0.0355207
991.16	0.0364916
991.294	0.0366535
991.427	0.0360061
991.561	0.0364107
991.695	0.0360871
991.829	0.0356825
991.963	0.0356825
992.097	0.0364107
992.231	0.0356825
992.365	0.0354398
992.499	0.0358443
992.633	0.0366535
992.767	0.0353588
992.901	0.0359252
993.035	0.0364107
993.169	0.0358443
993.303	0.0349543
993.437	0.0367344
993.571	0.0358443
993.704	0.0364107
993.838	0.0364107
993.972	0.0371389
994.106	0.0364107
994.24	0.0356825
994.374	0.0365725
994.508	0.0365725
994.642	0.0368962
994.776	0.0363298
994.91	0.0358443
995.044	0.0356825
995.178	0.0368153
995.312	0.0364107
995.446	0.0353588
995.58	0.0359252
995.714	0.0355207
995.847	0.0367344
995.981	0.0365725
996.115	0.0354398
996.249	0.0358443
996.383	0.0371389
996.517	0.0360871
996.651	0.0354398
996.785	0.0365725
996.919	0.0354398
997.053	0.0357634
997.187	0.0364107
997.321	0.036168
997.455	0.0350352
997.589	0.0360061
997.722	0.035197
997.856	0.0360061
997.99	0.0360061
998.124	0.0355207
998.258	0.0368153
998.392	0.0360061
998.526	0.0362489
998.66	0.0366535
998.794	0.0356016
998.928	0.036168
999.062	0.0362489
999.196	0.0368962
999.33	0.036168
999.464	0.0363298
999.597	0.0362489
999.731	0.0347925
999.865	0.0366535
999.999	0.0364916
1000.13	0.038029
1000.27	0.0364916
1000.4	0.0349543
1000.53	0.0365725
1000.67	0.0362489
1000.8	0.0367344
1000.94	0.0356016
1001.07	0.0364916
1001.2	0.0363298
1001.34	0.0356825
1001.47	0.0367344
1001.61	0.0364107
1001.74	0.0353588
1001.87	0.0358443
1002.01	0.0356016
1002.14	0.0356825
1002.28	0.036168
1002.41	0.0367344
1002.54	0.0364107
1002.68	0.0363298
1002.81	0.0362489
1002.95	0.0371389
1003.08	0.0351161
1003.21	0.0367344
1003.35	0.0357634
1003.48	0.0366535
1003.61	0.0369771
1003.75	0.0363298
1003.88	0.0363298
1004.02	0.0356016
1004.15	0.0359252
1004.28	0.0362489
1004.42	0.0358443
1004.55	0.0360871
1004.69	0.0358443
1004.82	0.0357634
1004.95	0.0369771
1005.09	0.035197
1005.22	0.036168
1005.36	0.036168
1005.49	0.0367344
1005.62	0.0360871
1005.76	0.0360871
1005.89	0.0365725
1006.03	0.0362489
1006.16	0.0355207
1006.29	0.0366535
1006.43	0.0356016
1006.56	0.0350352
1006.69	0.0360871
1006.83	0.0363298
1006.96	0.0360871
1007.1	0.0357634
1007.23	0.0373817
1007.36	0.0365725
1007.5	0.0354398
1007.63	0.035197
1007.77	0.0368153
1007.9	0.0359252
1008.03	0.0349543
1008.17	0.0365725
1008.3	0.0363298
1008.44	0.0356825
1008.57	0.0349543
1008.7	0.0357634
1008.84	0.0366535
1008.97	0.0354398
1009.1	0.037058
1009.24	0.035197
1009.37	0.0360061
1009.51	0.0365725
1009.64	0.036168
1009.77	0.0365725
1009.91	0.0375435
1010.04	0.0369771
1010.18	0.0358443
1010.31	0.0360871
1010.44	0.0362489
1010.58	0.0363298
1010.71	0.0356825
1010.85	0.0367344
1010.98	0.0355207
1011.11	0.0373817
1011.25	0.036168
1011.38	0.0360061
1011.51	0.0368153
1011.65	0.0364107
1011.78	0.0356825
1011.92	0.0364107
1012.05	0.0357634
1012.18	0.036168
1012.32	0.0355207
1012.45	0.0362489
1012.59	0.0364916
1012.72	0.0371389
1012.85	0.0367344
1012.99	0.036168
1013.12	0.0362489
1013.26	0.036168
1013.39	0.0364107
1013.52	0.0360061
1013.66	0.0356016
1013.79	0.0358443
1013.92	0.036168
1014.06	0.0353588
1014.19	0.0360061
1014.33	0.0353588
1014.46	0.0353588
1014.59	0.0360871
1014.73	0.0364916
1014.86	0.0379481
1015	0.0353588
1015.13	0.0358443
1015.26	0.0368962
1015.4	0.036168
1015.53	0.035197
1015.67	0.036168
1015.8	0.035197
1015.93	0.0360061
1016.07	0.0368153
1016.2	0.037058
1016.33	0.0367344
1016.47	0.0365725
1016.6	0.0352779
1016.74	0.0347115
1016.87	0.0367344
1017	0.0357634
1017.14	0.0364107
1017.27	0.0360061
1017.41	0.037058
1017.54	0.0359252
1017.67	0.0367344
1017.81	0.0362489
1017.94	0.0365725
1018.07	0.0360061
1018.21	0.0359252
1018.34	0.036168
1018.48	0.0351161
1018.61	0.0368153
1018.74	0.0362489
1018.88	0.0355207
1019.01	0.0359252
1019.15	0.0362489
1019.28	0.0355207
1019.41	0.0356016
1019.55	0.0373008
1019.68	0.0368962
1019.82	0.0357634
1019.95	0.0372198
1020.08	0.0374626
1020.22	0.0366535
1020.35	0.0356016
1020.48	0.0367344
1020.62	0.037058
1020.75	0.0364107
1020.89	0.0368962
1021.02	0.0365725
1021.15	0.0360871
1021.29	0.0360061
1021.42	0.0366535
1021.56	0.0363298
1021.69	0.0369771
1021.82	0.0364107
1021.96	0.0364916
1022.09	0.0381908
1022.22	0.0360061
1022.36	0.0358443
1022.49	0.0364107
1022.63	0.0373817
1022.76	0.0363298
1022.89	0.0360061
1023.03	0.0364916
1023.16	0.0372198
1023.3	0.0360061
1023.43	0.0354398
1023.56	0.0363298
1023.7	0.0360061
1023.83	0.0359252
1023.96	0.036168
1024.1	0.0362489
1024.23	0.037058
1024.37	0.0364107
1024.5	0.0360871
1024.63	0.0365725
1024.77	0.036168
1024.9	0.0356016
1025.04	0.0353588
1025.17	0.0356825
1025.3	0.036168
1025.44	0.0362489
1025.57	0.0367344
1025.7	0.0359252
1025.84	0.0362489
1025.97	0.0373817
1026.11	0.0355207
1026.24	0.0353588
1026.37	0.0373008
1026.51	0.0362489
1026.64	0.0368153
1026.78	0.0360871
1026.91	0.0358443
1027.04	0.0365725
1027.18	0.0367344
1027.31	0.0363298
1027.44	0.0368153
1027.58	0.0367344
1027.71	0.037058
1027.85	0.0374626
1027.98	0.0357634
1028.11	0.0363298
1028.25	0.0366535
1028.38	0.0353588
1028.52	0.0371389
1028.65	0.0367344
1028.78	0.0362489
1028.92	0.0362489
1029.05	0.036168
1029.18	0.0350352
1029.32	0.0364107
1029.45	0.0362489
1029.59	0.0368153
1029.72	0.0364916
1029.85	0.0358443
1029.99	0.0355207
1030.12	0.0364107
1030.26	0.0366535
1030.39	0.0365725
1030.52	0.0360871
1030.66	0.0359252
1030.79	0.0358443
1030.92	0.0366535
1031.06	0.036168
1031.19	0.0366535
1031.33	0.0371389
1031.46	0.0360061
1031.59	0.0356825
1031.73	0.0362489
1031.86	0.0359252
1031.99	0.037058
1032.13	0.0371389
1032.26	0.0360871
1032.4	0.0354398
1032.53	0.0356825
1032.66	0.0360061
1032.8	0.0364916
1032.93	0.036168
1033.07	0.0369771
1033.2	0.0347115
1033.33	0.0359252
1033.47	0.0364916
1033.6	0.0355207
1033.73	0.0356016
1033.87	0.0368962
1034	0.0354398
1034.14	0.0372198
1034.27	0.0367344
1034.4	0.036168
1034.54	0.0372198
1034.67	0.0364916
1034.81	0.0351161
1034.94	0.0362489
1035.07	0.0363298
1035.21	0.0367344
1035.34	0.0364107
1035.47	0.0368962
1035.61	0.0377053
1035.74	0.0366535
1035.88	0.037058
1036.01	0.0358443
1036.14	0.035197
1036.28	0.0364916
1036.41	0.0347925
1036.54	0.0363298
1036.68	0.0356825
1036.81	0.0360871
1036.95	0.0364916
1037.08	0.0354398
1037.21	0.0369771
1037.35	0.0347925
1037.48	0.0365725
1037.62	0.036168
1037.75	0.0360061
1037.88	0.0352779
1038.02	0.0360061
1038.15	0.0350352
1038.28	0.0358443
1038.42	0.0363298
1038.55	0.0356016
1038.69	0.0356016
1038.82	0.036168
1038.95	0.0366535
1039.09	0.0343879
1039.22	0.0365725
1039.35	0.0362489
1039.49	0.0356825
1039.62	0.0360871
1039.76	0.036168
1039.89	0.0369771
1040.02	0.0354398
1040.16	0.0369771
1040.29	0.036168
1040.43	0.0364107
1040.56	0.0367344
1040.69	0.0352779
1040.83	0.0368153
1040.96	0.0360061
1041.09	0.0353588
1041.23	0.0368962
1041.36	0.0356825
1041.5	0.0358443
1041.63	0.0347925
1041.76	0.0360871
1041.9	0.0368153
1042.03	0.035197
1042.16	0.0357634
1042.3	0.0354398
1042.43	0.0355207
1042.57	0.0360061
1042.7	0.0362489
1042.83	0.0373008
1042.97	0.0354398
1043.1	0.0367344
1043.23	0.0359252
1043.37	0.0367344
1043.5	0.0368153
1043.64	0.0364107
1043.77	0.0367344
1043.9	0.0357634
1044.04	0.036168
1044.17	0.0354398
1044.31	0.0372198
1044.44	0.0363298
1044.57	0.0358443
1044.71	0.0359252
1044.84	0.0369771
1044.97	0.0357634
1045.11	0.036168
1045.24	0.0367344
1045.38	0.0357634
1045.51	0.0374626
1045.64	0.0362489
1045.78	0.0348734
1045.91	0.0360871
1046.04	0.0359252
1046.18	0.0368962
1046.31	0.0373817
1046.45	0.0364916
1046.58	0.0362489
1046.71	0.0363298
1046.85	0.0360871
1046.98	0.0351161
1047.11	0.0360871
1047.25	0.0367344
1047.38	0.0359252
1047.52	0.0366535
1047.65	0.0360871
1047.78	0.0368962
1047.92	0.0360061
1048.05	0.0352779
1048.18	0.0369771
1048.32	0.0368153
1048.45	0.0358443
1048.59	0.0371389
1048.72	0.0362489
1048.85	0.0360061
1048.99	0.0364107
1049.12	0.0374626
1049.25	0.0356016
1049.39	0.0354398
1049.52	0.034307
1049.66	0.0351161
1049.79	0.0376244
1049.92	0.0359252
1050.06	0.0365725
1050.19	0.0369771
1050.33	0.0358443
1050.46	0.0359252
1050.59	0.0360061
1050.73	0.0364107
1050.86	0.0366535
1050.99	0.0364107
1051.13	0.0369771
1051.26	0.0360061
1051.4	0.0366535
1051.53	0.0367344
1051.66	0.0374626
1051.8	0.0360871
1051.93	0.0360871
1052.06	0.0342261
1052.2	0.0365725
1052.33	0.036168
1052.47	0.0360871
1052.6	0.0365725
1052.73	0.0356016
1052.87	0.036168
1053	0.0359252
1053.13	0.0352779
1053.27	0.0372198
1053.4	0.0358443
1053.54	0.0357634
1053.67	0.0363298
1053.8	0.0359252
1053.94	0.0363298
1054.07	0.0354398
1054.2	0.036168
1054.34	0.0356016
1054.47	0.0368153
1054.61	0.0352779
1054.74	0.0363298
1054.87	0.0364107
1055.01	0.0356016
1055.14	0.036168
1055.27	0.0360871
1055.41	0.0363298
1055.54	0.0368962
1055.68	0.0356825
1055.81	0.0360061
1055.94	0.0368153
1056.08	0.0368153
1056.21	0.0353588
1056.34	0.0352779
1056.48	0.0353588
1056.61	0.0364916
1056.75	0.0362489
1056.88	0.0366535
1057.01	0.0355207
1057.15	0.0360871
1057.28	0.0359252
1057.41	0.0363298
1057.55	0.0358443
1057.68	0.036168
1057.82	0.037058
1057.95	0.035197
1058.08	0.0365725
1058.22	0.0364107
1058.35	0.0358443
1058.48	0.0355207
1058.62	0.0353588
1058.75	0.0368962
1058.89	0.0354398
1059.02	0.0356016
1059.15	0.0368153
1059.29	0.0364107
1059.42	0.0363298
1059.55	0.037058
1059.69	0.0356825
1059.82	0.0366535
1059.96	0.0368153
1060.09	0.0360871
1060.22	0.0364107
1060.36	0.036168
1060.49	0.0365725
1060.62	0.0366535
1060.76	0.0354398
1060.89	0.0353588
1061.03	0.0356825
1061.16	0.0358443
1061.29	0.0362489
1061.43	0.0367344
1061.56	0.036168
1061.69	0.036168
1061.83	0.0368153
1061.96	0.0364916
1062.1	0.0364916
1062.23	0.0359252
1062.36	0.0365725
1062.5	0.0365725
1062.63	0.0358443
1062.76	0.0366535
1062.9	0.0356825
1063.03	0.0360061
1063.17	0.0365725
1063.3	0.0374626
1063.43	0.0367344
1063.57	0.0365725
1063.7	0.0367344
1063.83	0.0364916
1063.97	0.0359252
1064.1	0.0365725
1064.23	0.0363298
1064.37	0.0362489
1064.5	0.0369771
1064.64	0.0357634
1064.77	0.0355207
1064.9	0.0362489
1065.04	0.0347115
1065.17	0.0364916
1065.3	0.0356825
1065.44	0.037058
1065.57	0.0358443
1065.71	0.0377053
1065.84	0.0358443
1065.97	0.0364916
1066.11	0.0356825
1066.24	0.0356825
1066.37	0.0360061
1066.51	0.0357634
1066.64	0.0364916
1066.78	0.0360871
1066.91	0.0366535
1067.04	0.037058
1067.18	0.0357634
1067.31	0.0354398
1067.44	0.0354398
1067.58	0.0357634
1067.71	0.0357634
1067.85	0.0356825
1067.98	0.0356016
1068.11	0.0357634
1068.25	0.0362489
1068.38	0.035197
1068.51	0.0353588
1068.65	0.0360871
1068.78	0.0362489
1068.92	0.0358443
1069.05	0.0369771
1069.18	0.0352779
1069.32	0.0355207
1069.45	0.0368962
1069.58	0.0359252
1069.72	0.0355207
1069.85	0.0368153
1069.98	0.0366535
1070.12	0.0358443
1070.25	0.0367344
1070.39	0.0371389
1070.52	0.0367344
1070.65	0.036168
1070.79	0.0360871
1070.92	0.0347925
1071.05	0.0368153
1071.19	0.0368153
1071.32	0.0360871
1071.46	0.0360061
1071.59	0.0360061
1071.72	0.0352779
1071.86	0.0366535
1071.99	0.036168
1072.12	0.0360871
1072.26	0.0364916
1072.39	0.0366535
1072.53	0.0354398
1072.66	0.0364107
1072.79	0.0355207
1072.93	0.0356825
1073.06	0.0364107
1073.19	0.0357634
1073.33	0.0357634
1073.46	0.0358443
1073.59	0.0364916
1073.73	0.0347925
1073.86	0.0357634
1074	0.0357634
1074.13	0.0351161
1074.26	0.0365725
1074.4	0.0357634
1074.53	0.0367344
1074.66	0.035197
1074.8	0.0360871
1074.93	0.0367344
1075.07	0.037058
1075.2	0.0360871
1075.33	0.0357634
1075.47	0.0360871
1075.6	0.0347115
1075.73	0.0371389
1075.87	0.0360061
1076	0.0374626
1076.14	0.0363298
1076.27	0.0357634
1076.4	0.035197
1076.54	0.0366535
1076.67	0.0368153
1076.8	0.0357634
1076.94	0.0364916
1077.07	0.0346306
1077.2	0.0372198
1077.34	0.0364107
1077.47	0.0360871
1077.61	0.0358443
1077.74	0.0371389
1077.87	0.0358443
1078.01	0.0364107
1078.14	0.0353588
1078.27	0.036168
1078.41	0.0369771
1078.54	0.036168
1078.68	0.0360061
1078.81	0.0367344
1078.94	0.0364107
1079.08	0.036168
1079.21	0.0359252
1079.34	0.0356825
1079.48	0.037058
1079.61	0.0357634
1079.74	0.0358443
1079.88	0.0371389
1080.01	0.0362489
1080.15	0.0359252
1080.28	0.0356825
1080.41	0.0368962
1080.55	0.0363298
1080.68	0.0354398
1080.81	0.0358443
1080.95	0.036168
1081.08	0.0350352
1081.22	0.037058
1081.35	0.0354398
1081.48	0.0356825
1081.62	0.0368962
1081.75	0.0364916
1081.88	0.0360061
1082.02	0.0358443
1082.15	0.0368962
1082.28	0.037058
1082.42	0.0364107
1082.55	0.0354398
1082.69	0.0364107
1082.82	0.0363298
1082.95	0.0372198
1083.09	0.0364916
1083.22	0.0356825
1083.35	0.0355207
1083.49	0.0357634
1083.62	0.0374626
1083.75	0.0364107
1083.89	0.0353588
1084.02	0.0363298
1084.16	0.0355207
1084.29	0.0347925
1084.42	0.0360061
1084.56	0.0360871
1084.69	0.0348734
1084.82	0.0350352
1084.96	0.0362489
1085.09	0.0366535
1085.23	0.0364916
1085.36	0.0372198
1085.49	0.0360871
1085.63	0.0363298
1085.76	0.0357634
1085.89	0.0356016
1086.03	0.0352779
1086.16	0.036168
1086.29	0.0365725
1086.43	0.0368153
1086.56	0.0350352
1086.7	0.0363298
1086.83	0.0353588
1086.96	0.0363298
1087.1	0.0368962
1087.23	0.0356825
1087.36	0.037058
1087.5	0.0360061
1087.63	0.0354398
1087.76	0.0363298
1087.9	0.0357634
1088.03	0.0362489
1088.17	0.0351161
1088.3	0.0359252
1088.43	0.0360871
1088.57	0.0357634
1088.7	0.0368153
1088.83	0.0367344
1088.97	0.0360871
1089.1	0.0366535
1089.24	0.0377862
1089.37	0.0360061
1089.5	0.0363298
1089.64	0.0367344
1089.77	0.0359252
1089.9	0.0356016
1090.04	0.0366535
1090.17	0.0364916
1090.3	0.0364107
1090.44	0.0362489
1090.57	0.0356825
1090.71	0.036168
1090.84	0.036168
1090.97	0.037058
1091.11	0.0356016
1091.24	0.0357634
1091.37	0.0356825
1091.51	0.0366535
1091.64	0.0349543
1091.77	0.0359252
1091.91	0.036168
1092.04	0.0367344
1092.18	0.0358443
1092.31	0.0369771
1092.44	0.0356825
1092.58	0.0364916
1092.71	0.0360061
1092.84	0.0362489
1092.98	0.0358443
1093.11	0.0359252
1093.24	0.0367344
1093.38	0.0360871
1093.51	0.0354398
1093.65	0.035197
1093.78	0.0364107
1093.91	0.0368153
1094.05	0.0353588
1094.18	0.0367344
1094.31	0.0366535
1094.45	0.0356016
1094.58	0.0362489
1094.71	0.0358443
1094.85	0.0354398
1094.98	0.0360061
1095.12	0.0355207
1095.25	0.0351161
1095.38	0.0363298
1095.52	0.0369771
1095.65	0.0363298
1095.78	0.0362489
1095.92	0.0359252
1096.05	0.0363298
1096.18	0.0360061
1096.32	0.0356825
1096.45	0.0377053
1096.59	0.0379481
1096.72	0.0354398
1096.85	0.0356825
1096.99	0.0356016
1097.12	0.0352779
1097.25	0.0363298
1097.39	0.0360061
1097.52	0.0364107
1097.65	0.0351161
1097.79	0.0348734
1097.92	0.0359252
1098.06	0.0356016
1098.19	0.0378671
1098.32	0.0371389
1098.46	0.0375435
1098.59	0.0372198
1098.72	0.0369771
1098.86	0.0356825
1098.99	0.0364107
1099.12	0.0365725
1099.26	0.0363298
1099.39	0.036168
1099.53	0.0360061
1099.66	0.0369771
1099.79	0.0350352
1099.93	0.0356016
1100.06	0.0356016
1100.19	0.0352779
1100.33	0.0356825
1100.46	0.0369771
1100.59	0.0368962
1100.73	0.0368153
1100.86	0.0347115
1100.99	0.0364107
1101.13	0.0363298
1101.26	0.0356016
1101.4	0.0359252
1101.53	0.037058
1101.66	0.0368153
1101.8	0.0353588
1101.93	0.0365725
1102.06	0.0369771
1102.2	0.036168
1102.33	0.0359252
1102.46	0.0368153
1102.6	0.0358443
1102.73	0.0363298
1102.87	0.0362489
1103	0.0368153
1103.13	0.0360871
1103.27	0.0350352
1103.4	0.0355207
1103.53	0.0353588
1103.67	0.0352779
1103.8	0.0360871
1103.93	0.0349543
1104.07	0.0363298
1104.2	0.0358443
1104.34	0.0365725
1104.47	0.0360871
1104.6	0.0362489
1104.74	0.0349543
1104.87	0.0357634
1105	0.0367344
1105.14	0.0371389
1105.27	0.0364916
1105.4	0.037058
1105.54	0.036168
1105.67	0.0357634
1105.8	0.0360871
1105.94	0.0356825
1106.07	0.0362489
1106.21	0.0364916
1106.34	0.0368153
1106.47	0.0349543
1106.61	0.036168
1106.74	0.0367344
1106.87	0.0373817
1107.01	0.0360871
1107.14	0.0354398
1107.27	0.0362489
1107.41	0.0378671
1107.54	0.0369771

