Source: Spectrum Viewer

Chart: Pulse Spectrum

Series: 
Wavelength (nm)	S (a.u.)
617.638	0.0293929
617.773	0.0288166
617.908	0.0290087
618.043	0.0284964
618.178	0.0290727
618.313	0.0296491
618.448	0.0292008
618.583	0.0281762
618.718	0.0283043
618.853	0.0285605
618.988	0.029521
619.123	0.0291368
619.258	0.0292649
619.394	0.0288166
619.529	0.0300333
619.664	0.0285605
619.799	0.0293289
619.934	0.0288806
620.069	0.0288806
620.204	0.0286885
620.339	0.0292649
620.474	0.0287526
620.609	0.0291368
620.744	0.0290727
620.879	0.0279201
621.014	0.0279201
621.149	0.0284324
621.284	0.0284964
621.419	0.0290087
621.554	0.029585
621.689	0.0292008
621.825	0.0288166
621.96	0.0300333
622.095	0.029457
622.23	0.0293289
622.365	0.027792
622.5	0.0286885
622.635	0.0286885
622.77	0.0288166
622.905	0.0284964
623.04	0.0285605
623.175	0.0284324
623.31	0.0290087
623.445	0.0287526
623.58	0.0286885
623.715	0.0299052
623.85	0.0290727
623.985	0.0288806
624.12	0.0286885
624.255	0.0288806
624.39	0.0286885
624.525	0.0292008
624.661	0.0286245
624.796	0.0283683
624.931	0.0288166
625.066	0.0291368
625.201	0.0290087
625.336	0.0280482
625.471	0.029585
625.606	0.0282403
625.741	0.029457
625.876	0.0286885
626.011	0.0290727
626.146	0.0300333
626.281	0.0290087
626.416	0.0283043
626.551	0.0288166
626.686	0.0292649
626.821	0.0287526
626.956	0.029521
627.091	0.0286245
627.226	0.0289447
627.361	0.0288806
627.496	0.0291368
627.631	0.0283683
627.766	0.0288166
627.901	0.0289447
628.036	0.0283043
628.171	0.0291368
628.307	0.0290087
628.442	0.0292649
628.577	0.0292649
628.712	0.0292649
628.847	0.0290087
628.982	0.0300333
629.117	0.0289447
629.252	0.029521
629.387	0.0286245
629.522	0.0293289
629.657	0.0289447
629.792	0.0291368
629.927	0.0290087
630.062	0.0288166
630.197	0.0291368
630.332	0.0297131
630.467	0.0288806
630.602	0.0290087
630.737	0.0289447
630.872	0.0286245
631.007	0.0288166
631.142	0.0287526
631.277	0.0284964
631.412	0.0291368
631.547	0.0286885
631.682	0.0288166
631.817	0.0286245
631.952	0.0291368
632.087	0.0288806
632.222	0.0288166
632.357	0.0290087
632.492	0.0290727
632.627	0.0281762
632.762	0.0276639
632.897	0.0293289
633.032	0.0291368
633.167	0.0292649
633.302	0.0293289
633.437	0.0281762
633.572	0.0292008
633.707	0.0283683
633.842	0.029457
633.978	0.0290727
634.113	0.0291368
634.248	0.0281762
634.383	0.0292008
634.518	0.0304816
634.653	0.0288166
634.788	0.0288806
634.923	0.0297131
635.058	0.0283683
635.193	0.0285605
635.328	0.0290727
635.463	0.0284324
635.598	0.0285605
635.733	0.0288806
635.868	0.0281762
636.003	0.0288806
636.138	0.0288806
636.273	0.0283043
636.408	0.0289447
636.543	0.0297131
636.678	0.0284324
636.813	0.0293929
636.948	0.0281762
637.083	0.0283043
637.218	0.029457
637.353	0.0293289
637.488	0.0293289
637.623	0.0288166
637.758	0.0293289
637.893	0.0290727
638.028	0.0284324
638.163	0.0291368
638.298	0.0297131
638.433	0.0289447
638.568	0.0284964
638.703	0.0286245
638.838	0.0290087
638.973	0.029585
639.108	0.0283043
639.243	0.0293289
639.378	0.0293929
639.513	0.0290727
639.648	0.0293929
639.783	0.0293929
639.918	0.0283683
640.053	0.029585
640.188	0.0276639
640.323	0.0293929
640.458	0.0292008
640.593	0.0289447
640.728	0.0288166
640.863	0.0290727
640.998	0.0286245
641.133	0.0285605
641.268	0.0286245
641.403	0.0297772
641.538	0.0288166
641.673	0.029457
641.808	0.0290727
641.943	0.0290087
642.078	0.0287526
642.213	0.0286245
642.348	0.0289447
642.483	0.0290727
642.618	0.0288806
642.753	0.0293289
642.888	0.0285605
643.023	0.029521
643.158	0.0283043
643.293	0.0280482
643.428	0.0298412
643.563	0.0289447
643.698	0.0286885
643.833	0.0292008
643.968	0.0286885
644.103	0.0288166
644.237	0.0287526
644.372	0.0288166
644.507	0.0298412
644.642	0.0290087
644.777	0.0288166
644.912	0.0281122
645.047	0.0292649
645.182	0.0285605
645.317	0.0291368
645.452	0.0293289
645.587	0.0290087
645.722	0.0299693
645.857	0.0292008
645.992	0.0287526
646.127	0.0292649
646.262	0.0283683
646.397	0.0288166
646.532	0.0285605
646.667	0.029521
646.802	0.0282403
646.937	0.0292649
647.072	0.0284964
647.207	0.0292008
647.342	0.0292008
647.477	0.0285605
647.612	0.0284964
647.747	0.029457
647.882	0.0287526
648.017	0.0287526
648.152	0.0286245
648.287	0.0287526
648.422	0.0290087
648.557	0.0293289
648.692	0.0282403
648.827	0.0282403
648.962	0.0283683
649.097	0.0283043
649.232	0.0292008
649.367	0.0276639
649.502	0.0281762
649.637	0.0289447
649.772	0.0302894
649.906	0.0287526
650.041	0.0285605
650.176	0.0300973
650.311	0.0280482
650.446	0.0287526
650.581	0.0284964
650.716	0.029585
650.851	0.0298412
650.986	0.0288806
651.121	0.0285605
651.256	0.0287526
651.391	0.0290727
651.526	0.0288806
651.661	0.0297131
651.796	0.0292008
651.931	0.0292008
652.066	0.0301614
652.201	0.0286245
652.336	0.0297772
652.471	0.0283043
652.606	0.0286885
652.741	0.0280482
652.876	0.0286245
653.011	0.0288806
653.146	0.0290727
653.281	0.0286885
653.415	0.029457
653.55	0.0293929
653.685	0.0281762
653.82	0.029521
653.955	0.0281762
654.09	0.0283043
654.225	0.0293929
654.36	0.0284964
654.495	0.0286885
654.63	0.0293929
654.765	0.0293929
654.9	0.0281122
655.035	0.0281762
655.17	0.0290727
655.305	0.029457
655.44	0.0286885
655.575	0.029457
655.71	0.0288806
655.845	0.0292008
655.98	0.0281122
656.115	0.0297131
656.25	0.0293289
656.384	0.0283683
656.519	0.0282403
656.654	0.0282403
656.789	0.0291368
656.924	0.0290727
657.059	0.0293289
657.194	0.0283683
657.329	0.0280482
657.464	0.0288806
657.599	0.0300333
657.734	0.0293289
657.869	0.0300973
658.004	0.0284964
658.139	0.0284324
658.274	0.0293289
658.409	0.0289447
658.544	0.0292008
658.679	0.0283683
658.813	0.0288806
658.948	0.0289447
659.083	0.0288166
659.218	0.0290727
659.353	0.0292008
659.488	0.0286885
659.623	0.0291368
659.758	0.0293929
659.893	0.0286885
660.028	0.0286245
660.163	0.0291368
660.298	0.0285605
660.433	0.0290087
660.568	0.0298412
660.703	0.0280482
660.838	0.0288806
660.972	0.0288806
661.107	0.0286885
661.242	0.029457
661.377	0.0291368
661.512	0.0297772
661.647	0.0292008
661.782	0.0289447
661.917	0.0297772
662.052	0.0287526
662.187	0.0286885
662.322	0.0281762
662.457	0.0288806
662.592	0.0289447
662.727	0.0288166
662.862	0.0288166
662.996	0.0285605
663.131	0.0293929
663.266	0.0287526
663.401	0.0299052
663.536	0.0288806
663.671	0.0286885
663.806	0.0286245
663.941	0.0293929
664.076	0.0282403
664.211	0.0288806
664.346	0.0290727
664.481	0.029585
664.616	0.0288166
664.75	0.0285605
664.885	0.0293289
665.02	0.0288806
665.155	0.0288166
665.29	0.0290087
665.425	0.0286245
665.56	0.0286245
665.695	0.0288166
665.83	0.0288166
665.965	0.0297772
666.1	0.0291368
666.235	0.0290087
666.37	0.0298412
666.504	0.0296491
666.639	0.0279841
666.774	0.0286885
666.909	0.0286885
667.044	0.0284324
667.179	0.0284964
667.314	0.0288806
667.449	0.0280482
667.584	0.0281762
667.719	0.029457
667.854	0.0288806
667.989	0.029521
668.123	0.0290087
668.258	0.0280482
668.393	0.0288806
668.528	0.0299052
668.663	0.0287526
668.798	0.0285605
668.933	0.0284964
669.068	0.0289447
669.203	0.0284964
669.338	0.0290087
669.473	0.0290087
669.607	0.029585
669.742	0.0286245
669.877	0.0283683
670.012	0.0288806
670.147	0.0284964
670.282	0.0288166
670.417	0.027856
670.552	0.027728
670.687	0.0290087
670.822	0.0296491
670.957	0.0286245
671.091	0.0283683
671.226	0.0293289
671.361	0.0288166
671.496	0.0286885
671.631	0.0290087
671.766	0.0289447
671.901	0.0297131
672.036	0.029457
672.171	0.0283043
672.306	0.0287526
672.44	0.0293289
672.575	0.0290727
672.71	0.029457
672.845	0.0286885
672.98	0.0281762
673.115	0.0284324
673.25	0.0285605
673.385	0.0286245
673.52	0.0290727
673.655	0.0283043
673.789	0.0290727
673.924	0.0287526
674.059	0.0293929
674.194	0.0288806
674.329	0.0286245
674.464	0.0280482
674.599	0.0289447
674.734	0.0288806
674.869	0.0299693
675.003	0.0284964
675.138	0.0301614
675.273	0.0290087
675.408	0.0293929
675.543	0.0290727
675.678	0.0284964
675.813	0.0287526
675.948	0.0288166
676.083	0.0291368
676.217	0.0286245
676.352	0.0286245
676.487	0.0288166
676.622	0.029585
676.757	0.0289447
676.892	0.0299052
677.027	0.0297131
677.162	0.0288806
677.297	0.0290727
677.431	0.0283683
677.566	0.0301614
677.701	0.0288806
677.836	0.0291368
677.971	0.0292008
678.106	0.0290727
678.241	0.0297131
678.376	0.0286245
678.511	0.0293289
678.645	0.0284964
678.78	0.0284324
678.915	0.0280482
679.05	0.0293929
679.185	0.0286885
679.32	0.0284324
679.455	0.0288166
679.59	0.0290087
679.724	0.0289447
679.859	0.0281762
679.994	0.027728
680.129	0.0290727
680.264	0.029521
680.399	0.0290087
680.534	0.0288166
680.669	0.0288166
680.803	0.0293289
680.938	0.0299052
681.073	0.0290087
681.208	0.0285605
681.343	0.0292649
681.478	0.0290727
681.613	0.0286885
681.748	0.0287526
681.882	0.0288166
682.017	0.0286885
682.152	0.0290087
682.287	0.0288806
682.422	0.029457
682.557	0.0286885
682.692	0.0275999
682.827	0.0296491
682.961	0.0288166
683.096	0.0284324
683.231	0.0283043
683.366	0.0288166
683.501	0.0296491
683.636	0.0297131
683.771	0.0286245
683.906	0.0291368
684.04	0.0288806
684.175	0.0283683
684.31	0.0284964
684.445	0.0293929
684.58	0.0284964
684.715	0.0282403
684.85	0.0293289
684.984	0.0287526
685.119	0.0290087
685.254	0.0293289
685.389	0.0299052
685.524	0.0288166
685.659	0.0281122
685.794	0.0279841
685.928	0.0293929
686.063	0.0283043
686.198	0.0290087
686.333	0.0293289
686.468	0.0282403
686.603	0.0293289
686.738	0.0299693
686.872	0.0296491
687.007	0.0274718
687.142	0.029457
687.277	0.0291368
687.412	0.0296491
687.547	0.0300973
687.682	0.027856
687.816	0.0300333
687.951	0.0289447
688.086	0.0284964
688.221	0.0293289
688.356	0.0296491
688.491	0.0286245
688.626	0.0298412
688.76	0.0291368
688.895	0.0288806
689.03	0.0290087
689.165	0.0288166
689.3	0.0284324
689.435	0.0292008
689.57	0.0290087
689.704	0.0285605
689.839	0.0290727
689.974	0.029457
690.109	0.0281762
690.244	0.0292008
690.379	0.0288166
690.513	0.0290087
690.648	0.0290727
690.783	0.0286245
690.918	0.0290087
691.053	0.0283683
691.188	0.0297131
691.323	0.0296491
691.457	0.0284964
691.592	0.0288166
691.727	0.029457
691.862	0.0289447
691.997	0.0293929
692.132	0.0290727
692.266	0.029521
692.401	0.0284964
692.536	0.029521
692.671	0.0286885
692.806	0.0296491
692.941	0.0288806
693.075	0.0292008
693.21	0.0290087
693.345	0.0288806
693.48	0.0299693
693.615	0.0296491
693.75	0.0290727
693.885	0.0283683
694.019	0.0292008
694.154	0.0290727
694.289	0.0291368
694.424	0.027728
694.559	0.0283043
694.694	0.0286245
694.828	0.0293929
694.963	0.0286885
695.098	0.0286245
695.233	0.0292649
695.368	0.0292649
695.503	0.0280482
695.637	0.029457
695.772	0.0289447
695.907	0.0280482
696.042	0.0296491
696.177	0.0290087
696.312	0.0293289
696.446	0.0287526
696.581	0.0289447
696.716	0.0290727
696.851	0.0286245
696.986	0.0283683
697.12	0.0297131
697.255	0.0288806
697.39	0.0286885
697.525	0.0291368
697.66	0.0288166
697.795	0.0285605
697.929	0.0284964
698.064	0.0297131
698.199	0.0284324
698.334	0.0292008
698.469	0.0284324
698.604	0.027792
698.738	0.0292649
698.873	0.0290087
699.008	0.0287526
699.143	0.0292649
699.278	0.0284964
699.412	0.0279841
699.547	0.029457
699.682	0.0291368
699.817	0.0284964
699.952	0.0290727
700.087	0.0289447
700.221	0.0297131
700.356	0.0286245
700.491	0.0290087
700.626	0.0288166
700.761	0.0290087
700.895	0.0290727
701.03	0.0284324
701.165	0.0296491
701.3	0.0301614
701.435	0.0284324
701.57	0.0287526
701.704	0.029521
701.839	0.0281122
701.974	0.0290727
702.109	0.0284964
702.244	0.0289447
702.378	0.0286245
702.513	0.0290727
702.648	0.0292649
702.783	0.0283043
702.918	0.0283683
703.052	0.0288806
703.187	0.0286245
703.322	0.0286245
703.457	0.0283683
703.592	0.0287526
703.727	0.0299052
703.861	0.0279841
703.996	0.0286245
704.131	0.0293929
704.266	0.0283683
704.401	0.0288166
704.535	0.0288166
704.67	0.0290727
704.805	0.0292649
704.94	0.0288806
705.075	0.029457
705.209	0.0285605
705.344	0.0286245
705.479	0.0288806
705.614	0.0293289
705.749	0.0279841
705.883	0.0293289
706.018	0.0283043
706.153	0.0290087
706.288	0.0286245
706.423	0.0300973
706.557	0.0289447
706.692	0.0283683
706.827	0.0280482
706.962	0.0291368
707.097	0.0290727
707.231	0.0292008
707.366	0.0288166
707.501	0.0275359
707.636	0.029457
707.771	0.0296491
707.905	0.0289447
708.04	0.0291368
708.175	0.0285605
708.31	0.0287526
708.445	0.0288166
708.579	0.0292649
708.714	0.0286245
708.849	0.029585
708.984	0.0280482
709.118	0.0288806
709.253	0.0293289
709.388	0.0291368
709.523	0.0292008
709.658	0.0292008
709.792	0.0292649
709.927	0.0288806
710.062	0.0284324
710.197	0.0281762
710.332	0.0290087
710.466	0.0293289
710.601	0.0293289
710.736	0.0283683
710.871	0.0290087
711.006	0.0286245
711.14	0.0302254
711.275	0.0286245
711.41	0.0281122
711.545	0.0292008
711.679	0.0288166
711.814	0.0288806
711.949	0.0292008
712.084	0.0288166
712.219	0.0293929
712.353	0.0289447
712.488	0.0291368
712.623	0.0290087
712.758	0.029521
712.892	0.0279201
713.027	0.0284964
713.162	0.0290087
713.297	0.0282403
713.432	0.0284964
713.566	0.0287526
713.701	0.0283683
713.836	0.0284964
713.971	0.0288806
714.105	0.0293289
714.24	0.029457
714.375	0.029521
714.51	0.0285605
714.645	0.0288166
714.779	0.029521
714.914	0.0289447
715.049	0.0281122
715.184	0.0296491
715.318	0.027728
715.453	0.0290087
715.588	0.0286245
715.723	0.0288806
715.858	0.0288806
715.992	0.0291368
716.127	0.0292649
716.262	0.0284324
716.397	0.0286245
716.531	0.0293289
716.666	0.0290727
716.801	0.0284964
716.936	0.0281122
717.07	0.0292649
717.205	0.0281122
717.34	0.0279201
717.475	0.0292649
717.61	0.0290727
717.744	0.0302254
717.879	0.0292008
718.014	0.0284964
718.149	0.0297772
718.283	0.0288166
718.418	0.0288806
718.553	0.0296491
718.688	0.0288166
718.822	0.0293289
718.957	0.0292008
719.092	0.0287526
719.227	0.0286245
719.361	0.0291368
719.496	0.0279841
719.631	0.0288806
719.766	0.0284324
719.9	0.0293289
720.035	0.0292649
720.17	0.0289447
720.305	0.029585
720.44	0.0297772
720.574	0.0288806
720.709	0.0282403
720.844	0.0292008
720.979	0.0289447
721.113	0.0296491
721.248	0.0291368
721.383	0.0289447
721.518	0.0292649
721.652	0.029585
721.787	0.0300973
721.922	0.0290727
722.057	0.0284964
722.191	0.0285605
722.326	0.0283683
722.461	0.0293289
722.596	0.0283043
722.73	0.0286885
722.865	0.0296491
723	0.0293929
723.135	0.0298412
723.269	0.0288806
723.404	0.0288806
723.539	0.0284964
723.674	0.0292008
723.808	0.0283683
723.943	0.0284324
724.078	0.029521
724.213	0.0292649
724.347	0.029457
724.482	0.0281762
724.617	0.0288806
724.752	0.0301614
724.886	0.0283683
725.021	0.0287526
725.156	0.027792
725.291	0.0283683
725.425	0.0292008
725.56	0.0280482
725.695	0.0287526
725.829	0.0282403
725.964	0.0284324
726.099	0.0292649
726.234	0.0282403
726.368	0.0290727
726.503	0.0287526
726.638	0.0288166
726.773	0.0289447
726.907	0.0291368
727.042	0.0290727
727.177	0.0290727
727.312	0.0284964
727.446	0.0299052
727.581	0.0293929
727.716	0.0286885
727.851	0.0302894
727.985	0.0299693
728.12	0.0284324
728.255	0.0293289
728.389	0.0290087
728.524	0.0283683
728.659	0.0293289
728.794	0.029585
728.928	0.0290087
729.063	0.0297772
729.198	0.0287526
729.333	0.0288806
729.467	0.0281762
729.602	0.0290087
729.737	0.0290727
729.872	0.0293289
730.006	0.0284324
730.141	0.0288806
730.276	0.0288806
730.41	0.0288806
730.545	0.0290727
730.68	0.0286885
730.815	0.0288806
730.949	0.0284324
731.084	0.0289447
731.219	0.0293289
731.354	0.0297131
731.488	0.0287526
731.623	0.0290087
731.758	0.0285605
731.892	0.0297131
732.027	0.0289447
732.162	0.0284964
732.297	0.0289447
732.431	0.029521
732.566	0.029457
732.701	0.0286885
732.835	0.0293289
732.97	0.0288806
733.105	0.0283683
733.24	0.0291368
733.374	0.0286885
733.509	0.029585
733.644	0.0279201
733.779	0.0282403
733.913	0.0287526
734.048	0.0293289
734.183	0.0286885
734.317	0.029457
734.452	0.0293289
734.587	0.0288166
734.722	0.0286245
734.856	0.0281122
734.991	0.0286885
735.126	0.0284324
735.26	0.0291368
735.395	0.0292649
735.53	0.0291368
735.665	0.0288806
735.799	0.0288806
735.934	0.0290727
736.069	0.0280482
736.203	0.0290727
736.338	0.0291368
736.473	0.0285605
736.607	0.029585
736.742	0.0284964
736.877	0.0292649
737.012	0.0290087
737.146	0.0285605
737.281	0.0281122
737.416	0.0288166
737.55	0.0283043
737.685	0.0302254
737.82	0.0283683
737.955	0.0279201
738.089	0.0282403
738.224	0.029585
738.359	0.0284964
738.493	0.0287526
738.628	0.0293929
738.763	0.0288166
738.897	0.0286885
739.032	0.0286885
739.167	0.0293929
739.302	0.0284964
739.436	0.0292649
739.571	0.0292649
739.706	0.0281122
739.84	0.027856
739.975	0.0279841
740.11	0.0280482
740.244	0.0286245
740.379	0.0283043
740.514	0.0288166
740.649	0.0284324
740.783	0.0288166
740.918	0.0289447
741.053	0.0286245
741.187	0.0288166
741.322	0.0272157
741.457	0.0293929
741.591	0.029457
741.726	0.0293289
741.861	0.0288806
741.996	0.0287526
742.13	0.029457
742.265	0.027856
742.4	0.0298412
742.534	0.0287526
742.669	0.0293289
742.804	0.0290087
742.938	0.029521
743.073	0.0288806
743.208	0.0287526
743.342	0.0300333
743.477	0.0286885
743.612	0.0290727
743.747	0.0284964
743.881	0.0296491
744.016	0.0291368
744.151	0.0288166
744.285	0.0282403
744.42	0.0280482
744.555	0.0285605
744.689	0.0285605
744.824	0.0286245
744.959	0.0288806
745.093	0.0287526
745.228	0.0284324
745.363	0.0292649
745.497	0.029457
745.632	0.0289447
745.767	0.0297131
745.901	0.0288166
746.036	0.0288166
746.171	0.0297131
746.305	0.0290087
746.44	0.0275999
746.575	0.0289447
746.71	0.0282403
746.844	0.0283043
746.979	0.0291368
747.114	0.0291368
747.248	0.0290727
747.383	0.0298412
747.518	0.0291368
747.652	0.0292008
747.787	0.0289447
747.922	0.0288806
748.056	0.0290727
748.191	0.0298412
748.326	0.0283043
748.46	0.0292649
748.595	0.0284964
748.73	0.0293289
748.864	0.0287526
748.999	0.0289447
749.134	0.029585
749.268	0.0292008
749.403	0.0290087
749.538	0.0288806
749.672	0.027856
749.807	0.0288166
749.942	0.0283683
750.076	0.0288806
750.211	0.0288166
750.346	0.0280482
750.48	0.0288806
750.615	0.0290087
750.75	0.0285605
750.884	0.0292649
751.019	0.0282403
751.154	0.0283683
751.288	0.0288166
751.423	0.0286245
751.558	0.0287526
751.692	0.0286885
751.827	0.0286245
751.962	0.029457
752.096	0.0293289
752.231	0.0284964
752.366	0.0286245
752.5	0.0290087
752.635	0.029585
752.77	0.0288806
752.904	0.0296491
753.039	0.029457
753.174	0.0286885
753.308	0.0288806
753.443	0.0299052
753.578	0.0299693
753.712	0.0292649
753.847	0.0292649
753.982	0.0293929
754.116	0.0290727
754.251	0.0292008
754.386	0.029585
754.52	0.0292008
754.655	0.0292008
754.79	0.0288806
754.924	0.0291368
755.059	0.0290087
755.194	0.0290087
755.328	0.0288166
755.463	0.029457
755.597	0.0282403
755.732	0.0286885
755.867	0.0284964
756.001	0.029457
756.136	0.0293929
756.271	0.0291368
756.405	0.0286885
756.54	0.0292649
756.675	0.0279201
756.809	0.0283043
756.944	0.0287526
757.079	0.0288806
757.213	0.0289447
757.348	0.0285605
757.483	0.0293929
757.617	0.0288166
757.752	0.0283683
757.887	0.0288166
758.021	0.0284324
758.156	0.0288806
758.29	0.0292649
758.425	0.0288166
758.56	0.0279201
758.694	0.029457
758.829	0.0285605
758.964	0.0286885
759.098	0.0281762
759.233	0.029457
759.368	0.0291368
759.502	0.0299052
759.637	0.0287526
759.772	0.0292008
759.906	0.0289447
760.041	0.0290087
760.175	0.0288166
760.31	0.0291368
760.445	0.0290727
760.579	0.0290727
760.714	0.0291368
760.849	0.0293289
760.983	0.0298412
761.118	0.0285605
761.253	0.0292008
761.387	0.0290727
761.522	0.0293929
761.656	0.0288806
761.791	0.0286885
761.926	0.0286245
762.06	0.0285605
762.195	0.0297131
762.33	0.0286885
762.464	0.0290087
762.599	0.0287526
762.733	0.0286885
762.868	0.0286245
763.003	0.0291368
763.137	0.029521
763.272	0.029585
763.407	0.029521
763.541	0.0283683
763.676	0.0290727
763.811	0.0283043
763.945	0.0286245
764.08	0.0293289
764.214	0.0284964
764.349	0.0288806
764.484	0.027856
764.618	0.0282403
764.753	0.0285605
764.888	0.0283043
765.022	0.0286245
765.157	0.0299052
765.291	0.0290087
765.426	0.0284324
765.561	0.0287526
765.695	0.029457
765.83	0.0296491
765.965	0.0286245
766.099	0.0293929
766.234	0.0286885
766.368	0.0284324
766.503	0.0290087
766.638	0.0288166
766.772	0.0284324
766.907	0.027856
767.041	0.0293289
767.176	0.0293929
767.311	0.0288806
767.445	0.0287526
767.58	0.0298412
767.715	0.0284324
767.849	0.0283043
767.984	0.0279841
768.118	0.0289447
768.253	0.0285605
768.388	0.0291368
768.522	0.029521
768.657	0.0280482
768.791	0.0284324
768.926	0.0290087
769.061	0.0285605
769.195	0.0291368
769.33	0.0291368
769.465	0.0290727
769.599	0.0281122
769.734	0.0286245
769.868	0.0291368
770.003	0.0290727
770.138	0.0290087
770.272	0.0287526
770.407	0.0292008
770.541	0.029457
770.676	0.0287526
770.811	0.029585
770.945	0.0286245
771.08	0.029457
771.214	0.0288166
771.349	0.0288806
771.484	0.0293929
771.618	0.0290727
771.753	0.0286885
771.887	0.027856
772.022	0.0286245
772.157	0.0292649
772.291	0.0290727
772.426	0.0291368
772.56	0.029521
772.695	0.027792
772.83	0.0281762
772.964	0.0284324
773.099	0.0281122
773.233	0.0281762
773.368	0.0285605
773.503	0.0288166
773.637	0.029457
773.772	0.0291368
773.906	0.0287526
774.041	0.029457
774.176	0.0290087
774.31	0.029585
774.445	0.0299052
774.579	0.0280482
774.714	0.0287526
774.849	0.0292649
774.983	0.0288166
775.118	0.0282403
775.252	0.0284964
775.387	0.0281762
775.522	0.0288166
775.656	0.0299693
775.791	0.0283683
775.925	0.0293929
776.06	0.0288806
776.195	0.0284964
776.329	0.0288806
776.464	0.0297772
776.598	0.0288806
776.733	0.0293289
776.868	0.0275999
777.002	0.0281122
777.137	0.029521
777.271	0.0289447
777.406	0.0287526
777.54	0.0289447
777.675	0.0292008
777.81	0.0283043
777.944	0.0289447
778.079	0.0290087
778.213	0.0290727
778.348	0.0290727
778.483	0.0289447
778.617	0.0293929
778.752	0.0281122
778.886	0.0283683
779.021	0.0290727
779.155	0.0286885
779.29	0.0274718
779.425	0.0286885
779.559	0.0281122
779.694	0.0288806
779.828	0.0290087
779.963	0.0284964
780.098	0.0281762
780.232	0.0273438
780.367	0.0285605
780.501	0.0292008
780.636	0.0290087
780.77	0.0288166
780.905	0.0290727
781.04	0.0288166
781.174	0.0279841
781.309	0.027728
781.443	0.0287526
781.578	0.0297772
781.712	0.0290727
781.847	0.0296491
781.982	0.0290727
782.116	0.0285605
782.251	0.0286245
782.385	0.0292008
782.52	0.0290087
782.654	0.0287526
782.789	0.0292649
782.924	0.0282403
783.058	0.0290727
783.193	0.0286245
783.327	0.0288806
783.462	0.0299052
783.596	0.0290087
783.731	0.0297772
783.866	0.0293929
784	0.0288166
784.135	0.0283043
784.269	0.0284964
784.404	0.0283683
784.538	0.0290727
784.673	0.029521
784.808	0.029585
784.942	0.029457
785.077	0.0290727
785.211	0.0285605
785.346	0.0290087
785.48	0.0287526
785.615	0.0282403
785.75	0.0290727
785.884	0.0290727
786.019	0.0291368
786.153	0.0290087
786.288	0.0297131
786.422	0.0290727
786.557	0.0284964
786.691	0.029521
786.826	0.0286885
786.961	0.0290727
787.095	0.0291368
787.23	0.0290727
787.364	0.0285605
787.499	0.029521
787.633	0.0287526
787.768	0.0292008
787.902	0.0287526
788.037	0.0286885
788.172	0.0281122
788.306	0.029521
788.441	0.0281762
788.575	0.0296491
788.71	0.0286245
788.844	0.0290087
788.979	0.0289447
789.113	0.0289447
789.248	0.0300333
789.383	0.0288806
789.517	0.0290727
789.652	0.029457
789.786	0.0287526
789.921	0.0286885
790.055	0.0292649
790.19	0.0288166
790.324	0.0287526
790.459	0.0297772
790.594	0.0279201
790.728	0.0287526
790.863	0.0286885
790.997	0.0297131
791.132	0.0284324
791.266	0.0300333
791.401	0.029521
791.535	0.0293289
791.67	0.0276639
791.804	0.0292008
791.939	0.0279201
792.074	0.0286885
792.208	0.0289447
792.343	0.0292649
792.477	0.0296491
792.612	0.0288806
792.746	0.0291368
792.881	0.0288166
793.015	0.0285605
793.15	0.0290727
793.284	0.0286885
793.419	0.0291368
793.553	0.0297131
793.688	0.0279841
793.823	0.0298412
793.957	0.0290727
794.092	0.0291368
794.226	0.0285605
794.361	0.0286245
794.495	0.0298412
794.63	0.0296491
794.764	0.0292008
794.899	0.0291368
795.033	0.029457
795.168	0.0309939
795.302	0.0292649
795.437	0.0286245
795.572	0.0293929
795.706	0.0288166
795.841	0.0284324
795.975	0.0293289
796.11	0.029457
796.244	0.0291368
796.379	0.0285605
796.513	0.0297772
796.648	0.0290087
796.782	0.0297131
796.917	0.029585
797.051	0.0292008
797.186	0.029521
797.32	0.0300333
797.455	0.0292649
797.589	0.0285605
797.724	0.0299052
797.859	0.0292008
797.993	0.0291368
798.128	0.0291368
798.262	0.0297772
798.397	0.0292649
798.531	0.0288166
798.666	0.029457
798.8	0.029585
798.935	0.029457
799.069	0.0299052
799.204	0.0292008
799.338	0.0291368
799.473	0.029521
799.607	0.0298412
799.742	0.0296491
799.876	0.029457
800.011	0.0285605
800.145	0.0289447
800.28	0.0291368
800.414	0.0288806
800.549	0.0290087
800.683	0.0293929
800.818	0.0290727
800.953	0.029457
801.087	0.0303535
801.222	0.0289447
801.356	0.0287526
801.491	0.0288806
801.625	0.0296491
801.76	0.0291368
801.894	0.0304816
802.029	0.0290087
802.163	0.0302894
802.298	0.0292649
802.432	0.0288806
802.567	0.0297772
802.701	0.0299693
802.836	0.0292649
802.97	0.0290727
803.105	0.0299052
803.239	0.029521
803.374	0.0299693
803.508	0.0293929
803.643	0.0299052
803.777	0.0300973
803.912	0.0301614
804.046	0.0302894
804.181	0.0302254
804.315	0.0304175
804.45	0.0290087
804.584	0.03125
804.719	0.0302894
804.853	0.0306096
804.988	0.0302894
805.122	0.0307377
805.257	0.0302254
805.391	0.0293929
805.526	0.029585
805.66	0.0302254
805.795	0.0316342
805.929	0.031186
806.064	0.0305456
806.198	0.0318263
806.333	0.031186
806.467	0.0317623
806.602	0.0314421
806.736	0.0325948
806.871	0.0322106
807.005	0.0334913
807.14	0.0340676
807.274	0.0343238
807.409	0.0341317
807.543	0.0351562
807.678	0.0350922
807.812	0.0370133
807.947	0.0374616
808.081	0.0378458
808.216	0.0386142
808.35	0.0414959
808.485	0.04521
808.619	0.0558402
808.754	0.0958632
808.888	0.146644
809.023	0.146773
809.157	0.116355
809.292	0.143763
809.426	0.240843
809.561	0.435643
809.695	0.644019
809.83	0.803535
809.964	0.965804
810.099	1
810.233	0.789639
810.368	0.693968
810.502	0.742188
810.637	0.691662
810.771	0.704342
810.906	0.818968
811.04	0.594262
811.175	0.392546
811.309	0.333632
811.444	0.289703
811.578	0.118276
811.713	0.0552638
811.847	0.0400231
811.982	0.0366931
812.116	0.034644
812.251	0.0349641
812.385	0.0344518
812.519	0.0333632
812.654	0.0336834
812.788	0.0332992
812.923	0.0317623
813.057	0.0327869
813.192	0.0315061
813.326	0.0316342
813.461	0.03125
813.595	0.031314
813.73	0.03125
813.864	0.0309298
813.999	0.0306096
814.133	0.0315061
814.268	0.0308017
814.402	0.0304175
814.537	0.031186
814.671	0.0306737
814.806	0.0301614
814.94	0.0308017
815.075	0.0299052
815.209	0.0302254
815.344	0.0296491
815.478	0.0302894
815.612	0.0298412
815.747	0.0297772
815.881	0.0286885
816.016	0.0291368
816.15	0.0301614
816.285	0.0304175
816.419	0.0299052
816.554	0.0286885
816.688	0.029521
816.823	0.029521
816.957	0.0302254
817.092	0.0291368
817.226	0.029521
817.361	0.0289447
817.495	0.0292008
817.63	0.0297772
817.764	0.0293929
817.898	0.0282403
818.033	0.0297131
818.167	0.0302254
818.302	0.0296491
818.436	0.0286885
818.571	0.0300973
818.705	0.0299052
818.84	0.0298412
818.974	0.029457
819.109	0.029457
819.243	0.0290087
819.378	0.029521
819.512	0.0287526
819.646	0.0297772
819.781	0.0297772
819.915	0.0286245
820.05	0.0292008
820.184	0.0296491
820.319	0.0283683
820.453	0.029585
820.588	0.0287526
820.722	0.0290087
820.857	0.0286885
820.991	0.0288166
821.126	0.0286245
821.26	0.0283043
821.394	0.0298412
821.529	0.0288806
821.663	0.0297772
821.798	0.0293929
821.932	0.0286245
822.067	0.0288166
822.201	0.0296491
822.336	0.0290087
822.47	0.0297772
822.605	0.0288166
822.739	0.0292649
822.873	0.0290727
823.008	0.0291368
823.142	0.0290087
823.277	0.0287526
823.411	0.0284964
823.546	0.0296491
823.68	0.0283683
823.815	0.0292649
823.949	0.0288806
824.083	0.0291368
824.218	0.0288166
824.352	0.0292008
824.487	0.0282403
824.621	0.0281122
824.756	0.0283683
824.89	0.0288166
825.025	0.0282403
825.159	0.029521
825.293	0.0287526
825.428	0.0283683
825.562	0.0287526
825.697	0.0286885
825.831	0.0286245
825.966	0.0292649
826.1	0.0281762
826.235	0.0293289
826.369	0.029457
826.503	0.029457
826.638	0.0290727
826.772	0.0287526
826.907	0.0291368
827.041	0.0288166
827.176	0.029457
827.31	0.0304175
827.445	0.0281122
827.579	0.0283043
827.713	0.0283043
827.848	0.0284964
827.982	0.0292649
828.117	0.0290087
828.251	0.0283043
828.386	0.0285605
828.52	0.0293929
828.654	0.0292649
828.789	0.0282403
828.923	0.0286885
829.058	0.0290087
829.192	0.0283043
829.327	0.0287526
829.461	0.029457
829.596	0.0291368
829.73	0.0286245
829.864	0.027792
829.999	0.0283043
830.133	0.0289447
830.268	0.0293929
830.402	0.0282403
830.537	0.0289447
830.671	0.0285605
830.805	0.0290087
830.94	0.0285605
831.074	0.027792
831.209	0.0288166
831.343	0.0292008
831.478	0.0284324
831.612	0.0290087
831.746	0.0292649
831.881	0.0292649
832.015	0.0290727
832.15	0.0290087
832.284	0.0284964
832.418	0.0284964
832.553	0.0290727
832.687	0.0291368
832.822	0.0292008
832.956	0.0279201
833.091	0.0291368
833.225	0.0290727
833.359	0.0289447
833.494	0.0285605
833.628	0.029521
833.763	0.0287526
833.897	0.029585
834.032	0.027792
834.166	0.0282403
834.3	0.0296491
834.435	0.0286245
834.569	0.0291368
834.704	0.0283683
834.838	0.0283043
834.972	0.0270876
835.107	0.0289447
835.241	0.0296491
835.376	0.0297131
835.51	0.0292008
835.645	0.0290087
835.779	0.0283683
835.913	0.0286885
836.048	0.0283683
836.182	0.0292008
836.317	0.0287526
836.451	0.0286885
836.585	0.0292649
836.72	0.0297772
836.854	0.0288806
836.989	0.0293929
837.123	0.0285605
837.257	0.0284964
837.392	0.0288806
837.526	0.029457
837.661	0.0291368
837.795	0.0281762
837.929	0.0290087
838.064	0.0286245
838.198	0.0287526
838.333	0.027856
838.467	0.0297131
838.602	0.0297131
838.736	0.0287526
838.87	0.0290087
839.005	0.0288166
839.139	0.0281762
839.274	0.0297131
839.408	0.0292008
839.542	0.0288166
839.677	0.0285605
839.811	0.0291368
839.946	0.0283683
840.08	0.0293929
840.214	0.0283043
840.349	0.0281762
840.483	0.0293929
840.618	0.0287526
840.752	0.0288166
840.886	0.0289447
841.021	0.0290087
841.155	0.0287526
841.29	0.0292008
841.424	0.0293289
841.558	0.0291368
841.693	0.0286245
841.827	0.0282403
841.961	0.0290087
842.096	0.0290727
842.23	0.0290087
842.365	0.029521
842.499	0.0290087
842.633	0.0284964
842.768	0.027728
842.902	0.0293289
843.037	0.0292008
843.171	0.0291368
843.305	0.0292649
843.44	0.029457
843.574	0.029521
843.709	0.0291368
843.843	0.0279201
843.977	0.0280482
844.112	0.0290087
844.246	0.0288806
844.381	0.0285605
844.515	0.0282403
844.649	0.0288806
844.784	0.0293289
844.918	0.0293289
845.052	0.0290727
845.187	0.0285605
845.321	0.0283043
845.456	0.0299052
845.59	0.0290727
845.724	0.0280482
845.859	0.029521
845.993	0.0280482
846.128	0.0283683
846.262	0.0288806
846.396	0.0293929
846.531	0.0293929
846.665	0.0284964
846.799	0.0292649
846.934	0.0292008
847.068	0.0293289
847.203	0.0292649
847.337	0.0292008
847.471	0.0297131
847.606	0.0297131
847.74	0.0289447
847.874	0.0282403
848.009	0.0288806
848.143	0.0287526
848.278	0.0291368
848.412	0.0284964
848.546	0.029457
848.681	0.0279841
848.815	0.0285605
848.949	0.027728
849.084	0.0291368
849.218	0.0287526
849.353	0.0300333
849.487	0.029521
849.621	0.0286885
849.756	0.0288166
849.89	0.0290727
850.024	0.0276639
850.159	0.0291368
850.293	0.0289447
850.428	0.0290087
850.562	0.0283683
850.696	0.029585
850.831	0.0290727
850.965	0.0293929
851.099	0.0292649
851.234	0.0281122
851.368	0.0290087
851.502	0.0293929
851.637	0.0286245
851.771	0.0283683
851.906	0.0296491
852.04	0.0297131
852.174	0.0281122
852.309	0.0286245
852.443	0.0289447
852.577	0.0284964
852.712	0.0290087
852.846	0.0281762
852.98	0.0292008
853.115	0.0283683
853.249	0.0291368
853.384	0.0287526
853.518	0.0301614
853.652	0.0293289
853.787	0.0285605
853.921	0.0296491
854.055	0.0286245
854.19	0.0288806
854.324	0.0290087
854.458	0.0283043
854.593	0.0283683
854.727	0.0292649
854.861	0.0298412
854.996	0.0288806
855.13	0.0286245
855.265	0.0283683
855.399	0.0290727
855.533	0.0281762
855.668	0.0290727
855.802	0.0301614
855.936	0.0293929
856.071	0.0291368
856.205	0.0286885
856.339	0.0282403
856.474	0.0293289
856.608	0.0296491
856.742	0.0290087
856.877	0.0286885
857.011	0.0292008
857.145	0.0292649
857.28	0.0292649
857.414	0.0286245
857.549	0.0304175
857.683	0.0297772
857.817	0.0289447
857.952	0.0290727
858.086	0.0286885
858.22	0.0297131
858.355	0.0292008
858.489	0.0280482
858.623	0.0282403
858.758	0.0292008
858.892	0.0290727
859.026	0.0288166
859.161	0.0292649
859.295	0.0290087
859.429	0.0293929
859.564	0.0286245
859.698	0.0286245
859.832	0.0291368
859.967	0.0288806
860.101	0.0281762
860.235	0.0284324
860.37	0.0287526
860.504	0.0293929
860.638	0.0288166
860.773	0.0282403
860.907	0.0291368
861.041	0.0284324
861.176	0.0288166
861.31	0.0285605
861.444	0.0292649
861.579	0.0290727
861.713	0.0297131
861.847	0.0289447
861.982	0.0287526
862.116	0.029521
862.25	0.0290727
862.385	0.029457
862.519	0.0289447
862.653	0.0293929
862.788	0.0288806
862.922	0.0286245
863.056	0.0289447
863.191	0.029457
863.325	0.0301614
863.459	0.0289447
863.594	0.0288166
863.728	0.0283683
863.862	0.0279201
863.997	0.029585
864.131	0.0290087
864.265	0.0286885
864.4	0.0296491
864.534	0.029457
864.668	0.0291368
864.803	0.0286245
864.937	0.029521
865.071	0.0284324
865.206	0.0290727
865.34	0.0288806
865.474	0.0293289
865.609	0.0283683
865.743	0.0292649
865.877	0.0293929
866.012	0.0293929
866.146	0.0284964
866.28	0.0292008
866.415	0.0288166
866.549	0.0283683
866.683	0.0283043
866.818	0.0289447
866.952	0.0286885
867.086	0.0291368
867.221	0.0292649
867.355	0.0292008
867.489	0.0290727
867.623	0.0286885
867.758	0.0290087
867.892	0.0292649
868.026	0.0283043
868.161	0.0287526
868.295	0.0290727
868.429	0.029457
868.564	0.0291368
868.698	0.0287526
868.832	0.0288806
868.967	0.0281122
869.101	0.0287526
869.235	0.0292649
869.37	0.0292649
869.504	0.0286245
869.638	0.0286885
869.773	0.0298412
869.907	0.0286245
870.041	0.0293929
870.175	0.0286245
870.31	0.0286245
870.444	0.0287526
870.578	0.029585
870.713	0.0282403
870.847	0.0289447
870.981	0.0293929
871.116	0.0287526
871.25	0.0288166
871.384	0.0286885
871.519	0.0289447
871.653	0.029521
871.787	0.0289447
871.921	0.0288166
872.056	0.029457
872.19	0.0291368
872.324	0.0292008
872.459	0.0281762
872.593	0.0297131
872.727	0.0286245
872.862	0.0282403
872.996	0.0282403
873.13	0.0300973
873.264	0.0288166
873.399	0.0288166
873.533	0.0289447
873.667	0.0288806
873.802	0.0297131
873.936	0.0290087
874.07	0.0291368
874.205	0.0284964
874.339	0.0290727
874.473	0.0293929
874.607	0.0292008
874.742	0.0286885
874.876	0.0289447
875.01	0.029521
875.145	0.0292008
875.279	0.0293929
875.413	0.0291368
875.548	0.0290087
875.682	0.0292649
875.816	0.0290727
875.95	0.0287526
876.085	0.0288166
876.219	0.0293929
876.353	0.0290087
876.488	0.0287526
876.622	0.0287526
876.756	0.0286885
876.89	0.0296491
877.025	0.0286885
877.159	0.0297772
877.293	0.0292649
877.428	0.0292008
877.562	0.0280482
877.696	0.0284964
877.83	0.0281122
877.965	0.0288166
878.099	0.0288806
878.233	0.0296491
878.368	0.0290087
878.502	0.0292649
878.636	0.0290087
878.77	0.0274718
878.905	0.0292008
879.039	0.0292649
879.173	0.0293289
879.308	0.0288166
879.442	0.0290087
879.576	0.0290087
879.71	0.0281122
879.845	0.0283043
879.979	0.029457
880.113	0.0292649
880.248	0.0297772
880.382	0.0281762
880.516	0.0287526
880.65	0.0290087
880.785	0.0290727
880.919	0.0287526
881.053	0.0285605
881.188	0.0281762
881.322	0.0300333
881.456	0.0290087
881.59	0.0286245
881.725	0.0290727
881.859	0.0286245
881.993	0.029585
882.127	0.0304175
882.262	0.0286885
882.396	0.0291368
882.53	0.0284964
882.665	0.0292649
882.799	0.0292649
882.933	0.0290087
883.067	0.0290727
883.202	0.0293929
883.336	0.0292649
883.47	0.0293929
883.604	0.0296491
883.739	0.0290727
883.873	0.0281762
884.007	0.0286245
884.142	0.0290727
884.276	0.029457
884.41	0.0297131
884.544	0.0291368
884.679	0.029521
884.813	0.0287526
884.947	0.0285605
885.081	0.0288166
885.216	0.0284324
885.35	0.0280482
885.484	0.0284964
885.618	0.0286245
885.753	0.0284324
885.887	0.0288806
886.021	0.0283683
886.155	0.0286245
886.29	0.0285605
886.424	0.0286885
886.558	0.0296491
886.693	0.0297131
886.827	0.0293929
886.961	0.0282403
887.095	0.0291368
887.23	0.0297131
887.364	0.029585
887.498	0.0291368
887.632	0.0281762
887.767	0.0287526
887.901	0.0286885
888.035	0.0288166
888.169	0.0292649
888.304	0.0291368
888.438	0.029521
888.572	0.0290087
888.706	0.0287526
888.841	0.0283683
888.975	0.0284324
889.109	0.0287526
889.243	0.029457
889.378	0.0290727
889.512	0.0290087
889.646	0.0292008
889.78	0.0291368
889.915	0.0288806
890.049	0.0290087
890.183	0.0289447
890.317	0.0297772
890.452	0.0282403
890.586	0.0287526
890.72	0.0290727
890.854	0.0297131
890.989	0.0292649
891.123	0.0290087
891.257	0.0286245
891.391	0.029457
891.526	0.0293929
891.66	0.0283043
891.794	0.0292008
891.928	0.0286885
892.063	0.0289447
892.197	0.0288806
892.331	0.0290087
892.465	0.0293929
892.6	0.0283683
892.734	0.0283683
892.868	0.029457
893.002	0.029521
893.137	0.0288166
893.271	0.0286245
893.405	0.0293289
893.539	0.0292008
893.674	0.029521
893.808	0.029457
893.942	0.0287526
894.076	0.0293289
894.21	0.0290087
894.345	0.0283043
894.479	0.0300333
894.613	0.0286245
894.747	0.0288806
894.882	0.0293289
895.016	0.0280482
895.15	0.0290727
895.284	0.029585
895.419	0.0282403
895.553	0.029521
895.687	0.0288806
895.821	0.0286245
895.956	0.0284964
896.09	0.0290087
896.224	0.0290087
896.358	0.0292008
896.492	0.0288806
896.627	0.029457
896.761	0.0293289
896.895	0.0290727
897.029	0.0288806
897.164	0.0284964
897.298	0.0279841
897.432	0.0281122
897.566	0.0293929
897.701	0.0290727
897.835	0.029521
897.969	0.0293929
898.103	0.0284324
898.237	0.0289447
898.372	0.0290727
898.506	0.0290087
898.64	0.0284964
898.774	0.0292008
898.909	0.0284324
899.043	0.0287526
899.177	0.0286885
899.311	0.0287526
899.445	0.0285605
899.58	0.0301614
899.714	0.0275359
899.848	0.0299693
899.982	0.0281762
900.117	0.0292649
900.251	0.0299052
900.385	0.0288166
900.519	0.027792
900.653	0.029585
900.788	0.0287526
900.922	0.0296491
901.056	0.0280482
901.19	0.0289447
901.325	0.0292008
901.459	0.0283043
901.593	0.029585
901.727	0.0287526
901.861	0.0286245
901.996	0.0287526
902.13	0.029457
902.264	0.0281122
902.398	0.0292008
902.532	0.0288806
902.667	0.0289447
902.801	0.0292649
902.935	0.0284324
903.069	0.0286245
903.204	0.0293929
903.338	0.0279841
903.472	0.0297772
903.606	0.0291368
903.74	0.0285605
903.875	0.0288166
904.009	0.0293289
904.143	0.0288166
904.277	0.0288166
904.411	0.0289447
904.546	0.0290727
904.68	0.029457
904.814	0.0281762
904.948	0.0286885
905.082	0.0283683
905.217	0.0299052
905.351	0.029585
905.485	0.0284324
905.619	0.0289447
905.753	0.0288806
905.888	0.0283043
906.022	0.0290087
906.156	0.0285605
906.29	0.0286885
906.424	0.0285605
906.559	0.0289447
906.693	0.0293289
906.827	0.0286885
906.961	0.0293929
907.095	0.0299052
907.23	0.0293929
907.364	0.0291368
907.498	0.0286885
907.632	0.0285605
907.766	0.0275999
907.901	0.0293929
908.035	0.029521
908.169	0.0280482
908.303	0.0289447
908.437	0.0290727
908.572	0.0288166
908.706	0.0284324
908.84	0.0284964
908.974	0.0292649
909.108	0.0284964
909.243	0.0285605
909.377	0.0307377
909.511	0.0296491
909.645	0.0292649
909.779	0.0284964
909.914	0.0289447
910.048	0.0292649
910.182	0.0296491
910.316	0.0296491
910.45	0.029585
910.585	0.0290727
910.719	0.0286245
910.853	0.0293929
910.987	0.0282403
911.121	0.0286245
911.255	0.0283043
911.39	0.0288806
911.524	0.029521
911.658	0.0290087
911.792	0.0288166
911.926	0.0286245
912.061	0.0290087
912.195	0.0290087
912.329	0.0284964
912.463	0.0286245
912.597	0.0291368
912.732	0.0293289
912.866	0.0300973
913	0.0293929
913.134	0.0286245
913.268	0.0291368
913.402	0.0293289
913.537	0.029521
913.671	0.0283683
913.805	0.0291368
913.939	0.0284324
914.073	0.0282403
914.208	0.0290727
914.342	0.0291368
914.476	0.0293289
914.61	0.0284324
914.744	0.0284964
914.878	0.0289447
915.013	0.0288806
915.147	0.0293289
915.281	0.0288166
915.415	0.029521
915.549	0.0293929
915.683	0.0286885
915.818	0.0292649
915.952	0.0293289
916.086	0.0288166
916.22	0.0280482
916.354	0.0287526
916.488	0.0288166
916.623	0.0279841
916.757	0.0287526
916.891	0.0289447
917.025	0.0288166
917.159	0.0290727
917.293	0.0292649
917.428	0.0292649
917.562	0.0299052
917.696	0.0293289
917.83	0.0286885
917.964	0.0285605
918.098	0.0286885
918.233	0.0293929
918.367	0.0290727
918.501	0.0287526
918.635	0.0288806
918.769	0.0285605
918.903	0.0286885
919.038	0.0286245
919.172	0.0279841
919.306	0.029521
919.44	0.0282403
919.574	0.0281122
919.708	0.0284324
919.843	0.0296491
919.977	0.0286885
920.111	0.0289447
920.245	0.0291368
920.379	0.0284324
920.513	0.0304175
920.648	0.0287526
920.782	0.0293929
920.916	0.0291368
921.05	0.0288806
921.184	0.0290087
921.318	0.0283683
921.453	0.0290087
921.587	0.029585
921.721	0.0286245
921.855	0.0292008
921.989	0.029521
922.123	0.0288166
922.257	0.0299693
922.392	0.0299052
922.526	0.0288166
922.66	0.0291368
922.794	0.0290087
922.928	0.0292649
923.062	0.0281122
923.197	0.0286885
923.331	0.0287526
923.465	0.0286245
923.599	0.0284964
923.733	0.0286885
923.867	0.0286245
924.001	0.029521
924.136	0.0286885
924.27	0.0283043
924.404	0.0287526
924.538	0.0290727
924.672	0.0285605
924.806	0.029521
924.94	0.0272157
925.075	0.0284324
925.209	0.0274078
925.343	0.0288166
925.477	0.0292008
925.611	0.0283683
925.745	0.0287526
925.879	0.0284964
926.014	0.0290727
926.148	0.0299052
926.282	0.0282403
926.416	0.0291368
926.55	0.0288166
926.684	0.0296491
926.818	0.0289447
926.953	0.0281762
927.087	0.0283043
927.221	0.029457
927.355	0.0279841
927.489	0.029585
927.623	0.0290087
927.757	0.0296491
927.892	0.0286885
928.026	0.0291368
928.16	0.0293929
928.294	0.029521
928.428	0.0283683
928.562	0.0286245
928.696	0.0296491
928.831	0.0292008
928.965	0.0283043
929.099	0.0283043
929.233	0.029457
929.367	0.0289447
929.501	0.0289447
929.635	0.0290727
929.769	0.0290727
929.904	0.0281762
930.038	0.0286245
930.172	0.0292008
930.306	0.0287526
930.44	0.0292008
930.574	0.0284964
930.708	0.0280482
930.843	0.029457
930.977	0.0293929
931.111	0.0286885
931.245	0.0293929
931.379	0.0290087
931.513	0.0299052
931.647	0.0287526
931.781	0.0287526
931.916	0.029457
932.05	0.0289447
932.184	0.0282403
932.318	0.0292649
932.452	0.0299693
932.586	0.0289447
932.72	0.0284964
932.854	0.0293929
932.989	0.0286885
933.123	0.0287526
933.257	0.0286245
933.391	0.0292008
933.525	0.0290727
933.659	0.0292649
933.793	0.0281762
933.927	0.0287526
934.061	0.0279841
934.196	0.027792
934.33	0.0298412
934.464	0.0284964
934.598	0.0288806
934.732	0.0286245
934.866	0.0293929
935	0.0288806
935.134	0.0283683
935.269	0.0288166
935.403	0.0283043
935.537	0.0282403
935.671	0.0282403
935.805	0.0297131
935.939	0.0293289
936.073	0.0289447
936.207	0.0283683
936.341	0.0293289
936.476	0.0288806
936.61	0.0299052
936.744	0.0293929
936.878	0.029457
937.012	0.0293289
937.146	0.0284324
937.28	0.0281122
937.414	0.0291368
937.548	0.0281122
937.683	0.0288166
937.817	0.0284324
937.951	0.0293289
938.085	0.0284964
938.219	0.0290087
938.353	0.0283043
938.487	0.0281762
938.621	0.0290087
938.755	0.0286245
938.889	0.0283683
939.024	0.0290727
939.158	0.0284324
939.292	0.0285605
939.426	0.0284324
939.56	0.0287526
939.694	0.0288166
939.828	0.0293289
939.962	0.0288166
940.096	0.0284324
940.231	0.0289447
940.365	0.0283043
940.499	0.0291368
940.633	0.0292649
940.767	0.0291368
940.901	0.0290727
941.035	0.029457
941.169	0.0290727
941.303	0.0290727
941.437	0.0281122
941.571	0.0288806
941.706	0.0286885
941.84	0.0286885
941.974	0.0293929
942.108	0.0281762
942.242	0.0286245
942.376	0.0287526
942.51	0.0290727
942.644	0.0283043
942.778	0.0290727
942.912	0.0286245
943.047	0.0287526
943.181	0.0288806
943.315	0.0286885
943.449	0.0284964
943.583	0.0290727
943.717	0.0290727
943.851	0.0288166
943.985	0.0287526
944.119	0.0287526
944.253	0.0285605
944.387	0.0292649
944.522	0.0284324
944.656	0.0284964
944.79	0.0285605
944.924	0.0279841
945.058	0.0284324
945.192	0.0286885
945.326	0.0293289
945.46	0.0286245
945.594	0.0290087
945.728	0.0290727
945.862	0.0292008
945.996	0.0292008
946.131	0.0283043
946.265	0.0293289
946.399	0.0289447
946.533	0.0290087
946.667	0.0282403
946.801	0.0283043
946.935	0.0289447
947.069	0.0291368
947.203	0.0288806
947.337	0.0293929
947.471	0.0283683
947.605	0.0287526
947.739	0.0296491
947.874	0.0287526
948.008	0.0284964
948.142	0.0275999
948.276	0.0287526
948.41	0.0290727
948.544	0.0292649
948.678	0.0290087
948.812	0.0285605
948.946	0.0285605
949.08	0.0292649
949.214	0.0285605
949.348	0.0284964
949.482	0.0292649
949.617	0.0296491
949.751	0.0288166
949.885	0.0292649
950.019	0.0288806
950.153	0.0287526
950.287	0.0290727
950.421	0.0290087
950.555	0.0293289
950.689	0.0292008
950.823	0.0289447
950.957	0.0284964
951.091	0.0288166
951.225	0.0284324
951.359	0.0297772
951.493	0.0290727
951.628	0.0289447
951.762	0.0286245
951.896	0.0288806
952.03	0.0290087
952.164	0.0289447
952.298	0.0291368
952.432	0.0293289
952.566	0.0299693
952.7	0.0286885
952.834	0.0286245
952.968	0.027856
953.102	0.029585
953.236	0.0284964
953.37	0.0286885
953.504	0.029457
953.639	0.0291368
953.773	0.0290087
953.907	0.0285605
954.041	0.0286245
954.175	0.0289447
954.309	0.0299052
954.443	0.0293929
954.577	0.0290727
954.711	0.0281122
954.845	0.0290727
954.979	0.0285605
955.113	0.0284324
955.247	0.0289447
955.381	0.0285605
955.515	0.0293289
955.649	0.0291368
955.783	0.0290087
955.917	0.0290087
956.052	0.0286885
956.186	0.0289447
956.32	0.0290727
956.454	0.0288806
956.588	0.029457
956.722	0.029457
956.856	0.0281762
956.99	0.0293929
957.124	0.027792
957.258	0.0290727
957.392	0.0288806
957.526	0.0290087
957.66	0.0282403
957.794	0.0292649
957.928	0.0286245
958.062	0.0299693
958.196	0.0290087
958.33	0.0279201
958.464	0.0287526
958.598	0.029457
958.733	0.0291368
958.867	0.0297131
959.001	0.0275999
959.135	0.0286885
959.269	0.0285605
959.403	0.0286885
959.537	0.0298412
959.671	0.0291368
959.805	0.0284964
959.939	0.0286885
960.073	0.0279201
960.207	0.0286245
960.341	0.0288806
960.475	0.0290727
960.609	0.0282403
960.743	0.0291368
960.877	0.0283683
961.011	0.0287526
961.145	0.0293929
961.279	0.029521
961.413	0.0289447
961.547	0.0288166
961.681	0.0290727
961.815	0.0286245
961.949	0.0292649
962.083	0.0292649
962.218	0.0288806
962.352	0.0296491
962.486	0.0288806
962.62	0.0283683
962.754	0.0292008
962.888	0.0287526
963.022	0.0287526
963.156	0.0288166
963.29	0.0281762
963.424	0.0281762
963.558	0.0286885
963.692	0.0286885
963.826	0.0290727
963.96	0.0292008
964.094	0.029521
964.228	0.0284324
964.362	0.0291368
964.496	0.0287526
964.63	0.0288166
964.764	0.0285605
964.898	0.0292008
965.032	0.0283683
965.166	0.029585
965.3	0.0292008
965.434	0.027856
965.568	0.0292008
965.702	0.0290087
965.836	0.0293929
965.97	0.0293289
966.104	0.0284964
966.238	0.0296491
966.372	0.0290727
966.506	0.0283043
966.64	0.0280482
966.774	0.0284324
966.908	0.0287526
967.043	0.0288806
967.177	0.0300333
967.311	0.029457
967.445	0.0288806
967.579	0.0290727
967.713	0.0290727
967.847	0.0290727
967.981	0.0290727
968.115	0.0293289
968.249	0.0284964
968.383	0.0284324
968.517	0.0288166
968.651	0.0291368
968.785	0.0279201
968.919	0.0286885
969.053	0.029585
969.187	0.0290087
969.321	0.0290727
969.455	0.0290727
969.589	0.0290727
969.723	0.0288166
969.857	0.0293289
969.991	0.0288806
970.125	0.0293929
970.259	0.0292649
970.393	0.0288166
970.527	0.0284964
970.661	0.0289447
970.795	0.0286885
970.929	0.0290087
971.063	0.0275999
971.197	0.0285605
971.331	0.0281762
971.465	0.0286245
971.599	0.0284964
971.733	0.0291368
971.867	0.0284964
972.001	0.0299693
972.135	0.029457
972.269	0.0284324
972.403	0.029521
972.537	0.0286245
972.671	0.0290087
972.805	0.0280482
972.939	0.0282403
973.073	0.0289447
973.207	0.0284964
973.341	0.0292649
973.475	0.0285605
973.609	0.0290087
973.743	0.0286885
973.877	0.0281762
974.011	0.0302894
974.145	0.0292649
974.279	0.0285605
974.413	0.0292649
974.547	0.0289447
974.681	0.0281762
974.815	0.0282403
974.949	0.0281122
975.083	0.0300333
975.217	0.0293289
975.351	0.0284964
975.485	0.0292008
975.619	0.0293929
975.753	0.0285605
975.887	0.0284324
976.021	0.0275999
976.155	0.0286245
976.289	0.0284964
976.423	0.0286245
976.557	0.0290727
976.691	0.0303535
976.825	0.0283043
976.959	0.0290087
977.093	0.0281122
977.227	0.0287526
977.361	0.0290727
977.495	0.0279841
977.629	0.0289447
977.763	0.0290727
977.897	0.0286245
978.031	0.0282403
978.165	0.0282403
978.299	0.0283683
978.433	0.0298412
978.567	0.0292649
978.701	0.0286885
978.835	0.0281762
978.969	0.0285605
979.103	0.0283683
979.237	0.0284324
979.371	0.0288806
979.505	0.0283683
979.639	0.0297131
979.773	0.0281762
979.907	0.0285605
980.041	0.0289447
980.175	0.0288806
980.308	0.0290727
980.442	0.0292008
980.576	0.0299052
980.71	0.0289447
980.844	0.0287526
980.978	0.0280482
981.112	0.0286245
981.246	0.0286885
981.38	0.0284324
981.514	0.0290087
981.648	0.0292649
981.782	0.0285605
981.916	0.0298412
982.05	0.0290727
982.184	0.0297131
982.318	0.0293929
982.452	0.0289447
982.586	0.0285605
982.72	0.0288806
982.854	0.0292008
982.988	0.0287526
983.122	0.0284964
983.256	0.0290087
983.39	0.0290727
983.524	0.0283683
983.658	0.0289447
983.792	0.0287526
983.926	0.0280482
984.06	0.0299052
984.194	0.029585
984.328	0.0288166
984.462	0.0292008
984.596	0.0291368
984.73	0.0288166
984.864	0.029457
984.998	0.0284324
985.132	0.0297131
985.265	0.0287526
985.399	0.029521
985.533	0.0286245
985.667	0.0292649
985.801	0.0282403
985.935	0.0297131
986.069	0.0292649
986.203	0.0288166
986.337	0.0283683
986.471	0.0285605
986.605	0.0285605
986.739	0.0289447
986.873	0.0285605
987.007	0.0292649
987.141	0.0287526
987.275	0.0293289
987.409	0.0286245
987.543	0.0287526
987.677	0.0286245
987.811	0.0286245
987.945	0.0281762
988.079	0.0292649
988.213	0.0276639
988.347	0.0292008
988.481	0.0291368
988.614	0.0297772
988.748	0.0283683
988.882	0.0283043
989.016	0.0282403
989.15	0.0281122
989.284	0.0288806
989.418	0.0289447
989.552	0.0288166
989.686	0.0291368
989.82	0.0285605
989.954	0.0291368
990.088	0.0292649
990.222	0.0290727
990.356	0.0288806
990.49	0.0284964
990.624	0.0283043
990.758	0.0289447
990.892	0.0288806
991.026	0.0290727
991.16	0.0290087
991.294	0.0292649
991.427	0.0297772
991.561	0.0300333
991.695	0.029521
991.829	0.0287526
991.963	0.0281762
992.097	0.0293289
992.231	0.0283043
992.365	0.0288806
992.499	0.0292008
992.633	0.0291368
992.767	0.0282403
992.901	0.0286885
993.035	0.0283683
993.169	0.0288166
993.303	0.0288166
993.437	0.0290727
993.571	0.0279841
993.704	0.0292649
993.838	0.0286245
993.972	0.0288806
994.106	0.0292649
994.24	0.0281762
994.374	0.0296491
994.508	0.0287526
994.642	0.0292008
994.776	0.0299052
994.91	0.027792
995.044	0.0290087
995.178	0.0282403
995.312	0.029521
995.446	0.0289447
995.58	0.0292649
995.714	0.0282403
995.847	0.0292008
995.981	0.0281762
996.115	0.0292649
996.249	0.0296491
996.383	0.0286245
996.517	0.0288806
996.651	0.0286885
996.785	0.0290727
996.919	0.0297131
997.053	0.0290727
997.187	0.0286885
997.321	0.0290087
997.455	0.0286885
997.589	0.0279841
997.722	0.0290087
997.856	0.0293929
997.99	0.0289447
998.124	0.0297772
998.258	0.0292649
998.392	0.0293289
998.526	0.027728
998.66	0.0280482
998.794	0.0284964
998.928	0.0290727
999.062	0.0285605
999.196	0.0290087
999.33	0.0296491
999.464	0.0293929
999.597	0.0283043
999.731	0.0291368
999.865	0.0292649
999.999	0.0289447
1000.13	0.0281122
1000.27	0.0284324
1000.4	0.0292649
1000.53	0.027792
1000.67	0.0288806
1000.8	0.0289447
1000.94	0.0289447
1001.07	0.0293289
1001.2	0.0296491
1001.34	0.0293289
1001.47	0.0280482
1001.61	0.0287526
1001.74	0.0287526
1001.87	0.0284964
1002.01	0.0288806
1002.14	0.0292008
1002.28	0.0288166
1002.41	0.0288806
1002.54	0.029457
1002.68	0.0288166
1002.81	0.0288806
1002.95	0.0297772
1003.08	0.0286245
1003.21	0.0288806
1003.35	0.0293929
1003.48	0.0290087
1003.61	0.0292008
1003.75	0.0284964
1003.88	0.0297131
1004.02	0.0281762
1004.15	0.0288166
1004.28	0.0284324
1004.42	0.027792
1004.55	0.0288806
1004.69	0.0284324
1004.82	0.0287526
1004.95	0.0289447
1005.09	0.0284324
1005.22	0.0288166
1005.36	0.029457
1005.49	0.0285605
1005.62	0.0286885
1005.76	0.0288166
1005.89	0.029585
1006.03	0.0288166
1006.16	0.0283683
1006.29	0.0285605
1006.43	0.0289447
1006.56	0.0292008
1006.69	0.0292008
1006.83	0.0281762
1006.96	0.0283683
1007.1	0.029521
1007.23	0.0290727
1007.36	0.0288166
1007.5	0.0288806
1007.63	0.0286885
1007.77	0.0299052
1007.9	0.0288166
1008.03	0.0284964
1008.17	0.0283683
1008.3	0.0287526
1008.44	0.0288166
1008.57	0.0284964
1008.7	0.0288166
1008.84	0.0292008
1008.97	0.0283043
1009.1	0.0293289
1009.24	0.0288806
1009.37	0.0293929
1009.51	0.0288166
1009.64	0.0292649
1009.77	0.0286885
1009.91	0.0293289
1010.04	0.0283043
1010.18	0.0286245
1010.31	0.0288806
1010.44	0.0289447
1010.58	0.0284964
1010.71	0.0289447
1010.85	0.0288806
1010.98	0.0288166
1011.11	0.0286885
1011.25	0.0293289
1011.38	0.0291368
1011.51	0.0284964
1011.65	0.0281122
1011.78	0.0292008
1011.92	0.0290087
1012.05	0.0290727
1012.18	0.027728
1012.32	0.029521
1012.45	0.029457
1012.59	0.0284324
1012.72	0.0293289
1012.85	0.0290727
1012.99	0.0283043
1013.12	0.0282403
1013.26	0.0291368
1013.39	0.0285605
1013.52	0.0284964
1013.66	0.0292008
1013.79	0.0292649
1013.92	0.0288166
1014.06	0.0284324
1014.19	0.0290727
1014.33	0.0292649
1014.46	0.0281122
1014.59	0.0297131
1014.73	0.0290087
1014.86	0.029521
1015	0.0281762
1015.13	0.0279841
1015.26	0.0275359
1015.4	0.0292649
1015.53	0.0285605
1015.67	0.0286245
1015.8	0.0293929
1015.93	0.0290727
1016.07	0.0293929
1016.2	0.0297772
1016.33	0.0288806
1016.47	0.029521
1016.6	0.029521
1016.74	0.0289447
1016.87	0.0284964
1017	0.0290087
1017.14	0.0287526
1017.27	0.0281122
1017.41	0.029585
1017.54	0.0283043
1017.67	0.0297131
1017.81	0.0281762
1017.94	0.0290087
1018.07	0.029457
1018.21	0.0282403
1018.34	0.0290727
1018.48	0.0287526
1018.61	0.0283043
1018.74	0.0285605
1018.88	0.029521
1019.01	0.0284324
1019.15	0.0284324
1019.28	0.0292649
1019.41	0.0286885
1019.55	0.0286885
1019.68	0.029521
1019.82	0.0290727
1019.95	0.0287526
1020.08	0.0285605
1020.22	0.0292649
1020.35	0.0286245
1020.48	0.0293289
1020.62	0.0286245
1020.75	0.0284324
1020.89	0.0289447
1021.02	0.029521
1021.15	0.0289447
1021.29	0.0288806
1021.42	0.0290727
1021.56	0.0283683
1021.69	0.0283683
1021.82	0.0288166
1021.96	0.0288806
1022.09	0.0290087
1022.22	0.0288806
1022.36	0.0290087
1022.49	0.0282403
1022.63	0.0293929
1022.76	0.0299052
1022.89	0.0292008
1023.03	0.0292649
1023.16	0.0297131
1023.3	0.0289447
1023.43	0.0289447
1023.56	0.0291368
1023.7	0.0287526
1023.83	0.029457
1023.96	0.0291368
1024.1	0.0283043
1024.23	0.0282403
1024.37	0.0284964
1024.5	0.0287526
1024.63	0.0289447
1024.77	0.0289447
1024.9	0.0281122
1025.04	0.0288166
1025.17	0.0284964
1025.3	0.0288166
1025.44	0.0298412
1025.57	0.0290727
1025.7	0.0283683
1025.84	0.0285605
1025.97	0.0291368
1026.11	0.0296491
1026.24	0.0293929
1026.37	0.027792
1026.51	0.0300333
1026.64	0.0293929
1026.78	0.0288166
1026.91	0.0290087
1027.04	0.0288806
1027.18	0.0288806
1027.31	0.0291368
1027.44	0.0289447
1027.58	0.0286245
1027.71	0.0292008
1027.85	0.0292649
1027.98	0.0290087
1028.11	0.0288166
1028.25	0.0290727
1028.38	0.0286885
1028.52	0.0290087
1028.65	0.029457
1028.78	0.029457
1028.92	0.0290727
1029.05	0.0288806
1029.18	0.0288806
1029.32	0.0300333
1029.45	0.0284964
1029.59	0.0284964
1029.72	0.0284324
1029.85	0.0286885
1029.99	0.0283043
1030.12	0.0293929
1030.26	0.029585
1030.39	0.0288806
1030.52	0.0293289
1030.66	0.0292008
1030.79	0.0290087
1030.92	0.0287526
1031.06	0.0283043
1031.19	0.0283683
1031.33	0.0306096
1031.46	0.0293929
1031.59	0.0288806
1031.73	0.0282403
1031.86	0.0290727
1031.99	0.0290087
1032.13	0.0285605
1032.26	0.029585
1032.4	0.0292008
1032.53	0.0299693
1032.66	0.0289447
1032.8	0.0297772
1032.93	0.0290087
1033.07	0.0299052
1033.2	0.0289447
1033.33	0.0292008
1033.47	0.0286885
1033.6	0.029585
1033.73	0.0286885
1033.87	0.0284324
1034	0.0291368
1034.14	0.0279201
1034.27	0.0292008
1034.4	0.029457
1034.54	0.0288166
1034.67	0.0292008
1034.81	0.0292649
1034.94	0.029457
1035.07	0.0292649
1035.21	0.0281762
1035.34	0.029457
1035.47	0.0285605
1035.61	0.0292008
1035.74	0.0283683
1035.88	0.0279201
1036.01	0.029585
1036.14	0.0299052
1036.28	0.0280482
1036.41	0.0287526
1036.54	0.0297772
1036.68	0.0290727
1036.81	0.0290087
1036.95	0.029457
1037.08	0.0281122
1037.21	0.0289447
1037.35	0.0285605
1037.48	0.0288806
1037.62	0.0293289
1037.75	0.0289447
1037.88	0.0287526
1038.02	0.0288806
1038.15	0.0293289
1038.28	0.0286885
1038.42	0.0283043
1038.55	0.0290727
1038.69	0.0298412
1038.82	0.0296491
1038.95	0.0290727
1039.09	0.027856
1039.22	0.0280482
1039.35	0.0286245
1039.49	0.0296491
1039.62	0.0283683
1039.76	0.0286245
1039.89	0.0292649
1040.02	0.029521
1040.16	0.0286885
1040.29	0.0288166
1040.43	0.0275999
1040.56	0.0284964
1040.69	0.0284964
1040.83	0.0292008
1040.96	0.0291368
1041.09	0.0291368
1041.23	0.0292008
1041.36	0.0290087
1041.5	0.0292649
1041.63	0.0297131
1041.76	0.0275359
1041.9	0.0283043
1042.03	0.0293289
1042.16	0.029521
1042.3	0.0289447
1042.43	0.0287526
1042.57	0.0282403
1042.7	0.0286245
1042.83	0.0282403
1042.97	0.0286245
1043.1	0.0293929
1043.23	0.0286245
1043.37	0.0290727
1043.5	0.0281122
1043.64	0.029585
1043.77	0.0293929
1043.9	0.0286885
1044.04	0.0287526
1044.17	0.0297772
1044.31	0.0292649
1044.44	0.0288806
1044.57	0.0286245
1044.71	0.0286885
1044.84	0.0288806
1044.97	0.0281762
1045.11	0.0283043
1045.24	0.0288166
1045.38	0.0290087
1045.51	0.0282403
1045.64	0.0286885
1045.78	0.0292008
1045.91	0.0284324
1046.04	0.0282403
1046.18	0.0284964
1046.31	0.0299052
1046.45	0.0292008
1046.58	0.0288166
1046.71	0.0283683
1046.85	0.0285605
1046.98	0.0286245
1047.11	0.0283043
1047.25	0.0289447
1047.38	0.0284324
1047.52	0.0288806
1047.65	0.0288806
1047.78	0.0285605
1047.92	0.0291368
1048.05	0.0291368
1048.18	0.0288806
1048.32	0.0290087
1048.45	0.0286885
1048.59	0.0297131
1048.72	0.0297772
1048.85	0.0292008
1048.99	0.029457
1049.12	0.0288166
1049.25	0.0282403
1049.39	0.027792
1049.52	0.0288806
1049.66	0.0293929
1049.79	0.0288166
1049.92	0.0279201
1050.06	0.0288166
1050.19	0.0296491
1050.33	0.0289447
1050.46	0.0282403
1050.59	0.0279201
1050.73	0.0296491
1050.86	0.0290727
1050.99	0.0284964
1051.13	0.0293929
1051.26	0.0286245
1051.4	0.0289447
1051.53	0.0292008
1051.66	0.027856
1051.8	0.0297131
1051.93	0.0286245
1052.06	0.0292008
1052.2	0.029457
1052.33	0.0290087
1052.47	0.0293289
1052.6	0.029521
1052.73	0.0293929
1052.87	0.0286245
1053	0.0283683
1053.13	0.0288166
1053.27	0.0293289
1053.4	0.029521
1053.54	0.0283043
1053.67	0.029457
1053.8	0.0292649
1053.94	0.0283043
1054.07	0.0284324
1054.2	0.0290727
1054.34	0.0290087
1054.47	0.0289447
1054.61	0.0284324
1054.74	0.0290087
1054.87	0.0286885
1055.01	0.0290087
1055.14	0.0290727
1055.27	0.0288166
1055.41	0.0293929
1055.54	0.0293289
1055.68	0.0287526
1055.81	0.0291368
1055.94	0.0284964
1056.08	0.0281122
1056.21	0.0300333
1056.34	0.0287526
1056.48	0.0288806
1056.61	0.0282403
1056.75	0.0284964
1056.88	0.0290087
1057.01	0.0290727
1057.15	0.0287526
1057.28	0.0286885
1057.41	0.0287526
1057.55	0.0283043
1057.68	0.0288806
1057.82	0.0289447
1057.95	0.0291368
1058.08	0.0298412
1058.22	0.0293929
1058.35	0.0280482
1058.48	0.029457
1058.62	0.0283043
1058.75	0.0286885
1058.89	0.0286245
1059.02	0.0289447
1059.15	0.0286245
1059.29	0.0285605
1059.42	0.0286885
1059.55	0.0286885
1059.69	0.0288166
1059.82	0.0292649
1059.96	0.0293929
1060.09	0.0293289
1060.22	0.0289447
1060.36	0.0286885
1060.49	0.0291368
1060.62	0.0290727
1060.76	0.0283043
1060.89	0.0286885
1061.03	0.0289447
1061.16	0.0290087
1061.29	0.0291368
1061.43	0.0286885
1061.56	0.0284324
1061.69	0.0290087
1061.83	0.0293289
1061.96	0.0287526
1062.1	0.0286245
1062.23	0.0287526
1062.36	0.0290727
1062.5	0.0293289
1062.63	0.0288166
1062.76	0.0286885
1062.9	0.0290087
1063.03	0.0287526
1063.17	0.0281122
1063.3	0.0279841
1063.43	0.0282403
1063.57	0.0293289
1063.7	0.0287526
1063.83	0.0286885
1063.97	0.0293929
1064.1	0.0288166
1064.23	0.0286885
1064.37	0.0290087
1064.5	0.0281762
1064.64	0.0293289
1064.77	0.0285605
1064.9	0.0297772
1065.04	0.0296491
1065.17	0.0288806
1065.3	0.0284324
1065.44	0.0299693
1065.57	0.0289447
1065.71	0.029457
1065.84	0.0285605
1065.97	0.0290727
1066.11	0.0293289
1066.24	0.0283683
1066.37	0.0281762
1066.51	0.0288166
1066.64	0.0288806
1066.78	0.0288806
1066.91	0.0288166
1067.04	0.0287526
1067.18	0.0292008
1067.31	0.0288166
1067.44	0.029457
1067.58	0.0291368
1067.71	0.0288166
1067.85	0.0297131
1067.98	0.0286245
1068.11	0.027792
1068.25	0.0291368
1068.38	0.0300973
1068.51	0.0292649
1068.65	0.0290087
1068.78	0.0293289
1068.92	0.0283683
1069.05	0.0291368
1069.18	0.0292008
1069.32	0.0290727
1069.45	0.0291368
1069.58	0.0289447
1069.72	0.0292649
1069.85	0.0288166
1069.98	0.0285605
1070.12	0.0296491
1070.25	0.0290727
1070.39	0.0281122
1070.52	0.0288166
1070.65	0.0293289
1070.79	0.0293289
1070.92	0.0285605
1071.05	0.0292008
1071.19	0.0296491
1071.32	0.0286885
1071.46	0.0283683
1071.59	0.0290727
1071.72	0.0293929
1071.86	0.0292008
1071.99	0.0293929
1072.12	0.0297772
1072.26	0.029521
1072.39	0.0292008
1072.53	0.0288166
1072.66	0.0283683
1072.79	0.0286885
1072.93	0.0298412
1073.06	0.0292008
1073.19	0.0288166
1073.33	0.0283043
1073.46	0.0274078
1073.59	0.0290087
1073.73	0.0286885
1073.86	0.0288806
1074	0.0292008
1074.13	0.0287526
1074.26	0.0289447
1074.4	0.0288806
1074.53	0.0293929
1074.66	0.0292649
1074.8	0.0285605
1074.93	0.0293289
1075.07	0.0288806
1075.2	0.0292008
1075.33	0.0290087
1075.47	0.0286885
1075.6	0.0286885
1075.73	0.0286885
1075.87	0.0292008
1076	0.0283683
1076.14	0.0293929
1076.27	0.0282403
1076.4	0.0283683
1076.54	0.0287526
1076.67	0.0285605
1076.8	0.0283043
1076.94	0.0291368
1077.07	0.0291368
1077.2	0.0301614
1077.34	0.0291368
1077.47	0.0285605
1077.61	0.0293289
1077.74	0.029585
1077.87	0.0288166
1078.01	0.0284964
1078.14	0.0290727
1078.27	0.0281122
1078.41	0.0291368
1078.54	0.029457
1078.68	0.0293929
1078.81	0.0286885
1078.94	0.029585
1079.08	0.029585
1079.21	0.029585
1079.34	0.0287526
1079.48	0.0287526
1079.61	0.029457
1079.74	0.029457
1079.88	0.029521
1080.01	0.0284324
1080.15	0.0287526
1080.28	0.0289447
1080.41	0.0296491
1080.55	0.0286885
1080.68	0.0293289
1080.81	0.0297131
1080.95	0.0290087
1081.08	0.0288166
1081.22	0.029585
1081.35	0.0292649
1081.48	0.0286885
1081.62	0.0288806
1081.75	0.0280482
1081.88	0.0284324
1082.02	0.0288806
1082.15	0.0292649
1082.28	0.0285605
1082.42	0.0299052
1082.55	0.0292649
1082.69	0.0288806
1082.82	0.0286885
1082.95	0.0297772
1083.09	0.0299693
1083.22	0.0290087
1083.35	0.0292008
1083.49	0.0289447
1083.62	0.0289447
1083.75	0.0287526
1083.89	0.029457
1084.02	0.0281122
1084.16	0.0291368
1084.29	0.0288166
1084.42	0.0290087
1084.56	0.0285605
1084.69	0.0293289
1084.82	0.0282403
1084.96	0.0290087
1085.09	0.0293929
1085.23	0.0288166
1085.36	0.0285605
1085.49	0.0293929
1085.63	0.029457
1085.76	0.0290727
1085.89	0.0291368
1086.03	0.0291368
1086.16	0.0290727
1086.29	0.029457
1086.43	0.0291368
1086.56	0.0283043
1086.7	0.0290087
1086.83	0.0288166
1086.96	0.0286885
1087.1	0.0286885
1087.23	0.0292649
1087.36	0.0290087
1087.5	0.0292008
1087.63	0.0284964
1087.76	0.0280482
1087.9	0.0287526
1088.03	0.0281122
1088.17	0.0283683
1088.3	0.0297131
1088.43	0.0290727
1088.57	0.0288166
1088.7	0.0287526
1088.83	0.029521
1088.97	0.0287526
1089.1	0.0292649
1089.24	0.0284324
1089.37	0.0288166
1089.5	0.0287526
1089.64	0.0288166
1089.77	0.0286885
1089.9	0.0291368
1090.04	0.0289447
1090.17	0.0284324
1090.3	0.029457
1090.44	0.0287526
1090.57	0.0296491
1090.71	0.0293289
1090.84	0.0288166
1090.97	0.0284964
1091.11	0.0288806
1091.24	0.0289447
1091.37	0.029585
1091.51	0.0286885
1091.64	0.0306096
1091.77	0.0290087
1091.91	0.0286885
1092.04	0.0279841
1092.18	0.0290727
1092.31	0.0291368
1092.44	0.0296491
1092.58	0.0289447
1092.71	0.0284964
1092.84	0.0279841
1092.98	0.0292008
1093.11	0.0290087
1093.24	0.0297772
1093.38	0.0285605
1093.51	0.0285605
1093.65	0.0280482
1093.78	0.029521
1093.91	0.0288806
1094.05	0.0290727
1094.18	0.0293929
1094.31	0.0279201
1094.45	0.0288166
1094.58	0.0293929
1094.71	0.0288166
1094.85	0.0290727
1094.98	0.0288806
1095.12	0.0288166
1095.25	0.0284324
1095.38	0.0290087
1095.52	0.0292649
1095.65	0.0284964
1095.78	0.0289447
1095.92	0.0292008
1096.05	0.0279841
1096.18	0.0292008
1096.32	0.029521
1096.45	0.0290727
1096.59	0.0292649
1096.72	0.0283683
1096.85	0.0290727
1096.99	0.0297131
1097.12	0.0292008
1097.25	0.0288166
1097.39	0.0285605
1097.52	0.0293289
1097.65	0.0298412
1097.79	0.0286885
1097.92	0.0287526
1098.06	0.0288166
1098.19	0.0285605
1098.32	0.0298412
1098.46	0.0285605
1098.59	0.0283043
1098.72	0.0290087
1098.86	0.0286245
1098.99	0.0292649
1099.12	0.0285605
1099.26	0.029457
1099.39	0.029585
1099.53	0.0288806
1099.66	0.0290727
1099.79	0.0292649
1099.93	0.0283043
1100.06	0.0292008
1100.19	0.0293929
1100.33	0.0276639
1100.46	0.0297131
1100.59	0.0281762
1100.73	0.0286885
1100.86	0.0289447
1100.99	0.0299052
1101.13	0.0286885
1101.26	0.0283043
1101.4	0.0288806
1101.53	0.0287526
1101.66	0.0292649
1101.8	0.0293289
1101.93	0.0288166
1102.06	0.0286245
1102.2	0.0288166
1102.33	0.0288166
1102.46	0.0287526
1102.6	0.0289447
1102.73	0.0292008
1102.87	0.0293929
1103	0.0289447
1103.13	0.0282403
1103.27	0.0286245
1103.4	0.0288166
1103.53	0.0299693
1103.67	0.0292008
1103.8	0.0287526
1103.93	0.0285605
1104.07	0.0289447
1104.2	0.0290727
1104.34	0.0298412
1104.47	0.0298412
1104.6	0.0285605
1104.74	0.0290727
1104.87	0.0286245
1105	0.027728
1105.14	0.0286885
1105.27	0.0289447
1105.4	0.0290727
1105.54	0.0287526
1105.67	0.0283043
1105.8	0.0292649
1105.94	0.0288166
1106.07	0.0286885
1106.21	0.0288806
1106.34	0.0290727
1106.47	0.0292008
1106.61	0.0290727
1106.74	0.0287526
1106.87	0.0290087
1107.01	0.0285605
1107.14	0.0286885
1107.27	0.0281762
1107.41	0.0298412
1107.54	0.029585

