Source: Spectrum Viewer

Chart: Pulse Spectrum

Series: 
Wavelength (nm)	S (a.u.)
617.638	0.026936
617.773	0.0274258
617.908	0.0279767
618.043	0.028038
618.178	0.0279767
618.313	0.0276094
618.448	0.0276706
618.583	0.0271197
618.718	0.0275482
618.853	0.0278543
618.988	0.0268136
619.123	0.0275482
619.258	0.0276706
619.394	0.0278543
619.529	0.0282216
619.664	0.0276094
619.799	0.0275482
619.934	0.0279155
620.069	0.027487
620.204	0.0274258
620.339	0.0277319
620.474	0.0267524
620.609	0.0279155
620.744	0.0274258
620.879	0.0279155
621.014	0.0279155
621.149	0.0284665
621.284	0.027487
621.419	0.0282828
621.554	0.0276706
621.689	0.0268136
621.825	0.0272421
621.96	0.028038
622.095	0.0279767
622.23	0.0269972
622.365	0.0274258
622.5	0.0280992
622.635	0.0274258
622.77	0.0276706
622.905	0.0276094
623.04	0.0277931
623.175	0.0273033
623.31	0.0262626
623.445	0.0265075
623.58	0.0276706
623.715	0.0281604
623.85	0.0282216
623.985	0.0266299
624.12	0.0281604
624.255	0.0282828
624.39	0.0274258
624.525	0.0276706
624.661	0.0269972
624.796	0.028038
624.931	0.0277931
625.066	0.0277319
625.201	0.0277319
625.336	0.0277931
625.471	0.0278543
625.606	0.0284665
625.741	0.0271809
625.876	0.0280992
626.011	0.028038
626.146	0.0270585
626.281	0.0276094
626.416	0.0282828
626.551	0.0284665
626.686	0.0278543
626.821	0.0273033
626.956	0.0273646
627.091	0.0277931
627.226	0.0279155
627.361	0.0271197
627.496	0.0269972
627.631	0.0282216
627.766	0.0273646
627.901	0.0272421
628.036	0.0274258
628.171	0.0274258
628.307	0.0273033
628.442	0.028038
628.577	0.0274258
628.712	0.027487
628.847	0.026936
628.982	0.0282828
629.117	0.0284665
629.252	0.0276094
629.387	0.0277319
629.522	0.027487
629.657	0.028344
629.792	0.0277319
629.927	0.0272421
630.062	0.0279155
630.197	0.028344
630.332	0.0280992
630.467	0.0273646
630.602	0.0279155
630.737	0.0274258
630.872	0.0284053
631.007	0.0276094
631.142	0.0285889
631.277	0.0272421
631.412	0.0271809
631.547	0.0276094
631.682	0.0276706
631.817	0.028038
631.952	0.0277319
632.087	0.0273033
632.222	0.0273033
632.357	0.0277319
632.492	0.027487
632.627	0.0277319
632.762	0.0273646
632.897	0.0276706
633.032	0.0272421
633.167	0.0280992
633.302	0.0277931
633.437	0.027487
633.572	0.0278543
633.707	0.0279767
633.842	0.0271197
633.978	0.0282828
634.113	0.0287726
634.248	0.0269972
634.383	0.0280992
634.518	0.0273646
634.653	0.0279767
634.788	0.0278543
634.923	0.0274258
635.058	0.0280992
635.193	0.0273033
635.328	0.0275482
635.463	0.0276706
635.598	0.026936
635.733	0.0268136
635.868	0.0279155
636.003	0.0279155
636.138	0.0282828
636.273	0.0268748
636.408	0.0280992
636.543	0.0277931
636.678	0.0268136
636.813	0.0271809
636.948	0.0282216
637.083	0.027487
637.218	0.0273033
637.353	0.0287114
637.488	0.0272421
637.623	0.0274258
637.758	0.0276094
637.893	0.0273033
638.028	0.0279767
638.163	0.0275482
638.298	0.0286501
638.433	0.0269972
638.568	0.028038
638.703	0.0271197
638.838	0.0271809
638.973	0.0281604
639.108	0.0271809
639.243	0.0277319
639.378	0.0279767
639.513	0.0279767
639.648	0.028038
639.783	0.0280992
639.918	0.0276094
640.053	0.0278543
640.188	0.0272421
640.323	0.0271197
640.458	0.0274258
640.593	0.0276094
640.728	0.0271197
640.863	0.0271809
640.998	0.0277931
641.133	0.0273033
641.268	0.0274258
641.403	0.0282216
641.538	0.0279767
641.673	0.0280992
641.808	0.0273646
641.943	0.0280992
642.078	0.0277931
642.213	0.0280992
642.348	0.0261402
642.483	0.0282828
642.618	0.0285277
642.753	0.0271197
642.888	0.0282216
643.023	0.0272421
643.158	0.027487
643.293	0.0277931
643.428	0.0273646
643.563	0.0284053
643.698	0.0268136
643.833	0.0285889
643.968	0.0276094
644.103	0.0275482
644.237	0.0274258
644.372	0.028344
644.507	0.028038
644.642	0.0279155
644.777	0.0275482
644.912	0.0273646
645.047	0.0278543
645.182	0.0276706
645.317	0.0274258
645.452	0.0279767
645.587	0.0277319
645.722	0.027487
645.857	0.0277319
645.992	0.026936
646.127	0.0276706
646.262	0.0269972
646.397	0.0275482
646.532	0.0277931
646.667	0.0271809
646.802	0.0277319
646.937	0.0279155
647.072	0.0279767
647.207	0.0273033
647.342	0.0281604
647.477	0.0277931
647.612	0.0274258
647.747	0.0271197
647.882	0.0277931
648.017	0.027487
648.152	0.0277931
648.287	0.0269972
648.422	0.0270585
648.557	0.0277319
648.692	0.0277319
648.827	0.0273646
648.962	0.0271809
649.097	0.0271809
649.232	0.0270585
649.367	0.0280992
649.502	0.0271809
649.637	0.0273646
649.772	0.0277319
649.906	0.0277319
650.041	0.028038
650.176	0.0281604
650.311	0.0277319
650.446	0.0277931
650.581	0.0269972
650.716	0.0277931
650.851	0.0279767
650.986	0.0271809
651.121	0.0277319
651.256	0.027487
651.391	0.0270585
651.526	0.0273033
651.661	0.0275482
651.796	0.0282828
651.931	0.0273033
652.066	0.0276094
652.201	0.0277319
652.336	0.0281604
652.471	0.0277319
652.606	0.0271809
652.741	0.0273646
652.876	0.0271809
653.011	0.0281604
653.146	0.0273646
653.281	0.0280992
653.415	0.027487
653.55	0.0274258
653.685	0.0279155
653.82	0.0273646
653.955	0.0272421
654.09	0.0287726
654.225	0.0268748
654.36	0.0280992
654.495	0.0265687
654.63	0.0268136
654.765	0.0277319
654.9	0.0280992
655.035	0.028038
655.17	0.0274258
655.305	0.026936
655.44	0.0280992
655.575	0.0282828
655.71	0.028038
655.845	0.027487
655.98	0.0270585
656.115	0.0275482
656.25	0.0277319
656.384	0.0281604
656.519	0.0264463
656.654	0.0275482
656.789	0.0276706
656.924	0.0275482
657.059	0.0277319
657.194	0.0275482
657.329	0.0277319
657.464	0.0271809
657.599	0.0284665
657.734	0.0273033
657.869	0.0273033
658.004	0.0271809
658.139	0.0282216
658.274	0.026936
658.409	0.0277931
658.544	0.0269972
658.679	0.0277319
658.813	0.0277931
658.948	0.0287726
659.083	0.0272421
659.218	0.0279155
659.353	0.0271809
659.488	0.0271197
659.623	0.0275482
659.758	0.028038
659.893	0.0279767
660.028	0.0277931
660.163	0.0271809
660.298	0.027487
660.433	0.0266912
660.568	0.0273033
660.703	0.0264463
660.838	0.0277931
660.972	0.026936
661.107	0.0274258
661.242	0.028038
661.377	0.0278543
661.512	0.0271197
661.647	0.027487
661.782	0.0271809
661.917	0.0271197
662.052	0.0279767
662.187	0.0279767
662.322	0.0278543
662.457	0.0271197
662.592	0.0265075
662.727	0.028038
662.862	0.0277931
662.996	0.0273033
663.131	0.0266912
663.266	0.0280992
663.401	0.0276706
663.536	0.0276094
663.671	0.0270585
663.806	0.0273033
663.941	0.0275482
664.076	0.0264463
664.211	0.0272421
664.346	0.0279155
664.481	0.0273033
664.616	0.0278543
664.75	0.0276706
664.885	0.0279155
665.02	0.0269972
665.155	0.0276094
665.29	0.0271809
665.425	0.0273646
665.56	0.028038
665.695	0.0277931
665.83	0.0277319
665.965	0.0278543
666.1	0.0277931
666.235	0.0271197
666.37	0.0279767
666.504	0.027487
666.639	0.0272421
666.774	0.028895
666.909	0.0274258
667.044	0.0277931
667.179	0.0282216
667.314	0.0276706
667.449	0.0276706
667.584	0.0278543
667.719	0.0279155
667.854	0.0280992
667.989	0.0270585
668.123	0.0282216
668.258	0.0273033
668.393	0.0282216
668.528	0.0270585
668.663	0.0275482
668.798	0.0280992
668.933	0.0273033
669.068	0.0278543
669.203	0.0276706
669.338	0.0270585
669.473	0.0275482
669.607	0.0272421
669.742	0.0273646
669.877	0.0276706
670.012	0.0276706
670.147	0.0274258
670.282	0.0276706
670.417	0.028344
670.552	0.0268748
670.687	0.0276706
670.822	0.0272421
670.957	0.026936
671.091	0.0277319
671.226	0.028038
671.361	0.0281604
671.496	0.0280992
671.631	0.0276706
671.766	0.0280992
671.901	0.028344
672.036	0.0278543
672.171	0.0276706
672.306	0.0279155
672.44	0.0275482
672.575	0.0276706
672.71	0.0275482
672.845	0.0272421
672.98	0.028038
673.115	0.027487
673.25	0.0279155
673.385	0.027487
673.52	0.0275482
673.655	0.0271809
673.789	0.0281604
673.924	0.028038
674.059	0.0276706
674.194	0.0277319
674.329	0.0265687
674.464	0.0273033
674.599	0.0282216
674.734	0.0287114
674.869	0.0273033
675.003	0.028344
675.138	0.0269972
675.273	0.0281604
675.408	0.0284053
675.543	0.0271197
675.678	0.0272421
675.813	0.0282828
675.948	0.0273033
676.083	0.0275482
676.217	0.0284053
676.352	0.0277931
676.487	0.0276706
676.622	0.0277931
676.757	0.0274258
676.892	0.0278543
677.027	0.0273033
677.162	0.0270585
677.297	0.0277931
677.431	0.027487
677.566	0.0282828
677.701	0.027487
677.836	0.0277319
677.971	0.0277931
678.106	0.0266912
678.241	0.0279155
678.376	0.0276094
678.511	0.0280992
678.645	0.0263851
678.78	0.0273033
678.915	0.0269972
679.05	0.0277319
679.185	0.0276094
679.32	0.027487
679.455	0.0278543
679.59	0.0276706
679.724	0.028038
679.859	0.0276706
679.994	0.028038
680.129	0.0271197
680.264	0.0275482
680.399	0.0276706
680.534	0.0278543
680.669	0.0277931
680.803	0.0277319
680.938	0.0284053
681.073	0.0270585
681.208	0.0274258
681.343	0.0270585
681.478	0.0277931
681.613	0.026936
681.748	0.0278543
681.882	0.0271809
682.017	0.0275482
682.152	0.0282216
682.287	0.0279155
682.422	0.0274258
682.557	0.0277319
682.692	0.0275482
682.827	0.0275482
682.961	0.0276094
683.096	0.0285277
683.231	0.0268748
683.366	0.0272421
683.501	0.027487
683.636	0.0274258
683.771	0.0276094
683.906	0.0277931
684.04	0.0277931
684.175	0.0271809
684.31	0.0275482
684.445	0.0277931
684.58	0.0274258
684.715	0.0272421
684.85	0.0276094
684.984	0.0287114
685.119	0.0273646
685.254	0.0284053
685.389	0.0279767
685.524	0.0285277
685.659	0.0267524
685.794	0.0276706
685.928	0.0279155
686.063	0.0276094
686.198	0.026936
686.333	0.0278543
686.468	0.0282828
686.603	0.0275482
686.738	0.0277319
686.872	0.0268136
687.007	0.0268136
687.142	0.0279155
687.277	0.028038
687.412	0.0273033
687.547	0.0281604
687.682	0.0279155
687.816	0.028038
687.951	0.028344
688.086	0.0270585
688.221	0.0275482
688.356	0.0289562
688.491	0.0272421
688.626	0.027487
688.76	0.028038
688.895	0.0275482
689.03	0.0277319
689.165	0.0271809
689.3	0.0273646
689.435	0.0275482
689.57	0.028038
689.704	0.0276094
689.839	0.0273646
689.974	0.0276094
690.109	0.0287726
690.244	0.0272421
690.379	0.0285277
690.513	0.0281604
690.648	0.028344
690.783	0.0284665
690.918	0.0276094
691.053	0.0273033
691.188	0.0277931
691.323	0.0275482
691.457	0.0284053
691.592	0.0276094
691.727	0.0263851
691.862	0.0269972
691.997	0.0275482
692.132	0.0272421
692.266	0.0274258
692.401	0.0276094
692.536	0.0277931
692.671	0.0287726
692.806	0.0282216
692.941	0.0276094
693.075	0.0282828
693.21	0.0285889
693.345	0.028344
693.48	0.0280992
693.615	0.0272421
693.75	0.028038
693.885	0.0271809
694.019	0.0282216
694.154	0.0273646
694.289	0.0276706
694.424	0.0276706
694.559	0.0280992
694.694	0.0274258
694.828	0.0277319
694.963	0.0276094
695.098	0.0277319
695.233	0.0277319
695.368	0.0277931
695.503	0.0269972
695.637	0.0276094
695.772	0.0263851
695.907	0.0275482
696.042	0.028038
696.177	0.0271197
696.312	0.0276706
696.446	0.0285889
696.581	0.0279767
696.716	0.0280992
696.851	0.0270585
696.986	0.0279767
697.12	0.0276094
697.255	0.0282216
697.39	0.0273033
697.525	0.028038
697.66	0.0270585
697.795	0.0276094
697.929	0.0273646
698.064	0.0276094
698.199	0.0286501
698.334	0.027487
698.469	0.0271197
698.604	0.0276706
698.738	0.0271197
698.873	0.0279767
699.008	0.0272421
699.143	0.0273033
699.278	0.0273033
699.412	0.027487
699.547	0.0270585
699.682	0.0279155
699.817	0.0280992
699.952	0.0265687
700.087	0.0277931
700.221	0.0277319
700.356	0.0270585
700.491	0.0279767
700.626	0.0274258
700.761	0.0268748
700.895	0.0269972
701.03	0.0277319
701.165	0.0276706
701.3	0.0271197
701.435	0.0263851
701.57	0.0274258
701.704	0.0273033
701.839	0.0270585
701.974	0.0268748
702.109	0.0267524
702.244	0.0273033
702.378	0.028038
702.513	0.0273033
702.648	0.0275482
702.783	0.0282828
702.918	0.0273033
703.052	0.0274258
703.187	0.0284053
703.322	0.027487
703.457	0.0270585
703.592	0.0269972
703.727	0.028344
703.861	0.0271809
703.996	0.0267524
704.131	0.0267524
704.266	0.0271809
704.401	0.0282828
704.535	0.0273033
704.67	0.0276094
704.805	0.0279767
704.94	0.0271197
705.075	0.0266912
705.209	0.0276094
705.344	0.0279155
705.479	0.0274258
705.614	0.0271809
705.749	0.0282216
705.883	0.027487
706.018	0.026936
706.153	0.0284665
706.288	0.0265075
706.423	0.0274258
706.557	0.0282828
706.692	0.0281604
706.827	0.0282216
706.962	0.0278543
707.097	0.028038
707.231	0.0277319
707.366	0.0276706
707.501	0.0269972
707.636	0.0280992
707.771	0.0281604
707.905	0.0272421
708.04	0.0279155
708.175	0.027487
708.31	0.0275482
708.445	0.0275482
708.579	0.0279767
708.714	0.028344
708.849	0.0276706
708.984	0.026936
709.118	0.0281604
709.253	0.027487
709.388	0.0274258
709.523	0.0273033
709.658	0.0271809
709.792	0.0275482
709.927	0.026936
710.062	0.0276094
710.197	0.0280992
710.332	0.0279155
710.466	0.0271809
710.601	0.0274258
710.736	0.0268748
710.871	0.0286501
711.006	0.0272421
711.14	0.0276706
711.275	0.0279155
711.41	0.0273646
711.545	0.0271197
711.679	0.0272421
711.814	0.028038
711.949	0.0279767
712.084	0.0280992
712.219	0.0275482
712.353	0.0266299
712.488	0.0266912
712.623	0.0277931
712.758	0.0277319
712.892	0.027487
713.027	0.0276706
713.162	0.0281604
713.297	0.0279155
713.432	0.0273646
713.566	0.0276706
713.701	0.0273033
713.836	0.0277931
713.971	0.0276706
714.105	0.0278543
714.24	0.0284053
714.375	0.0278543
714.51	0.0279767
714.645	0.0279155
714.779	0.028038
714.914	0.0271809
715.049	0.0279155
715.184	0.0277319
715.318	0.0276094
715.453	0.0278543
715.588	0.0268748
715.723	0.0276094
715.858	0.0280992
715.992	0.0274258
716.127	0.0279155
716.262	0.0277931
716.397	0.0277931
716.531	0.0281604
716.666	0.0269972
716.801	0.0275482
716.936	0.0273033
717.07	0.0266912
717.205	0.0277319
717.34	0.0275482
717.475	0.0279155
717.61	0.0277319
717.744	0.0285277
717.879	0.0271809
718.014	0.0269972
718.149	0.0277319
718.283	0.0271809
718.418	0.0276706
718.553	0.0274258
718.688	0.0273033
718.822	0.0273646
718.957	0.0277319
719.092	0.0271197
719.227	0.0276706
719.361	0.0266912
719.496	0.0271809
719.631	0.0282828
719.766	0.0272421
719.9	0.0277319
720.035	0.0279155
720.17	0.0281604
720.305	0.026936
720.44	0.0276706
720.574	0.0282828
720.709	0.0282216
720.844	0.028038
720.979	0.0279767
721.113	0.0272421
721.248	0.0275482
721.383	0.0281604
721.518	0.028344
721.652	0.0278543
721.787	0.0280992
721.922	0.0269972
722.057	0.027487
722.191	0.0282216
722.326	0.0265075
722.461	0.0272421
722.596	0.0273033
722.73	0.0279767
722.865	0.0277931
723	0.026936
723.135	0.0273646
723.269	0.0271197
723.404	0.028038
723.539	0.0279767
723.674	0.028038
723.808	0.0275482
723.943	0.026936
724.078	0.0277319
724.213	0.0277319
724.347	0.0279155
724.482	0.0271809
724.617	0.026936
724.752	0.0281604
724.886	0.0280992
725.021	0.0273033
725.156	0.0268748
725.291	0.0275482
725.425	0.0271197
725.56	0.027487
725.695	0.0271809
725.829	0.0270585
725.964	0.0274258
726.099	0.0271197
726.234	0.027487
726.368	0.0274258
726.503	0.0276094
726.638	0.0278543
726.773	0.0277319
726.907	0.0278543
727.042	0.0276706
727.177	0.0271197
727.312	0.0270585
727.446	0.0274258
727.581	0.0271197
727.716	0.028038
727.851	0.0275482
727.985	0.0276706
728.12	0.0272421
728.255	0.0273646
728.389	0.0280992
728.524	0.0268136
728.659	0.027487
728.794	0.0277319
728.928	0.0273646
729.063	0.0274258
729.198	0.0273646
729.333	0.0282828
729.467	0.0277319
729.602	0.0269972
729.737	0.0271197
729.872	0.027487
730.006	0.0276094
730.141	0.0279155
730.276	0.0271197
730.41	0.0277931
730.545	0.0268748
730.68	0.0277319
730.815	0.0271197
730.949	0.028344
731.084	0.0277931
731.219	0.0276094
731.354	0.027487
731.488	0.0279155
731.623	0.0273033
731.758	0.0270585
731.892	0.0276706
732.027	0.0276094
732.162	0.0282216
732.297	0.0279155
732.431	0.0278543
732.566	0.0273646
732.701	0.0276094
732.835	0.0269972
732.97	0.0275482
733.105	0.0277931
733.24	0.0274258
733.374	0.028038
733.509	0.0268136
733.644	0.0276706
733.779	0.0277319
733.913	0.028344
734.048	0.0275482
734.183	0.0279767
734.317	0.0271197
734.452	0.027487
734.587	0.0272421
734.722	0.0277319
734.856	0.0270585
734.991	0.0275482
735.126	0.0279155
735.26	0.0276094
735.395	0.028038
735.53	0.027487
735.665	0.0274258
735.799	0.0273033
735.934	0.0284665
736.069	0.0279767
736.203	0.0269972
736.338	0.028344
736.473	0.0272421
736.607	0.0278543
736.742	0.0284665
736.877	0.0276706
737.012	0.0270585
737.146	0.028344
737.281	0.0276094
737.416	0.0273646
737.55	0.0279767
737.685	0.0276094
737.82	0.0275482
737.955	0.0273646
738.089	0.0274258
738.224	0.0270585
738.359	0.0273033
738.493	0.0279767
738.628	0.0273646
738.763	0.0282828
738.897	0.0275482
739.032	0.0278543
739.167	0.0272421
739.302	0.027487
739.436	0.0275482
739.571	0.0280992
739.706	0.027487
739.84	0.0279155
739.975	0.0276706
740.11	0.0280992
740.244	0.0270585
740.379	0.0279155
740.514	0.0272421
740.649	0.028038
740.783	0.0287114
740.918	0.0276094
741.053	0.0273033
741.187	0.0273646
741.322	0.0272421
741.457	0.0280992
741.591	0.0287726
741.726	0.0273033
741.861	0.0277319
741.996	0.0274258
742.13	0.0281604
742.265	0.0284665
742.4	0.0275482
742.534	0.0272421
742.669	0.0275482
742.804	0.0279767
742.938	0.0277931
743.073	0.0272421
743.208	0.0272421
743.342	0.0266912
743.477	0.0280992
743.612	0.027487
743.747	0.0276706
743.881	0.0270585
744.016	0.0275482
744.151	0.0277931
744.285	0.027487
744.42	0.027487
744.555	0.0278543
744.689	0.0277931
744.824	0.0284665
744.959	0.0275482
745.093	0.0265687
745.228	0.0284053
745.363	0.0279767
745.497	0.0277319
745.632	0.027487
745.767	0.0274258
745.901	0.0282828
746.036	0.0279155
746.171	0.0281604
746.305	0.0272421
746.44	0.0271809
746.575	0.0274258
746.71	0.0274258
746.844	0.0278543
746.979	0.0263851
747.114	0.028038
747.248	0.027487
747.383	0.028038
747.518	0.0267524
747.652	0.027487
747.787	0.026936
747.922	0.0276706
748.056	0.0279767
748.191	0.0274258
748.326	0.028038
748.46	0.0274258
748.595	0.0277931
748.73	0.028038
748.864	0.0278543
748.999	0.0277319
749.134	0.0276706
749.268	0.0273646
749.403	0.0276706
749.538	0.0277319
749.672	0.0278543
749.807	0.028038
749.942	0.0274258
750.076	0.0275482
750.211	0.0274258
750.346	0.0273646
750.48	0.0282216
750.615	0.0272421
750.75	0.0271197
750.884	0.0272421
751.019	0.0278543
751.154	0.0278543
751.288	0.0273646
751.423	0.027487
751.558	0.0278543
751.692	0.0276094
751.827	0.0275482
751.962	0.0280992
752.096	0.0277931
752.231	0.0273033
752.366	0.0277319
752.5	0.0282828
752.635	0.0287726
752.77	0.0269972
752.904	0.0282828
753.039	0.0277319
753.174	0.0277319
753.308	0.028038
753.443	0.0276094
753.578	0.0282216
753.712	0.0277931
753.847	0.0276706
753.982	0.0277931
754.116	0.0277931
754.251	0.0273646
754.386	0.0271809
754.52	0.0266912
754.655	0.027487
754.79	0.0274258
754.924	0.027487
755.059	0.0279155
755.194	0.0280992
755.328	0.0276706
755.463	0.0276094
755.597	0.0272421
755.732	0.0274258
755.867	0.0277931
756.001	0.0279767
756.136	0.0271809
756.271	0.027487
756.405	0.0268748
756.54	0.0266912
756.675	0.0273646
756.809	0.0285277
756.944	0.027487
757.079	0.0279155
757.213	0.0272421
757.348	0.0278543
757.483	0.0274258
757.617	0.0277931
757.752	0.0275482
757.887	0.0276094
758.021	0.0277931
758.156	0.0276094
758.29	0.0273033
758.425	0.0279155
758.56	0.0276706
758.694	0.0272421
758.829	0.0281604
758.964	0.0271197
759.098	0.0279155
759.233	0.0278543
759.368	0.0275482
759.502	0.0279767
759.637	0.0278543
759.772	0.0268748
759.906	0.0278543
760.041	0.0278543
760.175	0.0273033
760.31	0.0273033
760.445	0.026936
760.579	0.0269972
760.714	0.026936
760.849	0.0265687
760.983	0.0266912
761.118	0.0272421
761.253	0.0270585
761.387	0.0273646
761.522	0.0271197
761.656	0.0273033
761.791	0.0279155
761.926	0.0274258
762.06	0.0281604
762.195	0.0271809
762.33	0.0277931
762.464	0.0272421
762.599	0.0277931
762.733	0.0277319
762.868	0.0274258
763.003	0.0279155
763.137	0.0275482
763.272	0.0280992
763.407	0.028038
763.541	0.028038
763.676	0.0282216
763.811	0.027487
763.945	0.0271197
764.08	0.028038
764.214	0.0277319
764.349	0.0276094
764.484	0.0282828
764.618	0.0275482
764.753	0.0281604
764.888	0.0274258
765.022	0.0288338
765.157	0.028038
765.291	0.0276094
765.426	0.0277319
765.561	0.0269972
765.695	0.0272421
765.83	0.0269972
765.965	0.0268136
766.099	0.0266299
766.234	0.027487
766.368	0.028038
766.503	0.0268748
766.638	0.0274258
766.772	0.0279155
766.907	0.0284665
767.041	0.0279155
767.176	0.028344
767.311	0.0269972
767.445	0.0276706
767.58	0.026936
767.715	0.0277931
767.849	0.0280992
767.984	0.0276094
768.118	0.0272421
768.253	0.0275482
768.388	0.028344
768.522	0.0271809
768.657	0.027487
768.791	0.0273646
768.926	0.0273646
769.061	0.027487
769.195	0.0277319
769.33	0.026936
769.465	0.0272421
769.599	0.0281604
769.734	0.0277319
769.868	0.0269972
770.003	0.0277931
770.138	0.0285889
770.272	0.0277319
770.407	0.0273033
770.541	0.0277931
770.676	0.0277931
770.811	0.0280992
770.945	0.0279767
771.08	0.0282216
771.214	0.0273646
771.349	0.0276094
771.484	0.0282216
771.618	0.0274258
771.753	0.027487
771.887	0.0277319
772.022	0.0279767
772.157	0.0277319
772.291	0.0280992
772.426	0.0268748
772.56	0.0271809
772.695	0.0276706
772.83	0.0281604
772.964	0.0282828
773.099	0.027487
773.233	0.0276706
773.368	0.0274258
773.503	0.0279767
773.637	0.0277931
773.772	0.0281604
773.906	0.0280992
774.041	0.027487
774.176	0.0276706
774.31	0.0279767
774.445	0.0273646
774.579	0.0279767
774.714	0.0274258
774.849	0.0273646
774.983	0.0275482
775.118	0.0279155
775.252	0.0276706
775.387	0.0279767
775.522	0.028038
775.656	0.0272421
775.791	0.0280992
775.925	0.0281604
776.06	0.0273646
776.195	0.0289562
776.329	0.0274258
776.464	0.0277319
776.598	0.0271197
776.733	0.0276706
776.868	0.0266299
777.002	0.0270585
777.137	0.0281604
777.271	0.0269972
777.406	0.0271197
777.54	0.028344
777.675	0.0277931
777.81	0.0282216
777.944	0.0275482
778.079	0.0274258
778.213	0.0282216
778.348	0.0268136
778.483	0.0281604
778.617	0.0272421
778.752	0.027487
778.886	0.0265687
779.021	0.027487
779.155	0.0274258
779.29	0.0270585
779.425	0.0271197
779.559	0.0276706
779.694	0.0279767
779.828	0.0274258
779.963	0.0277319
780.098	0.0272421
780.232	0.0279155
780.367	0.0274258
780.501	0.0273033
780.636	0.0273033
780.77	0.0280992
780.905	0.0277931
781.04	0.0279767
781.174	0.0278543
781.309	0.0273646
781.443	0.0277319
781.578	0.0277931
781.712	0.026936
781.847	0.0270585
781.982	0.0276094
782.116	0.0273646
782.251	0.0285277
782.385	0.0282216
782.52	0.0278543
782.654	0.0270585
782.789	0.0269972
782.924	0.0275482
783.058	0.0275482
783.193	0.0282828
783.327	0.0275482
783.462	0.0282216
783.596	0.0279155
783.731	0.0276094
783.866	0.028344
784	0.0277931
784.135	0.0274258
784.269	0.0279767
784.404	0.0273033
784.538	0.0280992
784.673	0.0277319
784.808	0.0279767
784.942	0.0278543
785.077	0.028038
785.211	0.028038
785.346	0.0277931
785.48	0.028344
785.615	0.0282828
785.75	0.0271197
785.884	0.027487
786.019	0.0282216
786.153	0.028344
786.288	0.0276094
786.422	0.0271197
786.557	0.0274258
786.691	0.0282216
786.826	0.0275482
786.961	0.0282828
787.095	0.0273033
787.23	0.028038
787.364	0.0270585
787.499	0.0272421
787.633	0.0277931
787.768	0.027487
787.902	0.0277319
788.037	0.0266912
788.172	0.0274258
788.306	0.0276094
788.441	0.0282216
788.575	0.0271809
788.71	0.0276094
788.844	0.0276094
788.979	0.0285277
789.113	0.027487
789.248	0.0276706
789.383	0.0274258
789.517	0.0285277
789.652	0.028038
789.786	0.0272421
789.921	0.027487
790.055	0.0284665
790.19	0.0275482
790.324	0.0284665
790.459	0.0286501
790.594	0.0280992
790.728	0.0286501
790.863	0.027487
790.997	0.0281604
791.132	0.0278543
791.266	0.0279767
791.401	0.0282216
791.535	0.027487
791.67	0.0270585
791.804	0.0280992
791.939	0.0268748
792.074	0.028038
792.208	0.028038
792.343	0.028344
792.477	0.0281604
792.612	0.0273646
792.746	0.0273646
792.881	0.0272421
793.015	0.0276706
793.15	0.0277931
793.284	0.0280992
793.419	0.0273033
793.553	0.0268136
793.688	0.0277931
793.823	0.0276706
793.957	0.0277319
794.092	0.028038
794.226	0.0277319
794.361	0.0273646
794.495	0.0279155
794.63	0.0268748
794.764	0.0271809
794.899	0.027487
795.033	0.0282828
795.168	0.0280992
795.302	0.0271197
795.437	0.028344
795.572	0.0287114
795.706	0.0277931
795.841	0.0280992
795.975	0.0276094
796.11	0.0276706
796.244	0.028038
796.379	0.0274258
796.513	0.0279155
796.648	0.028895
796.782	0.0273033
796.917	0.0277319
797.051	0.028038
797.186	0.0271197
797.32	0.0277319
797.455	0.0280992
797.589	0.0271197
797.724	0.0282216
797.859	0.0292623
797.993	0.0279767
798.128	0.0279155
798.262	0.0281604
798.397	0.0280992
798.531	0.027487
798.666	0.0285889
798.8	0.0279155
798.935	0.0279155
799.069	0.0276094
799.204	0.0282828
799.338	0.0278543
799.473	0.0282216
799.607	0.0284665
799.742	0.028038
799.876	0.028038
800.011	0.0276706
800.145	0.0284665
800.28	0.0282828
800.414	0.0278543
800.549	0.0278543
800.683	0.0275482
800.818	0.0269972
800.953	0.028895
801.087	0.0280992
801.222	0.0276094
801.356	0.0279767
801.491	0.0289562
801.625	0.028344
801.76	0.0287114
801.894	0.0285889
802.029	0.0288338
802.163	0.0287726
802.298	0.0284053
802.432	0.0284665
802.567	0.0282828
802.701	0.0291399
802.836	0.0282828
802.97	0.0286501
803.105	0.0291399
803.239	0.0291399
803.374	0.0288338
803.508	0.0299357
803.643	0.0295072
803.777	0.0295072
803.912	0.0301806
804.046	0.0297521
804.181	0.0293235
804.315	0.0295684
804.45	0.0299969
804.584	0.0287114
804.719	0.0290787
804.853	0.0295684
804.988	0.0290174
805.122	0.0293848
805.257	0.0298745
805.391	0.0287726
805.526	0.0307316
805.66	0.0307928
805.795	0.0299969
805.929	0.0307316
806.064	0.0304867
806.198	0.032262
806.333	0.0313437
806.467	0.0317723
806.602	0.0316498
806.736	0.032813
806.871	0.0330579
807.005	0.0329966
807.14	0.0339761
807.274	0.0345271
807.409	0.0352005
807.543	0.035629
807.678	0.0363024
807.812	0.0363636
807.947	0.0388124
808.081	0.0394245
808.216	0.0405265
808.35	0.0432201
808.485	0.0456076
808.619	0.04824
808.754	0.0514233
808.888	0.0623814
809.023	0.0871748
809.157	0.202449
809.292	0.397245
809.426	0.576615
809.561	0.900398
809.695	0.993205
809.83	0.999694
809.964	1
810.099	0.995347
810.233	0.993939
810.368	0.988185
810.502	0.984879
810.637	0.97839
810.771	0.966881
810.906	0.959045
811.04	0.886379
811.175	0.523355
811.309	0.281788
811.444	0.21959
811.578	0.123294
811.713	0.0472605
811.847	0.0407101
811.982	0.0369146
812.116	0.0364249
812.251	0.0354454
812.385	0.0349556
812.519	0.0328742
812.654	0.0339761
812.788	0.0323232
812.923	0.0326905
813.057	0.0320171
813.192	0.032262
813.326	0.0318335
813.461	0.0313437
813.595	0.0301806
813.73	0.031405
813.864	0.0306703
813.999	0.0307928
814.133	0.0309764
814.268	0.0295072
814.402	0.0291399
814.537	0.0293848
814.671	0.0292623
814.806	0.0290787
814.94	0.0292011
815.075	0.0292623
815.209	0.0300582
815.344	0.0288338
815.478	0.0290174
815.612	0.0293235
815.747	0.0288338
815.881	0.0288338
816.016	0.0288338
816.15	0.0285889
816.285	0.028895
816.419	0.0275482
816.554	0.0288338
816.688	0.0285889
816.823	0.0287114
816.957	0.0281604
817.092	0.0292623
817.226	0.0285889
817.361	0.0288338
817.495	0.0279155
817.63	0.0278543
817.764	0.029446
817.898	0.0285889
818.033	0.0282828
818.167	0.0276094
818.302	0.0282216
818.436	0.0284053
818.571	0.0282828
818.705	0.0282216
818.84	0.0278543
818.974	0.0287726
819.109	0.0277319
819.243	0.028038
819.378	0.0287726
819.512	0.028344
819.646	0.027487
819.781	0.0273646
819.915	0.0285889
820.05	0.0284053
820.184	0.0281604
820.319	0.0277319
820.453	0.0279767
820.588	0.026936
820.722	0.0276706
820.857	0.0280992
820.991	0.028038
821.126	0.0273646
821.26	0.0278543
821.394	0.028038
821.529	0.028344
821.663	0.026936
821.798	0.0284053
821.932	0.0268748
822.067	0.0279155
822.201	0.028038
822.336	0.028344
822.47	0.028344
822.605	0.0282828
822.739	0.028344
822.873	0.028038
823.008	0.0278543
823.142	0.0270585
823.277	0.0277319
823.411	0.0279155
823.546	0.0279155
823.68	0.027487
823.815	0.0275482
823.949	0.0280992
824.083	0.028038
824.218	0.0276706
824.352	0.0281604
824.487	0.0281604
824.621	0.0271809
824.756	0.0285277
824.89	0.0275482
825.025	0.0276706
825.159	0.0275482
825.293	0.0273033
825.428	0.0284053
825.562	0.0275482
825.697	0.0273646
825.831	0.0275482
825.966	0.0277319
826.1	0.0280992
826.235	0.028038
826.369	0.0278543
826.503	0.0273646
826.638	0.0271809
826.772	0.0269972
826.907	0.0267524
827.041	0.0274258
827.176	0.0278543
827.31	0.0273646
827.445	0.0269972
827.579	0.0275482
827.713	0.0282216
827.848	0.0281604
827.982	0.0284053
828.117	0.0274258
828.251	0.0274258
828.386	0.0271197
828.52	0.0284053
828.654	0.0276706
828.789	0.0269972
828.923	0.0270585
829.058	0.0270585
829.192	0.0277319
829.327	0.0279767
829.461	0.0273033
829.596	0.0273646
829.73	0.0276094
829.864	0.0278543
829.999	0.0270585
830.133	0.0272421
830.268	0.0278543
830.402	0.0273646
830.537	0.0274258
830.671	0.0273646
830.805	0.0268748
830.94	0.0279767
831.074	0.0284053
831.209	0.0276094
831.343	0.0273033
831.478	0.0280992
831.612	0.0276094
831.746	0.0273033
831.881	0.0266912
832.015	0.0269972
832.15	0.0274258
832.284	0.0271197
832.418	0.0277319
832.553	0.0271197
832.687	0.028038
832.822	0.0272421
832.956	0.0279767
833.091	0.0273033
833.225	0.0274258
833.359	0.0277931
833.494	0.0278543
833.628	0.0280992
833.763	0.0279155
833.897	0.0279155
834.032	0.0277931
834.166	0.0282828
834.3	0.0273646
834.435	0.0276706
834.569	0.0268136
834.704	0.028038
834.838	0.0277319
834.972	0.0282216
835.107	0.0276706
835.241	0.0268136
835.376	0.0291399
835.51	0.0279767
835.645	0.0276094
835.779	0.0270585
835.913	0.0273646
836.048	0.0270585
836.182	0.0277931
836.317	0.0271809
836.451	0.028038
836.585	0.0268748
836.72	0.028038
836.854	0.0277319
836.989	0.0277319
837.123	0.027487
837.257	0.0278543
837.392	0.0291399
837.526	0.0286501
837.661	0.0275482
837.795	0.0290174
837.929	0.0270585
838.064	0.0280992
838.198	0.0270585
838.333	0.0276706
838.467	0.0273646
838.602	0.0273033
838.736	0.0277319
838.87	0.0280992
839.005	0.0272421
839.139	0.0269972
839.274	0.0276094
839.408	0.0272421
839.542	0.0272421
839.677	0.0273033
839.811	0.0273646
839.946	0.0271809
840.08	0.0271809
840.214	0.0279767
840.349	0.0265687
840.483	0.0284665
840.618	0.0268136
840.752	0.028344
840.886	0.0268136
841.021	0.0278543
841.155	0.0272421
841.29	0.0271197
841.424	0.0276706
841.558	0.0276706
841.693	0.0276706
841.827	0.027487
841.961	0.0273646
842.096	0.0272421
842.23	0.0273033
842.365	0.0273033
842.499	0.027487
842.633	0.0274258
842.768	0.0272421
842.902	0.0274258
843.037	0.027487
843.171	0.0277931
843.305	0.0278543
843.44	0.0269972
843.574	0.0273646
843.709	0.0278543
843.843	0.0277319
843.977	0.0270585
844.112	0.0276706
844.246	0.0282216
844.381	0.0272421
844.515	0.0279155
844.649	0.0276094
844.784	0.0280992
844.918	0.0284053
845.052	0.0267524
845.187	0.0272421
845.321	0.0270585
845.456	0.0273033
845.59	0.0274258
845.724	0.0275482
845.859	0.0288338
845.993	0.0279767
846.128	0.0279155
846.262	0.0276706
846.396	0.0280992
846.531	0.0276706
846.665	0.0277931
846.799	0.0280992
846.934	0.0273033
847.068	0.0271197
847.203	0.0277319
847.337	0.0279767
847.471	0.0277931
847.606	0.028038
847.74	0.0272421
847.874	0.0274258
848.009	0.0279155
848.143	0.0274258
848.278	0.0284665
848.412	0.028344
848.546	0.0271809
848.681	0.0284665
848.815	0.0268136
848.949	0.0275482
849.084	0.0275482
849.218	0.0276094
849.353	0.028344
849.487	0.0282216
849.621	0.0276094
849.756	0.0281604
849.89	0.0279767
850.024	0.0280992
850.159	0.0275482
850.293	0.0280992
850.428	0.0273646
850.562	0.0277931
850.696	0.0279155
850.831	0.0276094
850.965	0.0282828
851.099	0.0270585
851.234	0.0277931
851.368	0.0282216
851.502	0.0270585
851.637	0.0277931
851.771	0.0280992
851.906	0.0273033
852.04	0.028344
852.174	0.0287726
852.309	0.0265075
852.443	0.0271809
852.577	0.0277931
852.712	0.0277319
852.846	0.0286501
852.98	0.0275482
853.115	0.0277319
853.249	0.0272421
853.384	0.0280992
853.518	0.0276094
853.652	0.027487
853.787	0.0275482
853.921	0.0273646
854.055	0.0280992
854.19	0.0282828
854.324	0.0279767
854.458	0.0274258
854.593	0.0276706
854.727	0.0270585
854.861	0.0274258
854.996	0.028038
855.13	0.0271809
855.265	0.0276094
855.399	0.0273646
855.533	0.0276094
855.668	0.028038
855.802	0.0284665
855.936	0.0273033
856.071	0.0277931
856.205	0.027487
856.339	0.0266299
856.474	0.0280992
856.608	0.0279155
856.742	0.0279767
856.877	0.0276094
857.011	0.0266299
857.145	0.0273033
857.28	0.0277319
857.414	0.0277931
857.549	0.0269972
857.683	0.0276706
857.817	0.0268748
857.952	0.0279155
858.086	0.027487
858.22	0.0282216
858.355	0.0284053
858.489	0.0270585
858.623	0.0268748
858.758	0.0273646
858.892	0.0273646
859.026	0.0274258
859.161	0.0279767
859.295	0.0285889
859.429	0.027487
859.564	0.0275482
859.698	0.0279155
859.832	0.027487
859.967	0.0269972
860.101	0.0277931
860.235	0.0266912
860.37	0.0277931
860.504	0.0271809
860.638	0.0275482
860.773	0.0280992
860.907	0.0284053
861.041	0.0269972
861.176	0.0271809
861.31	0.0285889
861.444	0.0279155
861.579	0.0273033
861.713	0.0282828
861.847	0.0276094
861.982	0.0280992
862.116	0.0267524
862.25	0.0275482
862.385	0.0268748
862.519	0.0281604
862.653	0.0272421
862.788	0.027487
862.922	0.0284053
863.056	0.0276706
863.191	0.0273646
863.325	0.0273033
863.459	0.0284053
863.594	0.0273033
863.728	0.0274258
863.862	0.027487
863.997	0.0277319
864.131	0.0273646
864.265	0.0279155
864.4	0.0276706
864.534	0.0272421
864.668	0.0268748
864.803	0.0272421
864.937	0.0282216
865.071	0.0273646
865.206	0.0282828
865.34	0.0271197
865.474	0.0276094
865.609	0.0276094
865.743	0.0282828
865.877	0.0270585
866.012	0.027487
866.146	0.0273033
866.28	0.0279767
866.415	0.0284053
866.549	0.0271197
866.683	0.0272421
866.818	0.0284053
866.952	0.0272421
867.086	0.0273646
867.221	0.0277931
867.355	0.0279767
867.489	0.0279155
867.623	0.027487
867.758	0.0271809
867.892	0.0272421
868.026	0.0280992
868.161	0.0287726
868.295	0.0277931
868.429	0.0274258
868.564	0.0281604
868.698	0.0275482
868.832	0.0277319
868.967	0.027487
869.101	0.0269972
869.235	0.0271197
869.37	0.0276706
869.504	0.0278543
869.638	0.0273033
869.773	0.0285889
869.907	0.0279767
870.041	0.0276094
870.175	0.0276706
870.31	0.0269972
870.444	0.0282216
870.578	0.0277319
870.713	0.0272421
870.847	0.0271809
870.981	0.0273033
871.116	0.0287726
871.25	0.0284053
871.384	0.0281604
871.519	0.0276706
871.653	0.0273033
871.787	0.0279155
871.921	0.0276706
872.056	0.0277319
872.19	0.0273033
872.324	0.0277931
872.459	0.0268748
872.593	0.026936
872.727	0.0273033
872.862	0.0277319
872.996	0.0276094
873.13	0.0270585
873.264	0.0276706
873.399	0.0273033
873.533	0.0268136
873.667	0.027487
873.802	0.0284053
873.936	0.027487
874.07	0.0266299
874.205	0.0272421
874.339	0.0273033
874.473	0.026936
874.607	0.0276706
874.742	0.0276706
874.876	0.0278543
875.01	0.0277931
875.145	0.0282216
875.279	0.0270585
875.413	0.0277319
875.548	0.0281604
875.682	0.028038
875.816	0.0272421
875.95	0.0275482
876.085	0.0270585
876.219	0.0284665
876.353	0.0277931
876.488	0.0277931
876.622	0.0282828
876.756	0.0266299
876.89	0.0270585
877.025	0.0282828
877.159	0.0273033
877.293	0.0273033
877.428	0.0266912
877.562	0.0277319
877.696	0.0278543
877.83	0.0277319
877.965	0.0276706
878.099	0.027487
878.233	0.0276706
878.368	0.0274258
878.502	0.0282828
878.636	0.0275482
878.77	0.0277931
878.905	0.0276706
879.039	0.0271197
879.173	0.0277319
879.308	0.028038
879.442	0.0277931
879.576	0.0276094
879.71	0.0273646
879.845	0.0273646
879.979	0.0273033
880.113	0.027487
880.248	0.0279155
880.382	0.0276706
880.516	0.0281604
880.65	0.0282216
880.785	0.028038
880.919	0.0277319
881.053	0.0275482
881.188	0.027487
881.322	0.0284665
881.456	0.0278543
881.59	0.0275482
881.725	0.0285277
881.859	0.0278543
881.993	0.0287726
882.127	0.028038
882.262	0.0272421
882.396	0.0272421
882.53	0.0280992
882.665	0.0278543
882.799	0.0277931
882.933	0.0272421
883.067	0.0280992
883.202	0.0270585
883.336	0.0277931
883.47	0.0268748
883.604	0.0279767
883.739	0.027487
883.873	0.0274258
884.007	0.0284053
884.142	0.0273646
884.276	0.028038
884.41	0.0271197
884.544	0.0271197
884.679	0.0274258
884.813	0.0278543
884.947	0.0278543
885.081	0.0273646
885.216	0.0278543
885.35	0.0270585
885.484	0.0279155
885.618	0.0268136
885.753	0.026936
885.887	0.0278543
886.021	0.0282216
886.155	0.0275482
886.29	0.0271809
886.424	0.0271197
886.558	0.0273033
886.693	0.0269972
886.827	0.0282216
886.961	0.028038
887.095	0.0276706
887.23	0.0271197
887.364	0.0276706
887.498	0.0274258
887.632	0.0277931
887.767	0.0281604
887.901	0.0275482
888.035	0.0279155
888.169	0.0265075
888.304	0.0282828
888.438	0.0277319
888.572	0.0271809
888.706	0.0275482
888.841	0.0271809
888.975	0.0282216
889.109	0.0279155
889.243	0.0280992
889.378	0.0273033
889.512	0.0270585
889.646	0.0272421
889.78	0.0274258
889.915	0.0280992
890.049	0.0268748
890.183	0.0273646
890.317	0.0276094
890.452	0.0284053
890.586	0.0277319
890.72	0.0274258
890.854	0.0270585
890.989	0.0276094
891.123	0.0274258
891.257	0.0277931
891.391	0.0281604
891.526	0.0277931
891.66	0.0276094
891.794	0.0277319
891.928	0.0276094
892.063	0.0273646
892.197	0.0272421
892.331	0.0276706
892.465	0.0277931
892.6	0.0271809
892.734	0.0280992
892.868	0.0266912
893.002	0.0271809
893.137	0.0270585
893.271	0.0272421
893.405	0.0273646
893.539	0.0275482
893.674	0.0276706
893.808	0.0274258
893.942	0.0273033
894.076	0.0275482
894.21	0.0277319
894.345	0.0272421
894.479	0.0279155
894.613	0.0279767
894.747	0.0277319
894.882	0.027487
895.016	0.0271809
895.15	0.0279155
895.284	0.0275482
895.419	0.0271809
895.553	0.0282828
895.687	0.0271809
895.821	0.0276706
895.956	0.0276094
896.09	0.0277319
896.224	0.0271197
896.358	0.0269972
896.492	0.0282828
896.627	0.0273033
896.761	0.0279155
896.895	0.0276094
897.029	0.0279155
897.164	0.0276706
897.298	0.0268748
897.432	0.026936
897.566	0.0273646
897.701	0.0279155
897.835	0.0277931
897.969	0.0276706
898.103	0.0281604
898.237	0.028038
898.372	0.0278543
898.506	0.028038
898.64	0.028038
898.774	0.0274258
898.909	0.0271809
899.043	0.0273033
899.177	0.0273033
899.311	0.0271809
899.445	0.0272421
899.58	0.027487
899.714	0.0276094
899.848	0.0277931
899.982	0.0281604
900.117	0.0277319
900.251	0.0276706
900.385	0.0277319
900.519	0.0278543
900.653	0.0277931
900.788	0.0275482
900.922	0.0277319
901.056	0.0280992
901.19	0.0271809
901.325	0.0285277
901.459	0.027487
901.593	0.0278543
901.727	0.0273646
901.861	0.0284053
901.996	0.0278543
902.13	0.0279155
902.264	0.0284053
902.398	0.0273646
902.532	0.0273646
902.667	0.0279155
902.801	0.0274258
902.935	0.0276094
903.069	0.028038
903.204	0.0273646
903.338	0.0271809
903.472	0.0279155
903.606	0.0278543
903.74	0.0276706
903.875	0.0271809
904.009	0.0271197
904.143	0.0280992
904.277	0.0276094
904.411	0.0268136
904.546	0.0284053
904.68	0.0276094
904.814	0.027487
904.948	0.026936
905.082	0.0279767
905.217	0.0271197
905.351	0.0280992
905.485	0.0278543
905.619	0.0277319
905.753	0.0265687
905.888	0.0279155
906.022	0.027487
906.156	0.0273646
906.29	0.0275482
906.424	0.0277931
906.559	0.0277931
906.693	0.0282216
906.827	0.0269972
906.961	0.0276706
907.095	0.0278543
907.23	0.027487
907.364	0.0276706
907.498	0.0277319
907.632	0.0275482
907.766	0.0279767
907.901	0.0270585
908.035	0.0273033
908.169	0.0273646
908.303	0.0276094
908.437	0.0275482
908.572	0.0266299
908.706	0.0274258
908.84	0.0278543
908.974	0.0282828
909.108	0.0276706
909.243	0.0279155
909.377	0.0266912
909.511	0.0273033
909.645	0.0271197
909.779	0.0281604
909.914	0.028038
910.048	0.0276706
910.182	0.0279155
910.316	0.0282828
910.45	0.0267524
910.585	0.0273033
910.719	0.0276706
910.853	0.0284053
910.987	0.027487
911.121	0.0278543
911.255	0.028895
911.39	0.0277931
911.524	0.0272421
911.658	0.028344
911.792	0.0281604
911.926	0.0266912
912.061	0.0275482
912.195	0.0273646
912.329	0.0273646
912.463	0.0278543
912.597	0.027487
912.732	0.028038
912.866	0.0273646
913	0.0282828
913.134	0.0274258
913.268	0.0282828
913.402	0.028038
913.537	0.0279767
913.671	0.0274258
913.805	0.0273646
913.939	0.028038
914.073	0.0281604
914.208	0.0282828
914.342	0.0276094
914.476	0.0272421
914.61	0.0272421
914.744	0.027487
914.878	0.0276094
915.013	0.0279155
915.147	0.0282216
915.281	0.0280992
915.415	0.0282216
915.549	0.0274258
915.683	0.0279767
915.818	0.0278543
915.952	0.0277319
916.086	0.0274258
916.22	0.0277931
916.354	0.0282216
916.488	0.0276094
916.623	0.0273646
916.757	0.0275482
916.891	0.026936
917.025	0.0277319
917.159	0.0270585
917.293	0.0279155
917.428	0.0276706
917.562	0.0274258
917.696	0.0268748
917.83	0.0273646
917.964	0.0282828
918.098	0.0274258
918.233	0.0272421
918.367	0.0275482
918.501	0.0280992
918.635	0.0274258
918.769	0.028038
918.903	0.0280992
919.038	0.0277931
919.172	0.0278543
919.306	0.0280992
919.44	0.0275482
919.574	0.0281604
919.708	0.0272421
919.843	0.0282216
919.977	0.0280992
920.111	0.0276706
920.245	0.0271809
920.379	0.0279155
920.513	0.0276706
920.648	0.0272421
920.782	0.0280992
920.916	0.0277319
921.05	0.0277319
921.184	0.0277319
921.318	0.0273646
921.453	0.0272421
921.587	0.028344
921.721	0.0271197
921.855	0.027487
921.989	0.028038
922.123	0.0277319
922.257	0.0276706
922.392	0.0274258
922.526	0.0276094
922.66	0.0275482
922.794	0.0275482
922.928	0.0282216
923.062	0.0277319
923.197	0.0273646
923.331	0.0275482
923.465	0.0273646
923.599	0.0270585
923.733	0.0281604
923.867	0.0285889
924.001	0.0276094
924.136	0.0279767
924.27	0.0275482
924.404	0.0277931
924.538	0.0277931
924.672	0.0279767
924.806	0.0274258
924.94	0.0278543
925.075	0.0275482
925.209	0.0269972
925.343	0.0275482
925.477	0.0276094
925.611	0.0273033
925.745	0.0276706
925.879	0.0272421
926.014	0.0273033
926.148	0.0282828
926.282	0.0264463
926.416	0.0280992
926.55	0.0274258
926.684	0.0278543
926.818	0.028038
926.953	0.0274258
927.087	0.0269972
927.221	0.0277319
927.355	0.0272421
927.489	0.0272421
927.623	0.0265075
927.757	0.0277319
927.892	0.0274258
928.026	0.0280992
928.16	0.0272421
928.294	0.0273033
928.428	0.0280992
928.562	0.028038
928.696	0.0270585
928.831	0.0267524
928.965	0.0277931
929.099	0.0279767
929.233	0.0279155
929.367	0.0277319
929.501	0.0278543
929.635	0.0287114
929.769	0.0278543
929.904	0.028038
930.038	0.0275482
930.172	0.0272421
930.306	0.0275482
930.44	0.028344
930.574	0.0282216
930.708	0.0278543
930.843	0.0274258
930.977	0.0274258
931.111	0.0273033
931.245	0.0275482
931.379	0.0276094
931.513	0.0266912
931.647	0.0282828
931.781	0.026936
931.916	0.0275482
932.05	0.0279767
932.184	0.0271809
932.318	0.0282216
932.452	0.0272421
932.586	0.027487
932.72	0.0265687
932.854	0.0273033
932.989	0.0277319
933.123	0.0276706
933.257	0.0278543
933.391	0.0285889
933.525	0.0279767
933.659	0.0281604
933.793	0.0277931
933.927	0.0277931
934.061	0.0270585
934.196	0.0267524
934.33	0.0273033
934.464	0.0282216
934.598	0.0267524
934.732	0.0276706
934.866	0.0276706
935	0.0269972
935.134	0.0284053
935.269	0.0281604
935.403	0.0281604
935.537	0.0288338
935.671	0.0274258
935.805	0.0276706
935.939	0.0266912
936.073	0.0284665
936.207	0.0268136
936.341	0.0279155
936.476	0.0268748
936.61	0.0277931
936.744	0.0279767
936.878	0.0272421
937.012	0.0277319
937.146	0.0273033
937.28	0.0270585
937.414	0.028344
937.548	0.0273033
937.683	0.0279767
937.817	0.0278543
937.951	0.0279767
938.085	0.0270585
938.219	0.0273033
938.353	0.0273033
938.487	0.0276094
938.621	0.0266912
938.755	0.0269972
938.889	0.0269972
939.024	0.028344
939.158	0.0273646
939.292	0.0270585
939.426	0.0271809
939.56	0.0276706
939.694	0.0270585
939.828	0.0269972
939.962	0.0275482
940.096	0.0268748
940.231	0.0266299
940.365	0.0276706
940.499	0.0270585
940.633	0.0282828
940.767	0.0269972
940.901	0.0273033
941.035	0.0280992
941.169	0.0277319
941.303	0.026936
941.437	0.0273646
941.571	0.0271809
941.706	0.0272421
941.84	0.0279155
941.974	0.0276094
942.108	0.0280992
942.242	0.0272421
942.376	0.0272421
942.51	0.0282216
942.644	0.0271197
942.778	0.0277319
942.912	0.0267524
943.047	0.0269972
943.181	0.0268136
943.315	0.0282828
943.449	0.0271197
943.583	0.0271197
943.717	0.0271809
943.851	0.0276094
943.985	0.0271809
944.119	0.0269972
944.253	0.027487
944.387	0.0273033
944.522	0.0266912
944.656	0.0272421
944.79	0.027487
944.924	0.0271197
945.058	0.0267524
945.192	0.0271809
945.326	0.0273646
945.46	0.0279155
945.594	0.0278543
945.728	0.0281604
945.862	0.0276094
945.996	0.0272421
946.131	0.027487
946.265	0.0274258
946.399	0.0279155
946.533	0.0276094
946.667	0.0273033
946.801	0.0275482
946.935	0.0271809
947.069	0.0282828
947.203	0.0279767
947.337	0.0276706
947.471	0.0274258
947.605	0.0275482
947.739	0.0279767
947.874	0.0279155
948.008	0.0273646
948.142	0.0277319
948.276	0.0259565
948.41	0.0272421
948.544	0.028344
948.678	0.0273033
948.812	0.0278543
948.946	0.0282828
949.08	0.0276094
949.214	0.0278543
949.348	0.0277931
949.482	0.0277319
949.617	0.0277931
949.751	0.0278543
949.885	0.0279155
950.019	0.0276706
950.153	0.0279155
950.287	0.0276706
950.421	0.0278543
950.555	0.0268136
950.689	0.0273033
950.823	0.0278543
950.957	0.0279155
951.091	0.0282828
951.225	0.0276094
951.359	0.0275482
951.493	0.0274258
951.628	0.0280992
951.762	0.0279155
951.896	0.0276706
952.03	0.027487
952.164	0.0273033
952.298	0.027487
952.432	0.0272421
952.566	0.0271809
952.7	0.026936
952.834	0.0271197
952.968	0.0281604
953.102	0.0277319
953.236	0.0280992
953.37	0.0278543
953.504	0.0273033
953.639	0.0277319
953.773	0.0282828
953.907	0.0277931
954.041	0.0273033
954.175	0.0280992
954.309	0.0279155
954.443	0.0275482
954.577	0.0275482
954.711	0.0269972
954.845	0.0279155
954.979	0.0282216
955.113	0.0272421
955.247	0.0277931
955.381	0.0273033
955.515	0.0269972
955.649	0.0275482
955.783	0.0284665
955.917	0.0277319
956.052	0.0273646
956.186	0.027487
956.32	0.0279155
956.454	0.0270585
956.588	0.0276094
956.722	0.028038
956.856	0.0277931
956.99	0.0276094
957.124	0.0271197
957.258	0.0275482
957.392	0.0276706
957.526	0.0275482
957.66	0.0271809
957.794	0.027487
957.928	0.028038
958.062	0.0276706
958.196	0.0269972
958.33	0.028038
958.464	0.0277319
958.598	0.0272421
958.733	0.0279155
958.867	0.026936
959.001	0.0272421
959.135	0.0273646
959.269	0.0281604
959.403	0.0280992
959.537	0.0270585
959.671	0.0284053
959.805	0.0276094
959.939	0.0278543
960.073	0.0280992
960.207	0.0269972
960.341	0.0271809
960.475	0.027487
960.609	0.0268136
960.743	0.027487
960.877	0.0282216
961.011	0.0277319
961.145	0.0276094
961.279	0.0271197
961.413	0.0278543
961.547	0.0278543
961.681	0.0258341
961.815	0.0280992
961.949	0.0279155
962.083	0.0279155
962.218	0.0276706
962.352	0.0276094
962.486	0.0274258
962.62	0.0277319
962.754	0.028344
962.888	0.0276094
963.022	0.0276706
963.156	0.0272421
963.29	0.0277931
963.424	0.027487
963.558	0.0276094
963.692	0.026936
963.826	0.0268748
963.96	0.028038
964.094	0.0274258
964.228	0.0272421
964.362	0.027487
964.496	0.0276706
964.63	0.027487
964.764	0.0273646
964.898	0.0277319
965.032	0.0279767
965.166	0.028038
965.3	0.0275482
965.434	0.0279155
965.568	0.0275482
965.702	0.0268136
965.836	0.0273033
965.97	0.0279155
966.104	0.0284665
966.238	0.0273646
966.372	0.0279767
966.506	0.0277931
966.64	0.0268748
966.774	0.0276706
966.908	0.0270585
967.043	0.0273646
967.177	0.0271197
967.311	0.0275482
967.445	0.028344
967.579	0.0274258
967.713	0.0282828
967.847	0.0284053
967.981	0.0268136
968.115	0.027487
968.249	0.0276094
968.383	0.0273646
968.517	0.0269972
968.651	0.027487
968.785	0.0277931
968.919	0.0279155
969.053	0.0274258
969.187	0.028038
969.321	0.027487
969.455	0.0273033
969.589	0.028038
969.723	0.027487
969.857	0.0275482
969.991	0.0279767
970.125	0.0274258
970.259	0.028038
970.393	0.0284665
970.527	0.0280992
970.661	0.0279155
970.795	0.0276706
970.929	0.0274258
971.063	0.0274258
971.197	0.0279767
971.331	0.0265687
971.465	0.0278543
971.599	0.0272421
971.733	0.0277319
971.867	0.0277319
972.001	0.0279767
972.135	0.0273646
972.269	0.0282828
972.403	0.0273033
972.537	0.0284665
972.671	0.0271197
972.805	0.0276094
972.939	0.0272421
973.073	0.0276706
973.207	0.0274258
973.341	0.0272421
973.475	0.027487
973.609	0.0278543
973.743	0.0285889
973.877	0.0281604
974.011	0.0271197
974.145	0.0263851
974.279	0.028344
974.413	0.0282828
974.547	0.0276094
974.681	0.0272421
974.815	0.0275482
974.949	0.0276094
975.083	0.0275482
975.217	0.0275482
975.351	0.028038
975.485	0.027487
975.619	0.0276706
975.753	0.028344
975.887	0.0266299
976.021	0.0278543
976.155	0.0273033
976.289	0.0284665
976.423	0.0279155
976.557	0.028038
976.691	0.0274258
976.825	0.0276094
976.959	0.0272421
977.093	0.0270585
977.227	0.0276706
977.361	0.0278543
977.495	0.0272421
977.629	0.028038
977.763	0.0271809
977.897	0.0280992
978.031	0.0282216
978.165	0.0279767
978.299	0.0272421
978.433	0.026936
978.567	0.028038
978.701	0.0276094
978.835	0.028038
978.969	0.028344
979.103	0.0271197
979.237	0.028344
979.371	0.0269972
979.505	0.0285277
979.639	0.028344
979.773	0.0276706
979.907	0.0278543
980.041	0.0271197
980.175	0.0273033
980.308	0.0279155
980.442	0.0279155
980.576	0.0277931
980.71	0.0278543
980.844	0.0278543
980.978	0.028038
981.112	0.0273646
981.246	0.0276706
981.38	0.0285277
981.514	0.0277931
981.648	0.0272421
981.782	0.0277931
981.916	0.0282828
982.05	0.0273033
982.184	0.0277319
982.318	0.0268748
982.452	0.0277319
982.586	0.0266912
982.72	0.0276094
982.854	0.0273646
982.988	0.0276706
983.122	0.0275482
983.256	0.0277319
983.39	0.0277931
983.524	0.0269972
983.658	0.0267524
983.792	0.0277931
983.926	0.0268748
984.06	0.0285277
984.194	0.0271197
984.328	0.0275482
984.462	0.0274258
984.596	0.0286501
984.73	0.0279767
984.864	0.0281604
984.998	0.0272421
985.132	0.0285889
985.265	0.0275482
985.399	0.0279155
985.533	0.0276094
985.667	0.0285889
985.801	0.0269972
985.935	0.027487
986.069	0.0266912
986.203	0.0273033
986.337	0.0267524
986.471	0.028344
986.605	0.0271197
986.739	0.0279767
986.873	0.0277931
987.007	0.027487
987.141	0.0273033
987.275	0.0270585
987.409	0.0270585
987.543	0.0273033
987.677	0.0278543
987.811	0.0276706
987.945	0.0266912
988.079	0.0272421
988.213	0.0281604
988.347	0.0279155
988.481	0.0279155
988.614	0.0274258
988.748	0.0266299
988.882	0.0273033
989.016	0.0274258
989.15	0.0271809
989.284	0.0277931
989.418	0.0276094
989.552	0.0276094
989.686	0.0277319
989.82	0.0276706
989.954	0.028038
990.088	0.0274258
990.222	0.0270585
990.356	0.026936
990.49	0.0276706
990.624	0.0273646
990.758	0.0276706
990.892	0.0275482
991.026	0.0274258
991.16	0.0285889
991.294	0.0276094
991.427	0.028038
991.561	0.0279155
991.695	0.0270585
991.829	0.0274258
991.963	0.0278543
992.097	0.0273033
992.231	0.0271809
992.365	0.0277319
992.499	0.0279767
992.633	0.0270585
992.767	0.0274258
992.901	0.0277931
993.035	0.027487
993.169	0.0279155
993.303	0.0266912
993.437	0.0268748
993.571	0.028038
993.704	0.0279155
993.838	0.0270585
993.972	0.0273033
994.106	0.0281604
994.24	0.0277931
994.374	0.0276094
994.508	0.027487
994.642	0.0279155
994.776	0.027487
994.91	0.0277931
995.044	0.0276094
995.178	0.0277931
995.312	0.026936
995.446	0.0268748
995.58	0.0280992
995.714	0.0280992
995.847	0.0276706
995.981	0.0271197
996.115	0.0270585
996.249	0.0276706
996.383	0.026936
996.517	0.0279767
996.651	0.0280992
996.785	0.0274258
996.919	0.026936
997.053	0.0282828
997.187	0.0278543
997.321	0.0270585
997.455	0.0271197
997.589	0.0273033
997.722	0.0276706
997.856	0.0281604
997.99	0.0271809
998.124	0.0271197
998.258	0.0279155
998.392	0.0272421
998.526	0.0273646
998.66	0.0277319
998.794	0.0274258
998.928	0.0278543
999.062	0.0274258
999.196	0.0272421
999.33	0.028038
999.464	0.0273033
999.597	0.027487
999.731	0.028344
999.865	0.0277319
999.999	0.0274258
1000.13	0.0275482
1000.27	0.027487
1000.4	0.028038
1000.53	0.0269972
1000.67	0.0277931
1000.8	0.0279767
1000.94	0.0268748
1001.07	0.0277931
1001.2	0.0279155
1001.34	0.027487
1001.47	0.0282828
1001.61	0.0271809
1001.74	0.0269972
1001.87	0.0272421
1002.01	0.0275482
1002.14	0.0279767
1002.28	0.0269972
1002.41	0.0277319
1002.54	0.0278543
1002.68	0.0288338
1002.81	0.0271197
1002.95	0.0275482
1003.08	0.028038
1003.21	0.0276706
1003.35	0.0269972
1003.48	0.0276706
1003.61	0.0276706
1003.75	0.0271197
1003.88	0.0275482
1004.02	0.028344
1004.15	0.0268136
1004.28	0.0275482
1004.42	0.0270585
1004.55	0.0275482
1004.69	0.0279155
1004.82	0.0281604
1004.95	0.0277931
1005.09	0.0279767
1005.22	0.0277931
1005.36	0.0273646
1005.49	0.0273646
1005.62	0.0275482
1005.76	0.0275482
1005.89	0.0280992
1006.03	0.0282216
1006.16	0.0281604
1006.29	0.028344
1006.43	0.0279155
1006.56	0.0279767
1006.69	0.0268136
1006.83	0.0277931
1006.96	0.0278543
1007.1	0.0275482
1007.23	0.0272421
1007.36	0.0275482
1007.5	0.027487
1007.63	0.0276094
1007.77	0.0279767
1007.9	0.0271809
1008.03	0.0277931
1008.17	0.0277931
1008.3	0.0281604
1008.44	0.0274258
1008.57	0.0263851
1008.7	0.0278543
1008.84	0.0278543
1008.97	0.0276094
1009.1	0.0277931
1009.24	0.0276094
1009.37	0.028344
1009.51	0.0278543
1009.64	0.0275482
1009.77	0.0286501
1009.91	0.0269972
1010.04	0.0282216
1010.18	0.0268748
1010.31	0.0280992
1010.44	0.0277931
1010.58	0.0276094
1010.71	0.0282828
1010.85	0.0278543
1010.98	0.0273033
1011.11	0.0273033
1011.25	0.0271809
1011.38	0.0278543
1011.51	0.0271809
1011.65	0.0280992
1011.78	0.0278543
1011.92	0.028038
1012.05	0.0279155
1012.18	0.0275482
1012.32	0.0277931
1012.45	0.0280992
1012.59	0.0277319
1012.72	0.0282216
1012.85	0.0282216
1012.99	0.0275482
1013.12	0.0268748
1013.26	0.0284053
1013.39	0.0282216
1013.52	0.0269972
1013.66	0.0268748
1013.79	0.0282828
1013.92	0.0278543
1014.06	0.0270585
1014.19	0.0277319
1014.33	0.0271197
1014.46	0.0282216
1014.59	0.0268748
1014.73	0.027487
1014.86	0.0273646
1015	0.0287114
1015.13	0.0276706
1015.26	0.027487
1015.4	0.0274258
1015.53	0.0279155
1015.67	0.0267524
1015.8	0.0284665
1015.93	0.0282828
1016.07	0.0274258
1016.2	0.0274258
1016.33	0.0278543
1016.47	0.0267524
1016.6	0.027487
1016.74	0.0282216
1016.87	0.0275482
1017	0.0276094
1017.14	0.0272421
1017.27	0.0278543
1017.41	0.0275482
1017.54	0.0268748
1017.67	0.0279767
1017.81	0.0279767
1017.94	0.0273033
1018.07	0.0267524
1018.21	0.0281604
1018.34	0.0269972
1018.48	0.0269972
1018.61	0.0271197
1018.74	0.0284053
1018.88	0.0271197
1019.01	0.0267524
1019.15	0.0273033
1019.28	0.0270585
1019.41	0.0270585
1019.55	0.0269972
1019.68	0.0273646
1019.82	0.0276706
1019.95	0.0268136
1020.08	0.0276706
1020.22	0.0279155
1020.35	0.0275482
1020.48	0.028344
1020.62	0.0271809
1020.75	0.0282828
1020.89	0.0270585
1021.02	0.027487
1021.15	0.0277319
1021.29	0.0278543
1021.42	0.0271809
1021.56	0.0273646
1021.69	0.0280992
1021.82	0.0273033
1021.96	0.0267524
1022.09	0.0284053
1022.22	0.0284053
1022.36	0.028344
1022.49	0.0267524
1022.63	0.0282216
1022.76	0.0279767
1022.89	0.0277931
1023.03	0.0275482
1023.16	0.0277319
1023.3	0.0268748
1023.43	0.028895
1023.56	0.0274258
1023.7	0.027487
1023.83	0.0279155
1023.96	0.0280992
1024.1	0.0277931
1024.23	0.0271197
1024.37	0.0282828
1024.5	0.0276706
1024.63	0.028038
1024.77	0.0281604
1024.9	0.0278543
1025.04	0.0278543
1025.17	0.0277931
1025.3	0.0277319
1025.44	0.0263238
1025.57	0.0281604
1025.7	0.0279767
1025.84	0.0277319
1025.97	0.0277931
1026.11	0.0274258
1026.24	0.0271197
1026.37	0.0274258
1026.51	0.0268136
1026.64	0.0274258
1026.78	0.0274258
1026.91	0.0270585
1027.04	0.0273033
1027.18	0.0270585
1027.31	0.0285277
1027.44	0.0274258
1027.58	0.0272421
1027.71	0.0271197
1027.85	0.0273646
1027.98	0.027487
1028.11	0.0269972
1028.25	0.0279767
1028.38	0.0277319
1028.52	0.0276094
1028.65	0.0271809
1028.78	0.0277319
1028.92	0.0280992
1029.05	0.0280992
1029.18	0.0270585
1029.32	0.0277319
1029.45	0.0272421
1029.59	0.028038
1029.72	0.0273033
1029.85	0.0276094
1029.99	0.0275482
1030.12	0.0278543
1030.26	0.0284665
1030.39	0.0272421
1030.52	0.0281604
1030.66	0.0277931
1030.79	0.0279767
1030.92	0.0273033
1031.06	0.0276094
1031.19	0.027487
1031.33	0.028038
1031.46	0.0276094
1031.59	0.0279155
1031.73	0.0280992
1031.86	0.0274258
1031.99	0.0277319
1032.13	0.0287726
1032.26	0.0288338
1032.4	0.0280992
1032.53	0.0278543
1032.66	0.0278543
1032.8	0.0273646
1032.93	0.027487
1033.07	0.0275482
1033.2	0.0282216
1033.33	0.0279767
1033.47	0.0272421
1033.6	0.0277319
1033.73	0.0277931
1033.87	0.0271197
1034	0.0277319
1034.14	0.0276706
1034.27	0.027487
1034.4	0.0277931
1034.54	0.0281604
1034.67	0.0275482
1034.81	0.0280992
1034.94	0.0281604
1035.07	0.0273033
1035.21	0.0277319
1035.34	0.0278543
1035.47	0.0267524
1035.61	0.028038
1035.74	0.0277319
1035.88	0.0273033
1036.01	0.0270585
1036.14	0.0268136
1036.28	0.0273646
1036.41	0.0274258
1036.54	0.0277319
1036.68	0.0273646
1036.81	0.0280992
1036.95	0.0267524
1037.08	0.0267524
1037.21	0.0278543
1037.35	0.0277319
1037.48	0.0269972
1037.62	0.026936
1037.75	0.027487
1037.88	0.0267524
1038.02	0.0277319
1038.15	0.0270585
1038.28	0.027487
1038.42	0.0271809
1038.55	0.0273033
1038.69	0.0282216
1038.82	0.0270585
1038.95	0.0280992
1039.09	0.0284053
1039.22	0.0271809
1039.35	0.0273033
1039.49	0.0287726
1039.62	0.0270585
1039.76	0.0278543
1039.89	0.0271197
1040.02	0.0277931
1040.16	0.0272421
1040.29	0.0276094
1040.43	0.0278543
1040.56	0.0274258
1040.69	0.027487
1040.83	0.0277319
1040.96	0.0279155
1041.09	0.027487
1041.23	0.0273033
1041.36	0.0273646
1041.5	0.0277319
1041.63	0.0268748
1041.76	0.0281604
1041.9	0.0279767
1042.03	0.0274258
1042.16	0.0276706
1042.3	0.0273033
1042.43	0.0279767
1042.57	0.0273646
1042.7	0.0277931
1042.83	0.0273646
1042.97	0.0284665
1043.1	0.0267524
1043.23	0.0282216
1043.37	0.0274258
1043.5	0.0284665
1043.64	0.0268136
1043.77	0.028344
1043.9	0.0270585
1044.04	0.0274258
1044.17	0.0280992
1044.31	0.0282216
1044.44	0.027487
1044.57	0.0276706
1044.71	0.0278543
1044.84	0.0276094
1044.97	0.0273033
1045.11	0.0282828
1045.24	0.0273033
1045.38	0.0278543
1045.51	0.0275482
1045.64	0.028038
1045.78	0.0272421
1045.91	0.0276094
1046.04	0.028038
1046.18	0.028038
1046.31	0.0275482
1046.45	0.0281604
1046.58	0.0271197
1046.71	0.0271809
1046.85	0.0268748
1046.98	0.0276706
1047.11	0.0276706
1047.25	0.0268748
1047.38	0.0274258
1047.52	0.0273646
1047.65	0.0279767
1047.78	0.0273033
1047.92	0.0273033
1048.05	0.0265687
1048.18	0.0272421
1048.32	0.028038
1048.45	0.0268136
1048.59	0.0280992
1048.72	0.0265687
1048.85	0.027487
1048.99	0.026936
1049.12	0.0284053
1049.25	0.0276706
1049.39	0.0281604
1049.52	0.027487
1049.66	0.0271809
1049.79	0.0274258
1049.92	0.0284053
1050.06	0.0271197
1050.19	0.0279155
1050.33	0.028038
1050.46	0.0279155
1050.59	0.0268136
1050.73	0.027487
1050.86	0.0278543
1050.99	0.0274258
1051.13	0.0272421
1051.26	0.0282216
1051.4	0.027487
1051.53	0.0280992
1051.66	0.0276706
1051.8	0.0277931
1051.93	0.0266912
1052.06	0.0272421
1052.2	0.0275482
1052.33	0.0276706
1052.47	0.0282216
1052.6	0.0275482
1052.73	0.0280992
1052.87	0.0273646
1053	0.0275482
1053.13	0.0268748
1053.27	0.0276094
1053.4	0.028038
1053.54	0.0270585
1053.67	0.0275482
1053.8	0.0270585
1053.94	0.0284053
1054.07	0.0273033
1054.2	0.0277931
1054.34	0.026936
1054.47	0.0275482
1054.61	0.0290787
1054.74	0.0273646
1054.87	0.0270585
1055.01	0.0276706
1055.14	0.0272421
1055.27	0.026936
1055.41	0.0272421
1055.54	0.0279155
1055.68	0.0273033
1055.81	0.0281604
1055.94	0.0277931
1056.08	0.0276094
1056.21	0.0282216
1056.34	0.028038
1056.48	0.0277931
1056.61	0.0279155
1056.75	0.0273646
1056.88	0.0277931
1057.01	0.027487
1057.15	0.028038
1057.28	0.0281604
1057.41	0.0273646
1057.55	0.0277931
1057.68	0.0273646
1057.82	0.0279155
1057.95	0.0284053
1058.08	0.0276094
1058.22	0.0277931
1058.35	0.0276706
1058.48	0.0277931
1058.62	0.0281604
1058.75	0.0276706
1058.89	0.0266912
1059.02	0.0280992
1059.15	0.0276094
1059.29	0.0275482
1059.42	0.0271809
1059.55	0.0274258
1059.69	0.0277319
1059.82	0.0282828
1059.96	0.0271197
1060.09	0.0277931
1060.22	0.0284665
1060.36	0.0277319
1060.49	0.0273646
1060.62	0.0284665
1060.76	0.0279155
1060.89	0.0266912
1061.03	0.0273033
1061.16	0.0277319
1061.29	0.0282828
1061.43	0.0275482
1061.56	0.0276094
1061.69	0.0271197
1061.83	0.0279767
1061.96	0.0266299
1062.1	0.0277319
1062.23	0.0280992
1062.36	0.0277931
1062.5	0.0278543
1062.63	0.0270585
1062.76	0.0284665
1062.9	0.0279767
1063.03	0.0273033
1063.17	0.0282828
1063.3	0.0267524
1063.43	0.0274258
1063.57	0.0284665
1063.7	0.0272421
1063.83	0.0278543
1063.97	0.0276706
1064.1	0.0284053
1064.23	0.0276094
1064.37	0.0276706
1064.5	0.0266912
1064.64	0.0279155
1064.77	0.0277931
1064.9	0.0278543
1065.04	0.0265687
1065.17	0.0271197
1065.3	0.0280992
1065.44	0.0269972
1065.57	0.0270585
1065.71	0.0278543
1065.84	0.0272421
1065.97	0.0278543
1066.11	0.0275482
1066.24	0.0289562
1066.37	0.0274258
1066.51	0.0273646
1066.64	0.0278543
1066.78	0.0271809
1066.91	0.0285889
1067.04	0.0274258
1067.18	0.0279767
1067.31	0.0271197
1067.44	0.0279767
1067.58	0.026936
1067.71	0.0282828
1067.85	0.0272421
1067.98	0.0271197
1068.11	0.0276094
1068.25	0.0279155
1068.38	0.027487
1068.51	0.0278543
1068.65	0.028038
1068.78	0.0284053
1068.92	0.028038
1069.05	0.0271809
1069.18	0.0277319
1069.32	0.0275482
1069.45	0.0278543
1069.58	0.0275482
1069.72	0.0269972
1069.85	0.0274258
1069.98	0.0279155
1070.12	0.027487
1070.25	0.0274258
1070.39	0.0265687
1070.52	0.0277931
1070.65	0.0280992
1070.79	0.0273033
1070.92	0.0284665
1071.05	0.0272421
1071.19	0.0287726
1071.32	0.0276094
1071.46	0.0277931
1071.59	0.0277931
1071.72	0.0273033
1071.86	0.0273646
1071.99	0.0278543
1072.12	0.026936
1072.26	0.0279767
1072.39	0.0274258
1072.53	0.0286501
1072.66	0.0280992
1072.79	0.0269972
1072.93	0.0282828
1073.06	0.0276706
1073.19	0.0277319
1073.33	0.0276094
1073.46	0.028038
1073.59	0.0269972
1073.73	0.0275482
1073.86	0.0280992
1074	0.0273646
1074.13	0.0282828
1074.26	0.0278543
1074.4	0.0273033
1074.53	0.0277319
1074.66	0.0281604
1074.8	0.0278543
1074.93	0.0276706
1075.07	0.0269972
1075.2	0.0273646
1075.33	0.0276094
1075.47	0.0277319
1075.6	0.0277319
1075.73	0.0284665
1075.87	0.0275482
1076	0.026936
1076.14	0.0276094
1076.27	0.0277319
1076.4	0.0273646
1076.54	0.0277319
1076.67	0.0277319
1076.8	0.0285277
1076.94	0.0268748
1077.07	0.0276706
1077.2	0.0276094
1077.34	0.0272421
1077.47	0.0281604
1077.61	0.026936
1077.74	0.0263851
1077.87	0.0270585
1078.01	0.0274258
1078.14	0.0275482
1078.27	0.0284053
1078.41	0.0281604
1078.54	0.026936
1078.68	0.0276094
1078.81	0.0266912
1078.94	0.0271809
1079.08	0.0278543
1079.21	0.028038
1079.34	0.0282828
1079.48	0.0275482
1079.61	0.0268136
1079.74	0.028344
1079.88	0.027487
1080.01	0.0280992
1080.15	0.0273646
1080.28	0.028344
1080.41	0.027487
1080.55	0.0271197
1080.68	0.0281604
1080.81	0.028038
1080.95	0.0279155
1081.08	0.0278543
1081.22	0.0276706
1081.35	0.0272421
1081.48	0.027487
1081.62	0.0277931
1081.75	0.0271809
1081.88	0.027487
1082.02	0.0279767
1082.15	0.0265687
1082.28	0.0276706
1082.42	0.0273646
1082.55	0.0276094
1082.69	0.0270585
1082.82	0.0285277
1082.95	0.027487
1083.09	0.0273033
1083.22	0.0266299
1083.35	0.0273033
1083.49	0.0285277
1083.62	0.0285277
1083.75	0.0268748
1083.89	0.0273646
1084.02	0.0287114
1084.16	0.0272421
1084.29	0.0275482
1084.42	0.0276094
1084.56	0.0268136
1084.69	0.0269972
1084.82	0.0272421
1084.96	0.027487
1085.09	0.0276094
1085.23	0.0271197
1085.36	0.0279767
1085.49	0.0276706
1085.63	0.0266299
1085.76	0.0268748
1085.89	0.027487
1086.03	0.0278543
1086.16	0.0273646
1086.29	0.0285277
1086.43	0.0268136
1086.56	0.0278543
1086.7	0.028038
1086.83	0.0274258
1086.96	0.0282216
1087.1	0.0276094
1087.23	0.0276706
1087.36	0.0268748
1087.5	0.0276706
1087.63	0.0277931
1087.76	0.0278543
1087.9	0.0277931
1088.03	0.0273646
1088.17	0.0281604
1088.3	0.0279767
1088.43	0.0276706
1088.57	0.0284053
1088.7	0.0273033
1088.83	0.0279767
1088.97	0.0279155
1089.1	0.0277319
1089.24	0.0273033
1089.37	0.0281604
1089.5	0.0275482
1089.64	0.0276706
1089.77	0.0269972
1089.9	0.0271809
1090.04	0.0278543
1090.17	0.0277931
1090.3	0.0287114
1090.44	0.0276094
1090.57	0.0279155
1090.71	0.0277319
1090.84	0.028038
1090.97	0.0282216
1091.11	0.028344
1091.24	0.0279767
1091.37	0.0268136
1091.51	0.0272421
1091.64	0.0282216
1091.77	0.0278543
1091.91	0.0275482
1092.04	0.0274258
1092.18	0.0276706
1092.31	0.0275482
1092.44	0.0282828
1092.58	0.0273033
1092.71	0.0281604
1092.84	0.0270585
1092.98	0.028344
1093.11	0.0279767
1093.24	0.0271197
1093.38	0.0273646
1093.51	0.0276706
1093.65	0.027487
1093.78	0.0278543
1093.91	0.026936
1094.05	0.0277931
1094.18	0.0272421
1094.31	0.0275482
1094.45	0.0274258
1094.58	0.0279155
1094.71	0.0284665
1094.85	0.0280992
1094.98	0.027487
1095.12	0.0265687
1095.25	0.0274258
1095.38	0.0274258
1095.52	0.0276706
1095.65	0.0271809
1095.78	0.0270585
1095.92	0.028344
1096.05	0.0275482
1096.18	0.0271809
1096.32	0.0275482
1096.45	0.0276706
1096.59	0.0272421
1096.72	0.0273646
1096.85	0.0277931
1096.99	0.0273033
1097.12	0.0277319
1097.25	0.0273033
1097.39	0.0273646
1097.52	0.0275482
1097.65	0.0276094
1097.79	0.0277319
1097.92	0.0279767
1098.06	0.0273033
1098.19	0.0272421
1098.32	0.0275482
1098.46	0.0269972
1098.59	0.0276706
1098.72	0.0276094
1098.86	0.027487
1098.99	0.0285277
1099.12	0.026936
1099.26	0.0276094
1099.39	0.0287726
1099.53	0.0279155
1099.66	0.0276094
1099.79	0.0278543
1099.93	0.028038
1100.06	0.0276706
1100.19	0.028344
1100.33	0.0277931
1100.46	0.0276094
1100.59	0.0282828
1100.73	0.0280992
1100.86	0.0281604
1100.99	0.0278543
1101.13	0.0282828
1101.26	0.027487
1101.4	0.0279767
1101.53	0.0269972
1101.66	0.0279155
1101.8	0.0277931
1101.93	0.0271197
1102.06	0.0282828
1102.2	0.0279767
1102.33	0.0282216
1102.46	0.0278543
1102.6	0.0284665
1102.73	0.0277931
1102.87	0.0268136
1103	0.028038
1103.13	0.0277931
1103.27	0.0281604
1103.4	0.0273033
1103.53	0.0270585
1103.67	0.0275482
1103.8	0.0282828
1103.93	0.0275482
1104.07	0.0276094
1104.2	0.0267524
1104.34	0.0284665
1104.47	0.0274258
1104.6	0.0273646
1104.74	0.0279767
1104.87	0.0277319
1105	0.0281604
1105.14	0.0275482
1105.27	0.0279767
1105.4	0.0278543
1105.54	0.0272421
1105.67	0.0277319
1105.8	0.0271197
1105.94	0.0276094
1106.07	0.0273033
1106.21	0.0269972
1106.34	0.0269972
1106.47	0.0280992
1106.61	0.0275482
1106.74	0.0282216
1106.87	0.0274258
1107.01	0.0272421
1107.14	0.0277931
1107.27	0.0275482
1107.41	0.0279155
1107.54	0.0276706

