Source: Spectrum Viewer

Chart: Pulse Spectrum

Series: 
Wavelength (nm)	S (a.u.)
617.638	0.0285313
617.773	0.0273094
617.908	0.0277981
618.043	0.0275538
618.178	0.0271872
618.313	0.0273094
618.448	0.0271872
618.583	0.0275538
618.718	0.0267595
618.853	0.0280425
618.988	0.0282258
619.123	0.0285924
619.258	0.0279814
619.394	0.027676
619.529	0.0281647
619.664	0.027065
619.799	0.0276149
619.934	0.0273094
620.069	0.0277981
620.204	0.0271261
620.339	0.0273705
620.474	0.0273705
620.609	0.0272483
620.744	0.0275538
620.879	0.0279203
621.014	0.0281036
621.149	0.0277981
621.284	0.0277981
621.419	0.0279203
621.554	0.0280425
621.689	0.0268817
621.825	0.0269428
621.96	0.0278592
622.095	0.0269428
622.23	0.0276149
622.365	0.0271261
622.5	0.0276149
622.635	0.0274927
622.77	0.027737
622.905	0.0271261
623.04	0.0279814
623.175	0.0273094
623.31	0.0274927
623.445	0.028348
623.58	0.027676
623.715	0.0276149
623.85	0.0275538
623.985	0.0274927
624.12	0.0272483
624.255	0.0275538
624.39	0.0278592
624.525	0.0269428
624.661	0.0266373
624.796	0.027065
624.931	0.0279814
625.066	0.0279203
625.201	0.0276149
625.336	0.0271261
625.471	0.0274316
625.606	0.0271872
625.741	0.0272483
625.876	0.0268206
626.011	0.0273705
626.146	0.0267595
626.281	0.0285924
626.416	0.0267595
626.551	0.0271872
626.686	0.027737
626.821	0.0272483
626.956	0.0272483
627.091	0.0287146
627.226	0.0274316
627.361	0.0274316
627.496	0.0286535
627.631	0.0274927
627.766	0.027065
627.901	0.0272483
628.036	0.0279203
628.171	0.027676
628.307	0.0276149
628.442	0.027065
628.577	0.0274927
628.712	0.0276149
628.847	0.0266984
628.982	0.027737
629.117	0.0279814
629.252	0.0288978
629.387	0.0274927
629.522	0.0281647
629.657	0.0274316
629.792	0.0281036
629.927	0.0284091
630.062	0.0275538
630.197	0.0281036
630.332	0.0285924
630.467	0.0270039
630.602	0.0267595
630.737	0.0269428
630.872	0.0284091
631.007	0.0273094
631.142	0.0277981
631.277	0.0272483
631.412	0.0271872
631.547	0.027676
631.682	0.0270039
631.817	0.0271261
631.952	0.0282258
632.087	0.0279814
632.222	0.0279203
632.357	0.0279203
632.492	0.0278592
632.627	0.027737
632.762	0.0280425
632.897	0.0273094
633.032	0.0275538
633.167	0.0269428
633.302	0.0279814
633.437	0.0279814
633.572	0.0281036
633.707	0.027676
633.842	0.027737
633.978	0.0275538
634.113	0.0274316
634.248	0.0279203
634.383	0.0273094
634.518	0.027676
634.653	0.0273094
634.788	0.0274316
634.923	0.0279814
635.058	0.0275538
635.193	0.0265152
635.328	0.0276149
635.463	0.0270039
635.598	0.0280425
635.733	0.028348
635.868	0.0274316
636.003	0.0279203
636.138	0.0274316
636.273	0.0269428
636.408	0.0279203
636.543	0.0285924
636.678	0.0266984
636.813	0.0274927
636.948	0.0270039
637.083	0.0279814
637.218	0.027737
637.353	0.0271261
637.488	0.0268817
637.623	0.0268206
637.758	0.027065
637.893	0.0274316
638.028	0.0270039
638.163	0.0274316
638.298	0.0274927
638.433	0.0279203
638.568	0.0273094
638.703	0.0281036
638.838	0.0274316
638.973	0.0279203
639.108	0.0284091
639.243	0.0282258
639.378	0.0266984
639.513	0.0279814
639.648	0.027676
639.783	0.0278592
639.918	0.0272483
640.053	0.027737
640.188	0.0266984
640.323	0.0271872
640.458	0.0276149
640.593	0.0278592
640.728	0.0280425
640.863	0.0270039
640.998	0.0270039
641.133	0.0279203
641.268	0.0276149
641.403	0.0273094
641.538	0.0273094
641.673	0.0274927
641.808	0.0281036
641.943	0.0282869
642.078	0.0274927
642.213	0.0273705
642.348	0.0279203
642.483	0.0268817
642.618	0.0266984
642.753	0.0269428
642.888	0.0275538
643.023	0.027737
643.158	0.0271872
643.293	0.0280425
643.428	0.0272483
643.563	0.0273705
643.698	0.0280425
643.833	0.027065
643.968	0.0274927
644.103	0.0271261
644.237	0.027676
644.372	0.0271261
644.507	0.0266984
644.642	0.0281647
644.777	0.0273705
644.912	0.0275538
645.047	0.0270039
645.182	0.0280425
645.317	0.0274316
645.452	0.0272483
645.587	0.0275538
645.722	0.0280425
645.857	0.0273705
645.992	0.0274927
646.127	0.0278592
646.262	0.0281647
646.397	0.0273705
646.532	0.0271872
646.667	0.027065
646.802	0.0276149
646.937	0.0274927
647.072	0.0275538
647.207	0.0272483
647.342	0.027737
647.477	0.0274316
647.612	0.0268206
647.747	0.028348
647.882	0.0277981
648.017	0.0275538
648.152	0.0287757
648.287	0.027737
648.422	0.0270039
648.557	0.0274316
648.692	0.0271261
648.827	0.0277981
648.962	0.0271872
649.097	0.027676
649.232	0.0266373
649.367	0.027737
649.502	0.027065
649.637	0.0266373
649.772	0.027737
649.906	0.027065
650.041	0.0273705
650.176	0.0278592
650.311	0.0284702
650.446	0.0271261
650.581	0.0282869
650.716	0.0274316
650.851	0.0279814
650.986	0.027737
651.121	0.0278592
651.256	0.0266373
651.391	0.0275538
651.526	0.0277981
651.661	0.0277981
651.796	0.0272483
651.931	0.0279203
652.066	0.0284091
652.201	0.0272483
652.336	0.0273094
652.471	0.027065
652.606	0.028348
652.741	0.0274927
652.876	0.0278592
653.011	0.0274316
653.146	0.028348
653.281	0.0276149
653.415	0.0267595
653.55	0.0282258
653.685	0.0284091
653.82	0.0275538
653.955	0.0268817
654.09	0.0271261
654.225	0.0270039
654.36	0.0281036
654.495	0.0271261
654.63	0.0280425
654.765	0.028348
654.9	0.027737
655.035	0.0268206
655.17	0.0274927
655.305	0.0278592
655.44	0.027737
655.575	0.0287757
655.71	0.0281647
655.845	0.027065
655.98	0.0271261
656.115	0.0274927
656.25	0.0272483
656.384	0.0279203
656.519	0.0276149
656.654	0.027737
656.789	0.0274316
656.924	0.0273705
657.059	0.0273705
657.194	0.0276149
657.329	0.0275538
657.464	0.0274316
657.599	0.0271261
657.734	0.0279814
657.869	0.0282258
658.004	0.0282869
658.139	0.0265762
658.274	0.0268817
658.409	0.0271872
658.544	0.0272483
658.679	0.0278592
658.813	0.0278592
658.948	0.027737
659.083	0.027737
659.218	0.0279203
659.353	0.0272483
659.488	0.0284702
659.623	0.0279203
659.758	0.0285313
659.893	0.0274316
660.028	0.0273094
660.163	0.0273705
660.298	0.0274927
660.433	0.0271261
660.568	0.0268206
660.703	0.0281036
660.838	0.0277981
660.972	0.0274316
661.107	0.0279814
661.242	0.0273094
661.377	0.0287146
661.512	0.0279203
661.647	0.0274927
661.782	0.0279814
661.917	0.0274927
662.052	0.0272483
662.187	0.0275538
662.322	0.0281036
662.457	0.0271872
662.592	0.0279203
662.727	0.0273705
662.862	0.0279814
662.996	0.0274927
663.131	0.0278592
663.266	0.0280425
663.401	0.0274927
663.536	0.0276149
663.671	0.0281036
663.806	0.0281036
663.941	0.0275538
664.076	0.0274927
664.211	0.0266373
664.346	0.0273705
664.481	0.0278592
664.616	0.0282258
664.75	0.027676
664.885	0.0278592
665.02	0.0276149
665.155	0.0273705
665.29	0.0284091
665.425	0.0274316
665.56	0.0273705
665.695	0.0275538
665.83	0.0271261
665.965	0.0273705
666.1	0.027065
666.235	0.0271261
666.37	0.0273705
666.504	0.0271872
666.639	0.0260875
666.774	0.0273094
666.909	0.0274927
667.044	0.0284091
667.179	0.0265152
667.314	0.0284091
667.449	0.0276149
667.584	0.0282258
667.719	0.0274927
667.854	0.0275538
667.989	0.0274927
668.123	0.0279203
668.258	0.027676
668.393	0.0268206
668.528	0.027676
668.663	0.027737
668.798	0.0273705
668.933	0.0276149
669.068	0.0288368
669.203	0.0277981
669.338	0.027737
669.473	0.0274927
669.607	0.0273094
669.742	0.0277981
669.877	0.0287146
670.012	0.0280425
670.147	0.0275538
670.282	0.0279203
670.417	0.027676
670.552	0.0273705
670.687	0.0266373
670.822	0.0276149
670.957	0.0273705
671.091	0.0276149
671.226	0.0267595
671.361	0.0274927
671.496	0.0280425
671.631	0.0278592
671.766	0.0274927
671.901	0.0276149
672.036	0.0268206
672.171	0.0278592
672.306	0.0276149
672.44	0.027676
672.575	0.0273705
672.71	0.0275538
672.845	0.0268817
672.98	0.0271261
673.115	0.0271872
673.25	0.0275538
673.385	0.0272483
673.52	0.0279814
673.655	0.027737
673.789	0.0273094
673.924	0.027065
674.059	0.0279814
674.194	0.0271261
674.329	0.0277981
674.464	0.0279203
674.599	0.0270039
674.734	0.0271261
674.869	0.0278592
675.003	0.0265152
675.138	0.027737
675.273	0.0273094
675.408	0.0279814
675.543	0.0273705
675.678	0.0284702
675.813	0.0277981
675.948	0.0280425
676.083	0.027065
676.217	0.0274927
676.352	0.0276149
676.487	0.028348
676.622	0.0269428
676.757	0.0279814
676.892	0.0280425
677.027	0.027676
677.162	0.0273705
677.297	0.0270039
677.431	0.0273094
677.566	0.0273705
677.701	0.0273094
677.836	0.0291422
677.971	0.027676
678.106	0.0279814
678.241	0.027065
678.376	0.0281036
678.511	0.0274927
678.645	0.0271261
678.78	0.0266373
678.915	0.0273094
679.05	0.0278592
679.185	0.0273094
679.32	0.027065
679.455	0.027737
679.59	0.0271872
679.724	0.0284702
679.859	0.0269428
679.994	0.0274927
680.129	0.0274927
680.264	0.0279203
680.399	0.0276149
680.534	0.0276149
680.669	0.0269428
680.803	0.0281647
680.938	0.0273705
681.073	0.028348
681.208	0.027737
681.343	0.0281036
681.478	0.0273094
681.613	0.0280425
681.748	0.0268206
681.882	0.027737
682.017	0.0270039
682.152	0.0282869
682.287	0.0275538
682.422	0.0273094
682.557	0.0269428
682.692	0.0279814
682.827	0.0279814
682.961	0.0274316
683.096	0.0271872
683.231	0.027737
683.366	0.0275538
683.501	0.0272483
683.636	0.028348
683.771	0.0267595
683.906	0.0271872
684.04	0.0272483
684.175	0.027737
684.31	0.0273705
684.445	0.0279814
684.58	0.027065
684.715	0.0281036
684.85	0.0271872
684.984	0.0277981
685.119	0.0273705
685.254	0.0279203
685.389	0.0276149
685.524	0.0279814
685.659	0.0279203
685.794	0.0270039
685.928	0.027737
686.063	0.0276149
686.198	0.0278592
686.333	0.0269428
686.468	0.0275538
686.603	0.0268206
686.738	0.0280425
686.872	0.028348
687.007	0.0281647
687.142	0.0274316
687.277	0.0278592
687.412	0.0276149
687.547	0.0275538
687.682	0.0273705
687.816	0.0279203
687.951	0.027065
688.086	0.0273705
688.221	0.0274316
688.356	0.0271872
688.491	0.0279814
688.626	0.0279203
688.76	0.0284091
688.895	0.0278592
689.03	0.0277981
689.165	0.0275538
689.3	0.0271872
689.435	0.0276149
689.57	0.0277981
689.704	0.0285924
689.839	0.0279814
689.974	0.0274927
690.109	0.0277981
690.244	0.0273705
690.379	0.0275538
690.513	0.027065
690.648	0.0277981
690.783	0.0262708
690.918	0.0269428
691.053	0.0275538
691.188	0.027737
691.323	0.0275538
691.457	0.0268817
691.592	0.028348
691.727	0.0271872
691.862	0.0274927
691.997	0.0285924
692.132	0.0276149
692.266	0.0275538
692.401	0.0282258
692.536	0.0273705
692.671	0.0271872
692.806	0.0276149
692.941	0.0270039
693.075	0.0271261
693.21	0.0273094
693.345	0.0272483
693.48	0.0277981
693.615	0.0274927
693.75	0.0280425
693.885	0.0282869
694.019	0.0271872
694.154	0.0273705
694.289	0.0273705
694.424	0.0268206
694.559	0.027737
694.694	0.0274316
694.828	0.0271872
694.963	0.0277981
695.098	0.0281036
695.233	0.027065
695.368	0.0277981
695.503	0.0279203
695.637	0.0274927
695.772	0.028348
695.907	0.0266373
696.042	0.0274316
696.177	0.0272483
696.312	0.0281036
696.446	0.0272483
696.581	0.0267595
696.716	0.0284702
696.851	0.0282869
696.986	0.027676
697.12	0.0278592
697.255	0.0272483
697.39	0.0267595
697.525	0.0274316
697.66	0.0269428
697.795	0.0286535
697.929	0.0265152
698.064	0.027676
698.199	0.027676
698.334	0.0273094
698.469	0.0274927
698.604	0.027676
698.738	0.0268817
698.873	0.0281036
699.008	0.0272483
699.143	0.0276149
699.278	0.0274316
699.412	0.028348
699.547	0.0271872
699.682	0.0275538
699.817	0.0273094
699.952	0.0272483
700.087	0.0270039
700.221	0.0274927
700.356	0.0278592
700.491	0.0267595
700.626	0.0270039
700.761	0.0282258
700.895	0.0272483
701.03	0.0277981
701.165	0.0274927
701.3	0.0281036
701.435	0.0281647
701.57	0.0278592
701.704	0.0266984
701.839	0.0284091
701.974	0.0273705
702.109	0.0271872
702.244	0.027737
702.378	0.0274927
702.513	0.0273094
702.648	0.0277981
702.783	0.027676
702.918	0.0273705
703.052	0.0282258
703.187	0.0273094
703.322	0.027737
703.457	0.027065
703.592	0.0271872
703.727	0.0274316
703.861	0.0278592
703.996	0.0280425
704.131	0.027676
704.266	0.0279203
704.401	0.027676
704.535	0.0271872
704.67	0.0274927
704.805	0.027065
704.94	0.0275538
705.075	0.027676
705.209	0.0271872
705.344	0.0272483
705.479	0.0281036
705.614	0.0280425
705.749	0.0274316
705.883	0.0272483
706.018	0.027065
706.153	0.0281036
706.288	0.0280425
706.423	0.027737
706.557	0.0279203
706.692	0.0277981
706.827	0.0274927
706.962	0.0275538
707.097	0.0280425
707.231	0.0284091
707.366	0.0273705
707.501	0.0271872
707.636	0.0274316
707.771	0.0272483
707.905	0.0273094
708.04	0.0267595
708.175	0.0273094
708.31	0.0273094
708.445	0.0289589
708.579	0.0273094
708.714	0.0274927
708.849	0.027065
708.984	0.0274316
709.118	0.0273705
709.253	0.0277981
709.388	0.0274927
709.523	0.0277981
709.658	0.0273094
709.792	0.0269428
709.927	0.0277981
710.062	0.027065
710.197	0.0274927
710.332	0.0271872
710.466	0.0275538
710.601	0.0272483
710.736	0.0279814
710.871	0.0273705
711.006	0.0280425
711.14	0.0271872
711.275	0.0278592
711.41	0.0277981
711.545	0.027676
711.679	0.0281036
711.814	0.0277981
711.949	0.0272483
712.084	0.0279203
712.219	0.027737
712.353	0.027065
712.488	0.0276149
712.623	0.0276149
712.758	0.0269428
712.892	0.0271872
713.027	0.0274927
713.162	0.0279203
713.297	0.0280425
713.432	0.0279814
713.566	0.0275538
713.701	0.0274927
713.836	0.0270039
713.971	0.0273094
714.105	0.0268206
714.24	0.0276149
714.375	0.0279814
714.51	0.0266984
714.645	0.0273705
714.779	0.027676
714.914	0.0273094
715.049	0.0271872
715.184	0.0278592
715.318	0.0287146
715.453	0.0280425
715.588	0.0281647
715.723	0.027737
715.858	0.0280425
715.992	0.027676
716.127	0.027737
716.262	0.0280425
716.397	0.0270039
716.531	0.0272483
716.666	0.0275538
716.801	0.0274316
716.936	0.0275538
717.07	0.0270039
717.205	0.0267595
717.34	0.0274927
717.475	0.0284702
717.61	0.0273705
717.744	0.0266984
717.879	0.0279814
718.014	0.0279203
718.149	0.028348
718.283	0.0281036
718.418	0.0282869
718.553	0.0276149
718.688	0.0280425
718.822	0.0280425
718.957	0.0268817
719.092	0.0278592
719.227	0.0274316
719.361	0.027737
719.496	0.0273705
719.631	0.0267595
719.766	0.0272483
719.9	0.0272483
720.035	0.027737
720.17	0.0281036
720.305	0.0281647
720.44	0.0277981
720.574	0.0279203
720.709	0.027065
720.844	0.0270039
720.979	0.0279814
721.113	0.0274316
721.248	0.027676
721.383	0.0279814
721.518	0.027676
721.652	0.0284091
721.787	0.0276149
721.922	0.0277981
722.057	0.0279814
722.191	0.0272483
722.326	0.0274927
722.461	0.0279203
722.596	0.0282869
722.73	0.0272483
722.865	0.0281647
723	0.0278592
723.135	0.0271872
723.269	0.027737
723.404	0.0280425
723.539	0.0276149
723.674	0.0275538
723.808	0.0270039
723.943	0.027737
724.078	0.0275538
724.213	0.0274927
724.347	0.027676
724.482	0.027065
724.617	0.0274316
724.752	0.0271872
724.886	0.0273705
725.021	0.0276149
725.156	0.0276149
725.291	0.0273705
725.425	0.0279814
725.56	0.027065
725.695	0.0267595
725.829	0.0277981
725.964	0.0271872
726.099	0.0276149
726.234	0.0271261
726.368	0.0282258
726.503	0.0273094
726.638	0.027065
726.773	0.0279203
726.907	0.0279203
727.042	0.0271261
727.177	0.0279814
727.312	0.0287146
727.446	0.0273094
727.581	0.027676
727.716	0.0273094
727.851	0.0275538
727.985	0.0278592
728.12	0.0272483
728.255	0.027676
728.389	0.0273094
728.524	0.0272483
728.659	0.0271872
728.794	0.0277981
728.928	0.0275538
729.063	0.0287757
729.198	0.0274316
729.333	0.0285924
729.467	0.0270039
729.602	0.0274927
729.737	0.0270039
729.872	0.0278592
730.006	0.0280425
730.141	0.0281647
730.276	0.0274316
730.41	0.0273705
730.545	0.0272483
730.68	0.0274927
730.815	0.0275538
730.949	0.0274927
731.084	0.0279203
731.219	0.0273094
731.354	0.027737
731.488	0.0282258
731.623	0.0279814
731.758	0.0277981
731.892	0.0274927
732.027	0.027737
732.162	0.0281647
732.297	0.0279203
732.431	0.0279203
732.566	0.0275538
732.701	0.0274316
732.835	0.0276149
732.97	0.0275538
733.105	0.0274316
733.24	0.0274927
733.374	0.0274927
733.509	0.0282869
733.644	0.0278592
733.779	0.027676
733.913	0.0274927
734.048	0.0274316
734.183	0.0274316
734.317	0.0270039
734.452	0.0281036
734.587	0.0271872
734.722	0.0269428
734.856	0.0276149
734.991	0.0271872
735.126	0.0271261
735.26	0.0279203
735.395	0.028348
735.53	0.0274316
735.665	0.0282258
735.799	0.0279814
735.934	0.0273094
736.069	0.0268206
736.203	0.0277981
736.338	0.027065
736.473	0.0273094
736.607	0.0274316
736.742	0.0276149
736.877	0.0273094
737.012	0.028348
737.146	0.027676
737.281	0.0275538
737.416	0.0275538
737.55	0.026393
737.685	0.0272483
737.82	0.0272483
737.955	0.0270039
738.089	0.0279814
738.224	0.0271261
738.359	0.0277981
738.493	0.027737
738.628	0.0269428
738.763	0.027676
738.897	0.0274927
739.032	0.027737
739.167	0.0279814
739.302	0.0282258
739.436	0.0274316
739.571	0.0271261
739.706	0.0279814
739.84	0.0274927
739.975	0.0273705
740.11	0.0276149
740.244	0.027065
740.379	0.0272483
740.514	0.027065
740.649	0.0278592
740.783	0.0277981
740.918	0.0271872
741.053	0.026393
741.187	0.0276149
741.322	0.0276149
741.457	0.0273094
741.591	0.0276149
741.726	0.0279814
741.861	0.027065
741.996	0.0268817
742.13	0.0265152
742.265	0.0273094
742.4	0.0282258
742.534	0.0274316
742.669	0.0272483
742.804	0.0269428
742.938	0.0275538
743.073	0.0279814
743.208	0.0282869
743.342	0.0285924
743.477	0.027737
743.612	0.0273094
743.747	0.0280425
743.881	0.0269428
744.016	0.0268206
744.151	0.0273094
744.285	0.0275538
744.42	0.0273705
744.555	0.0276149
744.689	0.0273094
744.824	0.0266373
744.959	0.027065
745.093	0.027065
745.228	0.0278592
745.363	0.0274927
745.497	0.0268817
745.632	0.0268817
745.767	0.0266984
745.901	0.0278592
746.036	0.0265152
746.171	0.0284702
746.305	0.027676
746.44	0.0285924
746.575	0.0280425
746.71	0.0273094
746.844	0.0280425
746.979	0.0279814
747.114	0.027737
747.248	0.0276149
747.383	0.0282258
747.518	0.0282258
747.652	0.0279814
747.787	0.0273705
747.922	0.027065
748.056	0.0272483
748.191	0.027065
748.326	0.0274927
748.46	0.0273705
748.595	0.0274316
748.73	0.0262708
748.864	0.0277981
748.999	0.0274927
749.134	0.0273094
749.268	0.0284702
749.403	0.0270039
749.538	0.0273094
749.672	0.0276149
749.807	0.0273094
749.942	0.027676
750.076	0.0276149
750.211	0.0279203
750.346	0.0279814
750.48	0.0262708
750.615	0.0271872
750.75	0.0268817
750.884	0.0277981
751.019	0.0275538
751.154	0.0274927
751.288	0.0279203
751.423	0.0273094
751.558	0.0273705
751.692	0.0273094
751.827	0.0272483
751.962	0.0276149
752.096	0.0282258
752.231	0.0274927
752.366	0.0281036
752.5	0.0273705
752.635	0.0273094
752.77	0.027676
752.904	0.0280425
753.039	0.0269428
753.174	0.027065
753.308	0.028348
753.443	0.0277981
753.578	0.0271872
753.712	0.0277981
753.847	0.0266984
753.982	0.0278592
754.116	0.027737
754.251	0.0279203
754.386	0.0285924
754.52	0.0279814
754.655	0.0278592
754.79	0.0272483
754.924	0.027737
755.059	0.0278592
755.194	0.0274927
755.328	0.0274927
755.463	0.027065
755.597	0.027676
755.732	0.0277981
755.867	0.0284091
756.001	0.027065
756.136	0.0273705
756.271	0.027676
756.405	0.027065
756.54	0.0281647
756.675	0.0274927
756.809	0.0271872
756.944	0.0280425
757.079	0.0276149
757.213	0.0274927
757.348	0.0278592
757.483	0.0274927
757.617	0.0273094
757.752	0.0284091
757.887	0.0277981
758.021	0.027065
758.156	0.0271261
758.29	0.0274316
758.425	0.0279814
758.56	0.0271872
758.694	0.0273094
758.829	0.027676
758.964	0.0279814
759.098	0.027676
759.233	0.0275538
759.368	0.0271261
759.502	0.0280425
759.637	0.0282258
759.772	0.0285924
759.906	0.0274316
760.041	0.0280425
760.175	0.0271872
760.31	0.0268206
760.445	0.027737
760.579	0.0280425
760.714	0.0278592
760.849	0.0277981
760.983	0.0273705
761.118	0.027737
761.253	0.0270039
761.387	0.0287757
761.522	0.0274316
761.656	0.0278592
761.791	0.0274927
761.926	0.0273094
762.06	0.0272483
762.195	0.026393
762.33	0.0268817
762.464	0.027065
762.599	0.0280425
762.733	0.0267595
762.868	0.0281036
763.003	0.0279203
763.137	0.028348
763.272	0.0272483
763.407	0.0278592
763.541	0.0279203
763.676	0.0284091
763.811	0.0270039
763.945	0.0282258
764.08	0.0274927
764.214	0.027737
764.349	0.0275538
764.484	0.0273705
764.618	0.0277981
764.753	0.0273705
764.888	0.0267595
765.022	0.0275538
765.157	0.0279203
765.291	0.0274927
765.426	0.0271872
765.561	0.0270039
765.695	0.0274927
765.83	0.0279203
765.965	0.0271261
766.099	0.0279203
766.234	0.027737
766.368	0.0266373
766.503	0.0274927
766.638	0.0278592
766.772	0.027737
766.907	0.0269428
767.041	0.0277981
767.176	0.0270039
767.311	0.0272483
767.445	0.0275538
767.58	0.0269428
767.715	0.0270039
767.849	0.0285313
767.984	0.0280425
768.118	0.028348
768.253	0.0268206
768.388	0.0281647
768.522	0.027065
768.657	0.0281647
768.791	0.0262708
768.926	0.0279203
769.061	0.0274316
769.195	0.0271261
769.33	0.0276149
769.465	0.0272483
769.599	0.0272483
769.734	0.0271872
769.868	0.0275538
770.003	0.0277981
770.138	0.0275538
770.272	0.0275538
770.407	0.0267595
770.541	0.0273094
770.676	0.0275538
770.811	0.027676
770.945	0.0265152
771.08	0.0286535
771.214	0.0266373
771.349	0.0270039
771.484	0.0266984
771.618	0.0279203
771.753	0.0274927
771.887	0.0282258
772.022	0.0281036
772.157	0.0277981
772.291	0.0273094
772.426	0.0269428
772.56	0.0273094
772.695	0.0272483
772.83	0.027737
772.964	0.0270039
773.099	0.0271872
773.233	0.027676
773.368	0.0270039
773.503	0.0271872
773.637	0.0286535
773.772	0.027737
773.906	0.0274316
774.041	0.027676
774.176	0.0261486
774.31	0.0284702
774.445	0.0277981
774.579	0.0267595
774.714	0.0271261
774.849	0.0280425
774.983	0.0271261
775.118	0.027737
775.252	0.0281036
775.387	0.0272483
775.522	0.0271261
775.656	0.0281036
775.791	0.0277981
775.925	0.0270039
776.06	0.0275538
776.195	0.0274927
776.329	0.0282258
776.464	0.0272483
776.598	0.0277981
776.733	0.0272483
776.868	0.0279203
777.002	0.0277981
777.137	0.0274316
777.271	0.0280425
777.406	0.027737
777.54	0.0272483
777.675	0.0277981
777.81	0.0274316
777.944	0.0275538
778.079	0.0273705
778.213	0.0268817
778.348	0.0279203
778.483	0.0275538
778.617	0.0286535
778.752	0.0265762
778.886	0.0285924
779.021	0.0279203
779.155	0.0281036
779.29	0.0274927
779.425	0.0282869
779.559	0.0275538
779.694	0.0272483
779.828	0.0273705
779.963	0.0271261
780.098	0.0280425
780.232	0.0273705
780.367	0.0280425
780.501	0.0273705
780.636	0.0282258
780.77	0.027065
780.905	0.0272483
781.04	0.0276149
781.174	0.0268206
781.309	0.0279814
781.443	0.027676
781.578	0.0279814
781.712	0.0266373
781.847	0.0273705
781.982	0.0280425
782.116	0.0274316
782.251	0.0274927
782.385	0.0279203
782.52	0.0279203
782.654	0.0281647
782.789	0.0273094
782.924	0.0271872
783.058	0.0273094
783.193	0.0270039
783.327	0.0268206
783.462	0.0272483
783.596	0.0274316
783.731	0.0281036
783.866	0.0271872
784	0.0278592
784.135	0.0276149
784.269	0.0269428
784.404	0.0271261
784.538	0.0277981
784.673	0.0267595
784.808	0.0276149
784.942	0.0266373
785.077	0.027737
785.211	0.0271261
785.346	0.0277981
785.48	0.0279203
785.615	0.0274316
785.75	0.0281036
785.884	0.0273705
786.019	0.0280425
786.153	0.0281036
786.288	0.0280425
786.422	0.0265152
786.557	0.027737
786.691	0.0275538
786.826	0.0279814
786.961	0.026393
787.095	0.0278592
787.23	0.0273705
787.364	0.0280425
787.499	0.0275538
787.633	0.0270039
787.768	0.0280425
787.902	0.0279814
788.037	0.027737
788.172	0.0272483
788.306	0.0282869
788.441	0.0281647
788.575	0.0266984
788.71	0.0280425
788.844	0.0275538
788.979	0.0278592
789.113	0.0276149
789.248	0.0281647
789.383	0.0275538
789.517	0.0274927
789.652	0.0276149
789.786	0.0275538
789.921	0.0290811
790.055	0.0273094
790.19	0.0279814
790.324	0.0268817
790.459	0.0274927
790.594	0.027737
790.728	0.0274927
790.863	0.0271261
790.997	0.0271261
791.132	0.0270039
791.266	0.0282258
791.401	0.0273705
791.535	0.0282258
791.67	0.0273094
791.804	0.0284702
791.939	0.0266373
792.074	0.0277981
792.208	0.0274927
792.343	0.0272483
792.477	0.027065
792.612	0.0272483
792.746	0.0274927
792.881	0.0276149
793.015	0.0279814
793.15	0.0275538
793.284	0.0281036
793.419	0.0279203
793.553	0.0281647
793.688	0.027676
793.823	0.027065
793.957	0.027065
794.092	0.0279814
794.226	0.0277981
794.361	0.0274316
794.495	0.0277981
794.63	0.0281036
794.764	0.0277981
794.899	0.0280425
795.033	0.0281647
795.168	0.0271872
795.302	0.0273094
795.437	0.0278592
795.572	0.0284702
795.706	0.0280425
795.841	0.0274316
795.975	0.0279814
796.11	0.0282258
796.244	0.0284702
796.379	0.0280425
796.513	0.0271872
796.648	0.0275538
796.782	0.0279814
796.917	0.028348
797.051	0.0282869
797.186	0.0274927
797.32	0.0281647
797.455	0.0280425
797.589	0.028348
797.724	0.0279203
797.859	0.0284091
797.993	0.0282258
798.128	0.0271261
798.262	0.0275538
798.397	0.0281647
798.531	0.0277981
798.666	0.0275538
798.8	0.0272483
798.935	0.0274927
799.069	0.0277981
799.204	0.0272483
799.338	0.0281036
799.473	0.0279203
799.607	0.0282258
799.742	0.027737
799.876	0.0284702
800.011	0.0284702
800.145	0.0281647
800.28	0.0281647
800.414	0.0285313
800.549	0.0288978
800.683	0.0280425
800.818	0.0275538
800.953	0.0277981
801.087	0.0275538
801.222	0.0282869
801.356	0.0285924
801.491	0.0287146
801.625	0.027065
801.76	0.0285924
801.894	0.0293255
802.029	0.0285924
802.163	0.0285313
802.298	0.0281647
802.432	0.0287146
802.567	0.0292033
802.701	0.0288368
802.836	0.0287757
802.97	0.0287146
803.105	0.0284091
803.239	0.0288978
803.374	0.0286535
803.508	0.02902
803.643	0.0287146
803.777	0.0298143
803.912	0.0290811
804.046	0.0285924
804.181	0.0296921
804.315	0.0298143
804.45	0.0292644
804.584	0.0296921
804.719	0.0299365
804.853	0.0288978
804.988	0.0296921
805.122	0.0301197
805.257	0.0296921
805.391	0.0299976
805.526	0.030914
805.66	0.0305474
805.795	0.0304863
805.929	0.0309751
806.064	0.0313416
806.198	0.0317082
806.333	0.0315249
806.467	0.03348
806.602	0.0321359
806.736	0.0335411
806.871	0.0337243
807.005	0.0342742
807.14	0.0343964
807.274	0.034763
807.409	0.0357405
807.543	0.0369013
807.678	0.0369013
807.812	0.0383675
807.947	0.0402615
808.081	0.0413001
808.216	0.0423998
808.35	0.0456989
808.485	0.0491202
808.619	0.0548631
808.754	0.072825
808.888	0.0915811
809.023	0.098607
809.157	0.160863
809.292	0.455828
809.426	0.947092
809.561	0.995968
809.695	1
809.83	0.997373
809.964	0.993952
810.099	0.994318
810.233	0.985887
810.368	0.990103
810.502	0.976601
810.637	0.984421
810.771	0.969941
810.906	0.975196
811.04	0.975134
811.175	0.958944
811.309	0.95369
811.444	0.76509
811.578	0.333883
811.713	0.086327
811.847	0.0480816
811.982	0.0434995
812.116	0.0410557
812.251	0.0390396
812.385	0.0365958
812.519	0.0362292
812.654	0.0355572
812.788	0.034152
812.923	0.0345186
813.057	0.03348
813.192	0.0325635
813.326	0.0319526
813.461	0.0323192
813.595	0.032869
813.73	0.0312805
813.864	0.0319526
813.999	0.0311584
814.133	0.0313416
814.268	0.0306696
814.402	0.0312195
814.537	0.0296921
814.671	0.0308529
814.806	0.0292644
814.94	0.0303641
815.075	0.0308529
815.209	0.0295088
815.344	0.0299976
815.478	0.0298754
815.612	0.0301808
815.747	0.0298143
815.881	0.0301808
816.016	0.0293866
816.15	0.0293255
816.285	0.0292644
816.419	0.027737
816.554	0.0284702
816.688	0.0282258
816.823	0.0281036
816.957	0.02902
817.092	0.0287757
817.226	0.0282869
817.361	0.028348
817.495	0.0286535
817.63	0.0284702
817.764	0.0282869
817.898	0.0289589
818.033	0.0276149
818.167	0.0281647
818.302	0.0282869
818.436	0.028348
818.571	0.0284091
818.705	0.0279203
818.84	0.028348
818.974	0.0290811
819.109	0.0276149
819.243	0.0288368
819.378	0.027676
819.512	0.0274927
819.646	0.027737
819.781	0.0282869
819.915	0.0281036
820.05	0.0275538
820.184	0.027737
820.319	0.0287146
820.453	0.0272483
820.588	0.0281036
820.722	0.0281647
820.857	0.0277981
820.991	0.027676
821.126	0.0272483
821.26	0.0280425
821.394	0.0276149
821.529	0.0281036
821.663	0.027065
821.798	0.0284091
821.932	0.0272483
822.067	0.027676
822.201	0.0280425
822.336	0.027737
822.47	0.0281647
822.605	0.0277981
822.739	0.0275538
822.873	0.0282258
823.008	0.0275538
823.142	0.0275538
823.277	0.0276149
823.411	0.0279203
823.546	0.0270039
823.68	0.0274316
823.815	0.0284091
823.949	0.0268817
824.083	0.0282258
824.218	0.0275538
824.352	0.0276149
824.487	0.0274316
824.621	0.027737
824.756	0.0273094
824.89	0.0274316
825.025	0.0275538
825.159	0.0274927
825.293	0.0273094
825.428	0.0275538
825.562	0.0274927
825.697	0.027065
825.831	0.0279203
825.966	0.0274316
826.1	0.0277981
826.235	0.0271261
826.369	0.0275538
826.503	0.0276149
826.638	0.0288368
826.772	0.0274927
826.907	0.0273705
827.041	0.0274316
827.176	0.027676
827.31	0.0275538
827.445	0.0270039
827.579	0.0280425
827.713	0.0281036
827.848	0.0279203
827.982	0.0277981
828.117	0.027737
828.251	0.0281647
828.386	0.0264541
828.52	0.0278592
828.654	0.027065
828.789	0.027676
828.923	0.0277981
829.058	0.027676
829.192	0.0275538
829.327	0.0274316
829.461	0.0271872
829.596	0.0282258
829.73	0.027676
829.864	0.0265762
829.999	0.0274316
830.133	0.027676
830.268	0.0278592
830.402	0.0279814
830.537	0.0282258
830.671	0.0281036
830.805	0.0273705
830.94	0.0279814
831.074	0.027676
831.209	0.0269428
831.343	0.0274927
831.478	0.0274316
831.612	0.0277981
831.746	0.027676
831.881	0.0274316
832.015	0.0271261
832.15	0.0270039
832.284	0.0271872
832.418	0.0271261
832.553	0.0268206
832.687	0.0274927
832.822	0.0276149
832.956	0.027737
833.091	0.027065
833.225	0.027676
833.359	0.0275538
833.494	0.0275538
833.628	0.0266984
833.763	0.027676
833.897	0.0267595
834.032	0.0277981
834.166	0.0274927
834.3	0.0272483
834.435	0.0281647
834.569	0.0276149
834.704	0.0282258
834.838	0.027065
834.972	0.0271872
835.107	0.027676
835.241	0.027065
835.376	0.0274316
835.51	0.0268817
835.645	0.0280425
835.779	0.0272483
835.913	0.0271872
836.048	0.0278592
836.182	0.0272483
836.317	0.0282869
836.451	0.0284702
836.585	0.027737
836.72	0.0269428
836.854	0.0280425
836.989	0.0271261
837.123	0.027676
837.257	0.027065
837.392	0.0274927
837.526	0.0277981
837.661	0.0273705
837.795	0.0272483
837.929	0.0275538
838.064	0.0279203
838.198	0.0277981
838.333	0.0278592
838.467	0.0272483
838.602	0.0278592
838.736	0.0282258
838.87	0.0285313
839.005	0.0275538
839.139	0.0277981
839.274	0.0279814
839.408	0.0274927
839.542	0.0282869
839.677	0.0271261
839.811	0.0274927
839.946	0.0268817
840.08	0.0270039
840.214	0.027065
840.349	0.0279203
840.483	0.0281647
840.618	0.0273705
840.752	0.0278592
840.886	0.0271261
841.021	0.0277981
841.155	0.0270039
841.29	0.0277981
841.424	0.0281036
841.558	0.0274927
841.693	0.0272483
841.827	0.0272483
841.961	0.0284702
842.096	0.027737
842.23	0.0279814
842.365	0.0273094
842.499	0.0270039
842.633	0.0281036
842.768	0.0280425
842.902	0.0273705
843.037	0.0274927
843.171	0.0275538
843.305	0.0274927
843.44	0.0270039
843.574	0.027737
843.709	0.0278592
843.843	0.0273094
843.977	0.0275538
844.112	0.0271872
844.246	0.0278592
844.381	0.0275538
844.515	0.0273705
844.649	0.0270039
844.784	0.0277981
844.918	0.0260875
845.052	0.0273094
845.187	0.027737
845.321	0.0276149
845.456	0.027737
845.59	0.0281647
845.724	0.0275538
845.859	0.0277981
845.993	0.0267595
846.128	0.0275538
846.262	0.0277981
846.396	0.0278592
846.531	0.0270039
846.665	0.0281036
846.799	0.027737
846.934	0.0273705
847.068	0.0275538
847.203	0.0265762
847.337	0.0267595
847.471	0.027065
847.606	0.0277981
847.74	0.0271872
847.874	0.0270039
848.009	0.0273094
848.143	0.0262708
848.278	0.0272483
848.412	0.0272483
848.546	0.0273705
848.681	0.0279203
848.815	0.0276149
848.949	0.0273705
849.084	0.0280425
849.218	0.0282258
849.353	0.027065
849.487	0.0268817
849.621	0.0275538
849.756	0.027065
849.89	0.0274927
850.024	0.0273094
850.159	0.0279203
850.293	0.0273705
850.428	0.0281036
850.562	0.0276149
850.696	0.027065
850.831	0.0270039
850.965	0.028348
851.099	0.0277981
851.234	0.0277981
851.368	0.0277981
851.502	0.0274927
851.637	0.0273705
851.771	0.0275538
851.906	0.0267595
852.04	0.027737
852.174	0.0275538
852.309	0.027065
852.443	0.0278592
852.577	0.0274927
852.712	0.0269428
852.846	0.027737
852.98	0.0282869
853.115	0.0265762
853.249	0.0269428
853.384	0.0280425
853.518	0.027676
853.652	0.0268817
853.787	0.0276149
853.921	0.0278592
854.055	0.0273094
854.19	0.0274927
854.324	0.027676
854.458	0.0271261
854.593	0.0288368
854.727	0.0281647
854.861	0.0272483
854.996	0.0270039
855.13	0.0276149
855.265	0.0271872
855.399	0.0279203
855.533	0.027676
855.668	0.0277981
855.802	0.0273094
855.936	0.0279814
856.071	0.027737
856.205	0.027737
856.339	0.0271872
856.474	0.0270039
856.608	0.0281036
856.742	0.027737
856.877	0.0284091
857.011	0.0274927
857.145	0.0277981
857.28	0.0271872
857.414	0.027737
857.549	0.0270039
857.683	0.0266373
857.817	0.0266984
857.952	0.0269428
858.086	0.0281036
858.22	0.027676
858.355	0.0274316
858.489	0.0280425
858.623	0.0276149
858.758	0.0280425
858.892	0.027737
859.026	0.027737
859.161	0.0282869
859.295	0.0273705
859.429	0.0276149
859.564	0.0266984
859.698	0.0279814
859.832	0.0282258
859.967	0.0276149
860.101	0.0282869
860.235	0.027676
860.37	0.027676
860.504	0.0275538
860.638	0.0273094
860.773	0.0276149
860.907	0.0273705
861.041	0.0260875
861.176	0.027676
861.31	0.0274927
861.444	0.0279814
861.579	0.0268206
861.713	0.0279814
861.847	0.026393
861.982	0.0279203
862.116	0.0273705
862.25	0.0282869
862.385	0.0284702
862.519	0.0269428
862.653	0.0268817
862.788	0.0273705
862.922	0.0274927
863.056	0.0270039
863.191	0.0276149
863.325	0.0275538
863.459	0.0269428
863.594	0.0269428
863.728	0.0279814
863.862	0.0273094
863.997	0.0265152
864.131	0.0272483
864.265	0.0274316
864.4	0.0280425
864.534	0.0268206
864.668	0.0272483
864.803	0.0277981
864.937	0.0272483
865.071	0.027065
865.206	0.0270039
865.34	0.027676
865.474	0.0270039
865.609	0.0274316
865.743	0.0271872
865.877	0.0270039
866.012	0.027737
866.146	0.0275538
866.28	0.0285924
866.415	0.0272483
866.549	0.0274927
866.683	0.0271261
866.818	0.0273094
866.952	0.0268817
867.086	0.0279814
867.221	0.0278592
867.355	0.0279203
867.489	0.0282869
867.623	0.0281647
867.758	0.0278592
867.892	0.0280425
868.026	0.027737
868.161	0.0266984
868.295	0.0276149
868.429	0.0274927
868.564	0.0280425
868.698	0.0272483
868.832	0.027676
868.967	0.0276149
869.101	0.0267595
869.235	0.0279814
869.37	0.0276149
869.504	0.027676
869.638	0.0278592
869.773	0.0274927
869.907	0.0267595
870.041	0.027737
870.175	0.0275538
870.31	0.0271261
870.444	0.0273094
870.578	0.0280425
870.713	0.0275538
870.847	0.0266373
870.981	0.0273705
871.116	0.0273094
871.25	0.0271872
871.384	0.0266373
871.519	0.0278592
871.653	0.0287757
871.787	0.0280425
871.921	0.0273094
872.056	0.0277981
872.19	0.0262097
872.324	0.0269428
872.459	0.027737
872.593	0.0282869
872.727	0.0276149
872.862	0.0271261
872.996	0.0274316
873.13	0.0282258
873.264	0.0272483
873.399	0.0275538
873.533	0.0269428
873.667	0.0275538
873.802	0.0266984
873.936	0.027065
874.07	0.0269428
874.205	0.0285313
874.339	0.027676
874.473	0.0271872
874.607	0.0276149
874.742	0.0281647
874.876	0.0273094
875.01	0.0262708
875.145	0.0282258
875.279	0.027676
875.413	0.0278592
875.548	0.0269428
875.682	0.0276149
875.816	0.0281036
875.95	0.0276149
876.085	0.0274927
876.219	0.0280425
876.353	0.0271261
876.488	0.0269428
876.622	0.0277981
876.756	0.0281036
876.89	0.0284702
877.025	0.027065
877.159	0.0268817
877.293	0.0279203
877.428	0.0265152
877.562	0.0274927
877.696	0.0279203
877.83	0.0278592
877.965	0.0279814
878.099	0.0275538
878.233	0.0273705
878.368	0.0267595
878.502	0.0275538
878.636	0.0273705
878.77	0.0265762
878.905	0.0284702
879.039	0.0272483
879.173	0.0273705
879.308	0.0279203
879.442	0.0274927
879.576	0.0278592
879.71	0.0273094
879.845	0.027065
879.979	0.0277981
880.113	0.0271872
880.248	0.0273094
880.382	0.0273094
880.516	0.028348
880.65	0.0270039
880.785	0.0268206
880.919	0.0279203
881.053	0.0273705
881.188	0.0273705
881.322	0.0274927
881.456	0.0275538
881.59	0.0271872
881.725	0.0271261
881.859	0.027065
881.993	0.0278592
882.127	0.0273705
882.262	0.0266373
882.396	0.0279814
882.53	0.0268206
882.665	0.0279814
882.799	0.0281647
882.933	0.0272483
883.067	0.0271261
883.202	0.0268206
883.336	0.0277981
883.47	0.028348
883.604	0.027737
883.739	0.0270039
883.873	0.027065
884.007	0.0282869
884.142	0.0276149
884.276	0.0275538
884.41	0.0279203
884.544	0.0267595
884.679	0.027737
884.813	0.027676
884.947	0.0274927
885.081	0.0275538
885.216	0.0282869
885.35	0.0274316
885.484	0.027065
885.618	0.0282869
885.753	0.0276149
885.887	0.027737
886.021	0.0271872
886.155	0.0280425
886.29	0.0274927
886.424	0.027676
886.558	0.027737
886.693	0.0279814
886.827	0.0273705
886.961	0.0282869
887.095	0.027737
887.23	0.0273705
887.364	0.0268206
887.498	0.0275538
887.632	0.0279203
887.767	0.0274927
887.901	0.0271872
888.035	0.0281036
888.169	0.0285924
888.304	0.0277981
888.438	0.0277981
888.572	0.0286535
888.706	0.0276149
888.841	0.0275538
888.975	0.0273094
889.109	0.0273705
889.243	0.0276149
889.378	0.0278592
889.512	0.027065
889.646	0.0270039
889.78	0.0271872
889.915	0.0270039
890.049	0.0276149
890.183	0.0272483
890.317	0.0271872
890.452	0.0271261
890.586	0.0276149
890.72	0.0271261
890.854	0.0276149
890.989	0.027676
891.123	0.0276149
891.257	0.0282258
891.391	0.027065
891.526	0.0278592
891.66	0.0284091
891.794	0.0270039
891.928	0.0280425
892.063	0.0274316
892.197	0.0271261
892.331	0.0274927
892.465	0.0268817
892.6	0.0282258
892.734	0.0274927
892.868	0.0273094
893.002	0.0271261
893.137	0.0273094
893.271	0.0273705
893.405	0.027737
893.539	0.0274927
893.674	0.0270039
893.808	0.0277981
893.942	0.0273705
894.076	0.0278592
894.21	0.0279814
894.345	0.027737
894.479	0.0277981
894.613	0.0270039
894.747	0.0271872
894.882	0.0273705
895.016	0.0274927
895.15	0.0272483
895.284	0.0282258
895.419	0.0273094
895.553	0.0276149
895.687	0.0271261
895.821	0.0271872
895.956	0.027676
896.09	0.0277981
896.224	0.0272483
896.358	0.0270039
896.492	0.0267595
896.627	0.0284702
896.761	0.0265152
896.895	0.0285313
897.029	0.0274927
897.164	0.0267595
897.298	0.0271261
897.432	0.0274316
897.566	0.028348
897.701	0.0278592
897.835	0.0280425
897.969	0.026393
898.103	0.0272483
898.237	0.0278592
898.372	0.0273705
898.506	0.0274316
898.64	0.0274927
898.774	0.0266373
898.909	0.0273094
899.043	0.0277981
899.177	0.0261486
899.311	0.0273705
899.445	0.0272483
899.58	0.0271261
899.714	0.0279814
899.848	0.0282258
899.982	0.0278592
900.117	0.0276149
900.251	0.0273705
900.385	0.0275538
900.519	0.0268206
900.653	0.0269428
900.788	0.028348
900.922	0.0284702
901.056	0.0271872
901.19	0.0277981
901.325	0.0262708
901.459	0.0281036
901.593	0.0268817
901.727	0.0271872
901.861	0.0280425
901.996	0.0271261
902.13	0.0282258
902.264	0.0277981
902.398	0.0277981
902.532	0.0280425
902.667	0.0274927
902.801	0.0276149
902.935	0.0274316
903.069	0.0272483
903.204	0.0271261
903.338	0.0279203
903.472	0.0280425
903.606	0.0278592
903.74	0.0279203
903.875	0.0277981
904.009	0.0271872
904.143	0.0276149
904.277	0.0271261
904.411	0.0269428
904.546	0.0274316
904.68	0.027737
904.814	0.0281647
904.948	0.0272483
905.082	0.027737
905.217	0.0266984
905.351	0.0279814
905.485	0.028348
905.619	0.0270039
905.753	0.027065
905.888	0.0275538
906.022	0.0279814
906.156	0.0271872
906.29	0.0263319
906.424	0.0266373
906.559	0.0274927
906.693	0.0273094
906.827	0.0279814
906.961	0.0275538
907.095	0.0282258
907.23	0.0280425
907.364	0.027065
907.498	0.0281647
907.632	0.0273705
907.766	0.027676
907.901	0.027737
908.035	0.0275538
908.169	0.0278592
908.303	0.0273094
908.437	0.0279814
908.572	0.0271872
908.706	0.0273094
908.84	0.0271872
908.974	0.0280425
909.108	0.0273705
909.243	0.0270039
909.377	0.0271261
909.511	0.0275538
909.645	0.0276149
909.779	0.0276149
909.914	0.0281036
910.048	0.0271261
910.182	0.0271261
910.316	0.0270039
910.45	0.027065
910.585	0.0274927
910.719	0.0270039
910.853	0.0281036
910.987	0.0280425
911.121	0.0275538
911.255	0.0279814
911.39	0.0273094
911.524	0.0272483
911.658	0.028348
911.792	0.0276149
911.926	0.027737
912.061	0.0275538
912.195	0.0274927
912.329	0.0269428
912.463	0.0274927
912.597	0.0274927
912.732	0.0274927
912.866	0.0280425
913	0.0262708
913.134	0.0266373
913.268	0.0279814
913.402	0.0273705
913.537	0.0274316
913.671	0.0272483
913.805	0.0272483
913.939	0.0271261
914.073	0.0271261
914.208	0.027676
914.342	0.027065
914.476	0.0284702
914.61	0.0280425
914.744	0.0277981
914.878	0.0276149
915.013	0.0274927
915.147	0.0275538
915.281	0.0273094
915.415	0.027676
915.549	0.0273705
915.683	0.0274927
915.818	0.0273094
915.952	0.0279814
916.086	0.0269428
916.22	0.0285924
916.354	0.027676
916.488	0.0279814
916.623	0.0274316
916.757	0.0287757
916.891	0.0284091
917.025	0.0274316
917.159	0.0274316
917.293	0.0271872
917.428	0.0276149
917.562	0.0280425
917.696	0.0284702
917.83	0.0277981
917.964	0.0269428
918.098	0.0271872
918.233	0.0271261
918.367	0.0278592
918.501	0.0275538
918.635	0.0273094
918.769	0.0273705
918.903	0.027676
919.038	0.0269428
919.172	0.0275538
919.306	0.0273705
919.44	0.0271872
919.574	0.0273094
919.708	0.0277981
919.843	0.0268817
919.977	0.0272483
920.111	0.0274316
920.245	0.0269428
920.379	0.027676
920.513	0.0279814
920.648	0.0279203
920.782	0.0279203
920.916	0.0274927
921.05	0.0279814
921.184	0.0271261
921.318	0.0278592
921.453	0.0268817
921.587	0.0272483
921.721	0.0269428
921.855	0.028348
921.989	0.0270039
922.123	0.0267595
922.257	0.0268206
922.392	0.0267595
922.526	0.0271872
922.66	0.0271872
922.794	0.0278592
922.928	0.0271872
923.062	0.0279203
923.197	0.0268817
923.331	0.0285924
923.465	0.0267595
923.599	0.0273094
923.733	0.0271872
923.867	0.027676
924.001	0.0274316
924.136	0.027737
924.27	0.0268817
924.404	0.0273705
924.538	0.027737
924.672	0.0276149
924.806	0.0281036
924.94	0.0267595
925.075	0.027676
925.209	0.0273705
925.343	0.0274927
925.477	0.0281647
925.611	0.0276149
925.745	0.0267595
925.879	0.0281036
926.014	0.0273705
926.148	0.0273705
926.282	0.0274316
926.416	0.0279203
926.55	0.0280425
926.684	0.0281036
926.818	0.0270039
926.953	0.0276149
927.087	0.0279203
927.221	0.0280425
927.355	0.0273094
927.489	0.0276149
927.623	0.0282258
927.757	0.0275538
927.892	0.0273705
928.026	0.0279814
928.16	0.0272483
928.294	0.0284091
928.428	0.0271261
928.562	0.0271872
928.696	0.0273705
928.831	0.027737
928.965	0.027676
929.099	0.0279814
929.233	0.0272483
929.367	0.0281036
929.501	0.0266373
929.635	0.0273094
929.769	0.0270039
929.904	0.0268206
930.038	0.0270039
930.172	0.0271261
930.306	0.027737
930.44	0.0281647
930.574	0.0271261
930.708	0.0274316
930.843	0.027737
930.977	0.027676
931.111	0.0265152
931.245	0.0274927
931.379	0.0284091
931.513	0.0276149
931.647	0.0276149
931.781	0.0281647
931.916	0.0279814
932.05	0.027737
932.184	0.0281647
932.318	0.0271872
932.452	0.0279814
932.586	0.0279203
932.72	0.0281647
932.854	0.0268206
932.989	0.0276149
933.123	0.0273094
933.257	0.0279814
933.391	0.027737
933.525	0.0279814
933.659	0.027737
933.793	0.0273705
933.927	0.0271261
934.061	0.0268817
934.196	0.0274927
934.33	0.027737
934.464	0.0280425
934.598	0.0272483
934.732	0.0268206
934.866	0.0267595
935	0.0278592
935.134	0.0268206
935.269	0.028348
935.403	0.0284091
935.537	0.0275538
935.671	0.0278592
935.805	0.0279203
935.939	0.0275538
936.073	0.027676
936.207	0.0275538
936.341	0.0269428
936.476	0.0273705
936.61	0.0268817
936.744	0.0275538
936.878	0.0265762
937.012	0.0277981
937.146	0.027737
937.28	0.0270039
937.414	0.0286535
937.548	0.0284702
937.683	0.0273094
937.817	0.0281036
937.951	0.0281036
938.085	0.027065
938.219	0.027676
938.353	0.0279814
938.487	0.0288978
938.621	0.0277981
938.755	0.0272483
938.889	0.0287757
939.024	0.0270039
939.158	0.0278592
939.292	0.0279814
939.426	0.0274927
939.56	0.027737
939.694	0.0282258
939.828	0.0274927
939.962	0.0279814
940.096	0.0273094
940.231	0.0273705
940.365	0.0274316
940.499	0.0273094
940.633	0.0270039
940.767	0.0279203
940.901	0.0275538
941.035	0.0269428
941.169	0.0279814
941.303	0.0277981
941.437	0.0276149
941.571	0.0266984
941.706	0.0273705
941.84	0.0273705
941.974	0.0285313
942.108	0.0288368
942.242	0.0274316
942.376	0.0273094
942.51	0.0281647
942.644	0.0273705
942.778	0.026393
942.912	0.0279203
943.047	0.027676
943.181	0.0277981
943.315	0.0273705
943.449	0.0269428
943.583	0.0274927
943.717	0.0274316
943.851	0.0286535
943.985	0.0270039
944.119	0.028348
944.253	0.0266984
944.387	0.0281036
944.522	0.0276149
944.656	0.027676
944.79	0.027676
944.924	0.027065
945.058	0.0271261
945.192	0.0275538
945.326	0.0262708
945.46	0.0273094
945.594	0.0269428
945.728	0.027065
945.862	0.0271872
945.996	0.0276149
946.131	0.0265762
946.265	0.0277981
946.399	0.0281647
946.533	0.0279203
946.667	0.0276149
946.801	0.0277981
946.935	0.0279814
947.069	0.0273094
947.203	0.0279203
947.337	0.027065
947.471	0.0275538
947.605	0.0276149
947.739	0.0274316
947.874	0.0273094
948.008	0.0281036
948.142	0.0271872
948.276	0.0274927
948.41	0.027676
948.544	0.0271261
948.678	0.0271261
948.812	0.0279203
948.946	0.0268817
949.08	0.0282869
949.214	0.0278592
949.348	0.0272483
949.482	0.0280425
949.617	0.0281647
949.751	0.0276149
949.885	0.0278592
950.019	0.0281647
950.153	0.0265152
950.287	0.027737
950.421	0.027737
950.555	0.027676
950.689	0.0275538
950.823	0.0277981
950.957	0.0274927
951.091	0.0282258
951.225	0.0271261
951.359	0.027737
951.493	0.0279203
951.628	0.0275538
951.762	0.027676
951.896	0.0273705
952.03	0.027065
952.164	0.0274316
952.298	0.0273705
952.432	0.0286535
952.566	0.0276149
952.7	0.0277981
952.834	0.0279814
952.968	0.0282258
953.102	0.027676
953.236	0.0279203
953.37	0.0273094
953.504	0.0274927
953.639	0.0282869
953.773	0.0279203
953.907	0.0273094
954.041	0.0277981
954.175	0.0277981
954.309	0.0274927
954.443	0.0274927
954.577	0.027737
954.711	0.0276149
954.845	0.0276149
954.979	0.027065
955.113	0.027676
955.247	0.0282258
955.381	0.0279203
955.515	0.0279814
955.649	0.0266373
955.783	0.0281647
955.917	0.0273094
956.052	0.0280425
956.186	0.0274927
956.32	0.0280425
956.454	0.0279814
956.588	0.027676
956.722	0.0274927
956.856	0.0269428
956.99	0.0281647
957.124	0.0279203
957.258	0.0275538
957.392	0.028348
957.526	0.0280425
957.66	0.0280425
957.794	0.0277981
957.928	0.0275538
958.062	0.0265152
958.196	0.0284091
958.33	0.0282258
958.464	0.0271872
958.598	0.0270039
958.733	0.0276149
958.867	0.0274927
959.001	0.0271872
959.135	0.0268206
959.269	0.0277981
959.403	0.0281036
959.537	0.0275538
959.671	0.0276149
959.805	0.0273705
959.939	0.0275538
960.073	0.0267595
960.207	0.027676
960.341	0.0268817
960.475	0.0279814
960.609	0.0276149
960.743	0.027737
960.877	0.0273094
961.011	0.0281647
961.145	0.0271261
961.279	0.0280425
961.413	0.0272483
961.547	0.0273705
961.681	0.0277981
961.815	0.0282258
961.949	0.0282869
962.083	0.0274927
962.218	0.0272483
962.352	0.0272483
962.486	0.0279814
962.62	0.0266373
962.754	0.027737
962.888	0.0274316
963.022	0.027737
963.156	0.0281036
963.29	0.0279814
963.424	0.0274927
963.558	0.0274927
963.692	0.0284091
963.826	0.0278592
963.96	0.0273705
964.094	0.0271872
964.228	0.0281036
964.362	0.0266984
964.496	0.0273705
964.63	0.0277981
964.764	0.0273094
964.898	0.027676
965.032	0.0270039
965.166	0.0280425
965.3	0.0268817
965.434	0.0267595
965.568	0.0274927
965.702	0.0279203
965.836	0.0278592
965.97	0.0272483
966.104	0.0280425
966.238	0.0284091
966.372	0.0274316
966.506	0.0275538
966.64	0.0274927
966.774	0.0284091
966.908	0.0278592
967.043	0.0274927
967.177	0.0279203
967.311	0.0279814
967.445	0.0282258
967.579	0.0270039
967.713	0.0268206
967.847	0.0270039
967.981	0.0274316
968.115	0.0279814
968.249	0.0271872
968.383	0.0280425
968.517	0.0273094
968.651	0.027737
968.785	0.027676
968.919	0.0279814
969.053	0.027676
969.187	0.0279203
969.321	0.0275538
969.455	0.0273705
969.589	0.0270039
969.723	0.0282258
969.857	0.0266373
969.991	0.0275538
970.125	0.027676
970.259	0.0273094
970.393	0.0265762
970.527	0.0277981
970.661	0.0279203
970.795	0.0276149
970.929	0.0274927
971.063	0.0277981
971.197	0.0276149
971.331	0.0274927
971.465	0.0273094
971.599	0.027676
971.733	0.027676
971.867	0.027737
972.001	0.0274316
972.135	0.0267595
972.269	0.027065
972.403	0.0280425
972.537	0.0282869
972.671	0.0267595
972.805	0.0278592
972.939	0.0274927
973.073	0.0276149
973.207	0.0271261
973.341	0.0271872
973.475	0.0279814
973.609	0.0269428
973.743	0.0288368
973.877	0.0284091
974.011	0.0277981
974.145	0.0276149
974.279	0.0280425
974.413	0.0271872
974.547	0.0276149
974.681	0.0271872
974.815	0.0277981
974.949	0.0271872
975.083	0.027737
975.217	0.028348
975.351	0.0271872
975.485	0.0276149
975.619	0.0273094
975.753	0.0278592
975.887	0.0275538
976.021	0.027676
976.155	0.0273094
976.289	0.027676
976.423	0.0274316
976.557	0.0274316
976.691	0.0273094
976.825	0.0270039
976.959	0.0273094
977.093	0.0272483
977.227	0.0270039
977.361	0.0271261
977.495	0.0278592
977.629	0.0277981
977.763	0.0267595
977.897	0.0271872
978.031	0.027676
978.165	0.0272483
978.299	0.0279203
978.433	0.0272483
978.567	0.027065
978.701	0.0271261
978.835	0.0268817
978.969	0.0267595
979.103	0.0279814
979.237	0.027737
979.371	0.0284091
979.505	0.0272483
979.639	0.0271261
979.773	0.027676
979.907	0.027737
980.041	0.027737
980.175	0.0281647
980.308	0.0275538
980.442	0.0271872
980.576	0.0272483
980.71	0.0275538
980.844	0.0274927
980.978	0.027065
981.112	0.027065
981.246	0.0270039
981.38	0.0267595
981.514	0.0277981
981.648	0.027065
981.782	0.0269428
981.916	0.027737
982.05	0.0268817
982.184	0.0273094
982.318	0.0277981
982.452	0.0271872
982.586	0.0274927
982.72	0.0278592
982.854	0.0267595
982.988	0.027676
983.122	0.0287146
983.256	0.0275538
983.39	0.0262708
983.524	0.0271261
983.658	0.0268206
983.792	0.0287146
983.926	0.0275538
984.06	0.0260875
984.194	0.0280425
984.328	0.027676
984.462	0.0273705
984.596	0.0284091
984.73	0.0273705
984.864	0.0274316
984.998	0.0274927
985.132	0.027737
985.265	0.027737
985.399	0.0277981
985.533	0.0281647
985.667	0.0268206
985.801	0.0272483
985.935	0.0280425
986.069	0.0284091
986.203	0.027676
986.337	0.0281647
986.471	0.0271261
986.605	0.027065
986.739	0.0281036
986.873	0.0272483
987.007	0.027676
987.141	0.027737
987.275	0.027676
987.409	0.0275538
987.543	0.0278592
987.677	0.0271872
987.811	0.0282869
987.945	0.0271872
988.079	0.0277981
988.213	0.0272483
988.347	0.027737
988.481	0.0284702
988.614	0.0271261
988.748	0.0276149
988.882	0.0271872
989.016	0.0275538
989.15	0.0287757
989.284	0.0271872
989.418	0.027676
989.552	0.0280425
989.686	0.0274316
989.82	0.0271261
989.954	0.0268817
990.088	0.0267595
990.222	0.0274927
990.356	0.0280425
990.49	0.0274316
990.624	0.0284091
990.758	0.0271872
990.892	0.0272483
991.026	0.027676
991.16	0.0269428
991.294	0.0284702
991.427	0.0274927
991.561	0.027737
991.695	0.027737
991.829	0.0273705
991.963	0.0273705
992.097	0.0279203
992.231	0.0273705
992.365	0.0277981
992.499	0.0273094
992.633	0.0265762
992.767	0.027676
992.901	0.0273094
993.035	0.027737
993.169	0.0271872
993.303	0.0274927
993.437	0.0270039
993.571	0.0273094
993.704	0.0273094
993.838	0.0279814
993.972	0.0279203
994.106	0.0274927
994.24	0.0274316
994.374	0.0276149
994.508	0.0274927
994.642	0.0269428
994.776	0.0268817
994.91	0.0270039
995.044	0.0272483
995.178	0.0282869
995.312	0.0277981
995.446	0.0286535
995.58	0.0273705
995.714	0.0271872
995.847	0.0259653
995.981	0.0274927
996.115	0.0277981
996.249	0.0279203
996.383	0.0280425
996.517	0.0275538
996.651	0.0273705
996.785	0.0280425
996.919	0.0271261
997.053	0.0282258
997.187	0.0284091
997.321	0.0272483
997.455	0.0279203
997.589	0.0272483
997.722	0.0278592
997.856	0.0272483
997.99	0.0280425
998.124	0.0277981
998.258	0.027676
998.392	0.028348
998.526	0.0280425
998.66	0.0274927
998.794	0.0274316
998.928	0.0270039
999.062	0.0281036
999.196	0.0277981
999.33	0.0271872
999.464	0.0278592
999.597	0.027737
999.731	0.0281036
999.865	0.0276149
999.999	0.0274927
1000.13	0.0270039
1000.27	0.0276149
1000.4	0.0272483
1000.53	0.0271261
1000.67	0.0273094
1000.8	0.0273094
1000.94	0.0267595
1001.07	0.0275538
1001.2	0.0271261
1001.34	0.027737
1001.47	0.0268817
1001.61	0.027065
1001.74	0.0287146
1001.87	0.0273094
1002.01	0.0288368
1002.14	0.027676
1002.28	0.0265762
1002.41	0.0286535
1002.54	0.0268817
1002.68	0.0271872
1002.81	0.0272483
1002.95	0.0274927
1003.08	0.0276149
1003.21	0.0263319
1003.35	0.0275538
1003.48	0.027676
1003.61	0.0275538
1003.75	0.0282258
1003.88	0.0279814
1004.02	0.027737
1004.15	0.0273094
1004.28	0.0273094
1004.42	0.0272483
1004.55	0.0271872
1004.69	0.0277981
1004.82	0.0277981
1004.95	0.0273705
1005.09	0.0282258
1005.22	0.0279203
1005.36	0.0276149
1005.49	0.0285924
1005.62	0.0271872
1005.76	0.0279814
1005.89	0.0273705
1006.03	0.0271872
1006.16	0.0269428
1006.29	0.0271261
1006.43	0.0274316
1006.56	0.0276149
1006.69	0.0280425
1006.83	0.0275538
1006.96	0.0279203
1007.1	0.0278592
1007.23	0.027737
1007.36	0.0265762
1007.5	0.0274316
1007.63	0.0271261
1007.77	0.0285313
1007.9	0.0273094
1008.03	0.0272483
1008.17	0.0281036
1008.3	0.0268817
1008.44	0.027065
1008.57	0.0270039
1008.7	0.0273094
1008.84	0.0270039
1008.97	0.0281647
1009.1	0.0271261
1009.24	0.0284091
1009.37	0.0275538
1009.51	0.0279203
1009.64	0.0270039
1009.77	0.0270039
1009.91	0.0280425
1010.04	0.0272483
1010.18	0.0276149
1010.31	0.0272483
1010.44	0.0276149
1010.58	0.0273705
1010.71	0.0273705
1010.85	0.0273705
1010.98	0.0281647
1011.11	0.0274927
1011.25	0.0271872
1011.38	0.0271872
1011.51	0.0274316
1011.65	0.0271872
1011.78	0.0274927
1011.92	0.0280425
1012.05	0.0279814
1012.18	0.0274927
1012.32	0.0274316
1012.45	0.0271872
1012.59	0.0266373
1012.72	0.0282258
1012.85	0.0271872
1012.99	0.027737
1013.12	0.0270039
1013.26	0.0284702
1013.39	0.0274316
1013.52	0.0267595
1013.66	0.0279203
1013.79	0.0278592
1013.92	0.0279814
1014.06	0.0274927
1014.19	0.0276149
1014.33	0.0287146
1014.46	0.027065
1014.59	0.0278592
1014.73	0.0279203
1014.86	0.0268817
1015	0.0274927
1015.13	0.027676
1015.26	0.0279203
1015.4	0.0279814
1015.53	0.0281036
1015.67	0.0268817
1015.8	0.0268817
1015.93	0.0273705
1016.07	0.0279814
1016.2	0.027737
1016.33	0.0274927
1016.47	0.0270039
1016.6	0.028348
1016.74	0.0267595
1016.87	0.027065
1017	0.0274927
1017.14	0.0277981
1017.27	0.0277981
1017.41	0.0272483
1017.54	0.0279203
1017.67	0.0278592
1017.81	0.0279203
1017.94	0.0266373
1018.07	0.027737
1018.21	0.027676
1018.34	0.0274316
1018.48	0.027065
1018.61	0.0280425
1018.74	0.0278592
1018.88	0.0279814
1019.01	0.0273705
1019.15	0.0279814
1019.28	0.0274927
1019.41	0.0280425
1019.55	0.0273705
1019.68	0.0274927
1019.82	0.0278592
1019.95	0.0279203
1020.08	0.0275538
1020.22	0.0273094
1020.35	0.0279203
1020.48	0.0280425
1020.62	0.027676
1020.75	0.0273094
1020.89	0.027737
1021.02	0.0279814
1021.15	0.0268817
1021.29	0.0285313
1021.42	0.0282258
1021.56	0.0284702
1021.69	0.0274316
1021.82	0.0271872
1021.96	0.0277981
1022.09	0.0273705
1022.22	0.0279203
1022.36	0.0274316
1022.49	0.0267595
1022.63	0.0276149
1022.76	0.0266984
1022.89	0.0281036
1023.03	0.0268817
1023.16	0.027737
1023.3	0.0274927
1023.43	0.0284702
1023.56	0.0272483
1023.7	0.0266373
1023.83	0.0279203
1023.96	0.0265152
1024.1	0.027065
1024.23	0.0271872
1024.37	0.0276149
1024.5	0.0270039
1024.63	0.0276149
1024.77	0.0282258
1024.9	0.0274316
1025.04	0.027737
1025.17	0.027737
1025.3	0.0279203
1025.44	0.0274927
1025.57	0.0276149
1025.7	0.0278592
1025.84	0.0270039
1025.97	0.0279814
1026.11	0.0281647
1026.24	0.027676
1026.37	0.0278592
1026.51	0.0277981
1026.64	0.0280425
1026.78	0.0269428
1026.91	0.027065
1027.04	0.0275538
1027.18	0.0276149
1027.31	0.0272483
1027.44	0.0273094
1027.58	0.0280425
1027.71	0.0285313
1027.85	0.0276149
1027.98	0.0273705
1028.11	0.0277981
1028.25	0.027737
1028.38	0.0272483
1028.52	0.0276149
1028.65	0.0281647
1028.78	0.0273094
1028.92	0.0264541
1029.05	0.0282258
1029.18	0.027676
1029.32	0.0274316
1029.45	0.027676
1029.59	0.0273094
1029.72	0.027676
1029.85	0.0282258
1029.99	0.0270039
1030.12	0.0285924
1030.26	0.027065
1030.39	0.0274316
1030.52	0.0279203
1030.66	0.0276149
1030.79	0.0272483
1030.92	0.027676
1031.06	0.0271261
1031.19	0.0268817
1031.33	0.0266984
1031.46	0.0273094
1031.59	0.0274927
1031.73	0.0275538
1031.86	0.0279203
1031.99	0.0273705
1032.13	0.0285313
1032.26	0.0281036
1032.4	0.0279203
1032.53	0.0267595
1032.66	0.0273705
1032.8	0.0278592
1032.93	0.0279814
1033.07	0.0290811
1033.2	0.0268817
1033.33	0.0286535
1033.47	0.0265762
1033.6	0.0279203
1033.73	0.0284091
1033.87	0.0274316
1034	0.027676
1034.14	0.0272483
1034.27	0.0267595
1034.4	0.0271872
1034.54	0.0273705
1034.67	0.0279814
1034.81	0.027676
1034.94	0.0278592
1035.07	0.0276149
1035.21	0.027676
1035.34	0.0279814
1035.47	0.0284091
1035.61	0.0282869
1035.74	0.0276149
1035.88	0.0272483
1036.01	0.0273705
1036.14	0.0280425
1036.28	0.0266373
1036.41	0.0276149
1036.54	0.0284702
1036.68	0.027737
1036.81	0.0284702
1036.95	0.0281036
1037.08	0.0275538
1037.21	0.0276149
1037.35	0.0271261
1037.48	0.0279814
1037.62	0.0271872
1037.75	0.0286535
1037.88	0.0275538
1038.02	0.0264541
1038.15	0.027676
1038.28	0.0273705
1038.42	0.0285313
1038.55	0.028348
1038.69	0.0271872
1038.82	0.0272483
1038.95	0.0275538
1039.09	0.0273705
1039.22	0.0273094
1039.35	0.0274316
1039.49	0.0271872
1039.62	0.0284091
1039.76	0.0273705
1039.89	0.0274927
1040.02	0.0268206
1040.16	0.0271261
1040.29	0.027737
1040.43	0.0268206
1040.56	0.0273705
1040.69	0.027065
1040.83	0.0271872
1040.96	0.0271872
1041.09	0.0266373
1041.23	0.0274316
1041.36	0.0281036
1041.5	0.0274316
1041.63	0.0278592
1041.76	0.0275538
1041.9	0.0280425
1042.03	0.0272483
1042.16	0.0272483
1042.3	0.0281036
1042.43	0.027065
1042.57	0.0273094
1042.7	0.0282869
1042.83	0.0271872
1042.97	0.0274316
1043.1	0.0266984
1043.23	0.0269428
1043.37	0.0279814
1043.5	0.028348
1043.64	0.0268817
1043.77	0.0265762
1043.9	0.0267595
1044.04	0.0276149
1044.17	0.0278592
1044.31	0.0277981
1044.44	0.0281647
1044.57	0.0270039
1044.71	0.0277981
1044.84	0.0273705
1044.97	0.0268206
1045.11	0.027065
1045.24	0.0276149
1045.38	0.0279814
1045.51	0.0278592
1045.64	0.0276149
1045.78	0.0277981
1045.91	0.027065
1046.04	0.0273094
1046.18	0.0272483
1046.31	0.0278592
1046.45	0.0274316
1046.58	0.0282869
1046.71	0.0271261
1046.85	0.0272483
1046.98	0.0276149
1047.11	0.0282258
1047.25	0.0264541
1047.38	0.0274316
1047.52	0.027676
1047.65	0.0274927
1047.78	0.0274927
1047.92	0.0273705
1048.05	0.027737
1048.18	0.0271872
1048.32	0.0273094
1048.45	0.0265152
1048.59	0.027737
1048.72	0.0265762
1048.85	0.0269428
1048.99	0.0274316
1049.12	0.0278592
1049.25	0.0271872
1049.39	0.0271261
1049.52	0.027737
1049.66	0.027065
1049.79	0.0273094
1049.92	0.0269428
1050.06	0.0266373
1050.19	0.0276149
1050.33	0.0274316
1050.46	0.0268817
1050.59	0.0277981
1050.73	0.027676
1050.86	0.0279203
1050.99	0.0270039
1051.13	0.0267595
1051.26	0.0272483
1051.4	0.0273094
1051.53	0.0270039
1051.66	0.0273094
1051.8	0.0280425
1051.93	0.0273705
1052.06	0.0271872
1052.2	0.0276149
1052.33	0.0277981
1052.47	0.0277981
1052.6	0.0279814
1052.73	0.0265152
1052.87	0.0268206
1053	0.0275538
1053.13	0.0271872
1053.27	0.0266984
1053.4	0.0273705
1053.54	0.0273094
1053.67	0.0284702
1053.8	0.0275538
1053.94	0.0275538
1054.07	0.0266984
1054.2	0.0274927
1054.34	0.0278592
1054.47	0.0276149
1054.61	0.0269428
1054.74	0.027065
1054.87	0.0279203
1055.01	0.0268206
1055.14	0.0276149
1055.27	0.0270039
1055.41	0.026393
1055.54	0.0280425
1055.68	0.0277981
1055.81	0.0273094
1055.94	0.0274927
1056.08	0.0268817
1056.21	0.0273705
1056.34	0.0284702
1056.48	0.027737
1056.61	0.0274316
1056.75	0.0282258
1056.88	0.0284702
1057.01	0.0281647
1057.15	0.0281036
1057.28	0.0271872
1057.41	0.0272483
1057.55	0.0271872
1057.68	0.0275538
1057.82	0.0274316
1057.95	0.0277981
1058.08	0.0282258
1058.22	0.0270039
1058.35	0.0282258
1058.48	0.0275538
1058.62	0.0271261
1058.75	0.0273705
1058.89	0.0267595
1059.02	0.027737
1059.15	0.027676
1059.29	0.0266984
1059.42	0.0275538
1059.55	0.0281647
1059.69	0.0270039
1059.82	0.0269428
1059.96	0.0275538
1060.09	0.0285313
1060.22	0.0271261
1060.36	0.0268817
1060.49	0.0277981
1060.62	0.0273094
1060.76	0.0274316
1060.89	0.0287757
1061.03	0.0272483
1061.16	0.0275538
1061.29	0.0275538
1061.43	0.0279203
1061.56	0.0281647
1061.69	0.0275538
1061.83	0.027737
1061.96	0.0276149
1062.1	0.0275538
1062.23	0.0285313
1062.36	0.0281036
1062.5	0.0273094
1062.63	0.0270039
1062.76	0.0265762
1062.9	0.027676
1063.03	0.027737
1063.17	0.0278592
1063.3	0.0271261
1063.43	0.0265762
1063.57	0.0275538
1063.7	0.0278592
1063.83	0.028348
1063.97	0.0273705
1064.1	0.0278592
1064.23	0.0279203
1064.37	0.0284091
1064.5	0.0274316
1064.64	0.027737
1064.77	0.027737
1064.9	0.0268206
1065.04	0.0274927
1065.17	0.0274927
1065.3	0.0280425
1065.44	0.0274927
1065.57	0.027737
1065.71	0.0266984
1065.84	0.027676
1065.97	0.0285313
1066.11	0.0274927
1066.24	0.0287146
1066.37	0.0266984
1066.51	0.0282869
1066.64	0.0279814
1066.78	0.0278592
1066.91	0.0273094
1067.04	0.0268817
1067.18	0.0278592
1067.31	0.0265762
1067.44	0.0274927
1067.58	0.0275538
1067.71	0.0272483
1067.85	0.0274927
1067.98	0.0268817
1068.11	0.027065
1068.25	0.0270039
1068.38	0.0281647
1068.51	0.0274316
1068.65	0.028348
1068.78	0.027737
1068.92	0.0278592
1069.05	0.0273094
1069.18	0.0272483
1069.32	0.027065
1069.45	0.0268817
1069.58	0.0268206
1069.72	0.0274316
1069.85	0.0278592
1069.98	0.0275538
1070.12	0.0274927
1070.25	0.027676
1070.39	0.0273705
1070.52	0.0273705
1070.65	0.0274316
1070.79	0.0279203
1070.92	0.0274927
1071.05	0.0279814
1071.19	0.0269428
1071.32	0.0278592
1071.46	0.0265152
1071.59	0.0274316
1071.72	0.0263319
1071.86	0.0279203
1071.99	0.0273705
1072.12	0.0279814
1072.26	0.0275538
1072.39	0.0276149
1072.53	0.0268817
1072.66	0.0274927
1072.79	0.0274316
1072.93	0.0278592
1073.06	0.0279203
1073.19	0.0269428
1073.33	0.0267595
1073.46	0.0281036
1073.59	0.0274316
1073.73	0.0266373
1073.86	0.0276149
1074	0.0274927
1074.13	0.0281647
1074.26	0.0269428
1074.4	0.0273705
1074.53	0.0273705
1074.66	0.0284702
1074.8	0.0273705
1074.93	0.0272483
1075.07	0.027737
1075.2	0.027065
1075.33	0.0282258
1075.47	0.0273094
1075.6	0.0281647
1075.73	0.0265152
1075.87	0.0280425
1076	0.0270039
1076.14	0.027676
1076.27	0.0272483
1076.4	0.0273705
1076.54	0.0273705
1076.67	0.0274927
1076.8	0.0272483
1076.94	0.0271872
1077.07	0.0269428
1077.2	0.0274316
1077.34	0.0274927
1077.47	0.0267595
1077.61	0.0282258
1077.74	0.0274316
1077.87	0.0285924
1078.01	0.027737
1078.14	0.0280425
1078.27	0.0279203
1078.41	0.0275538
1078.54	0.027737
1078.68	0.026393
1078.81	0.0281647
1078.94	0.0279203
1079.08	0.0279814
1079.21	0.0273705
1079.34	0.0288978
1079.48	0.027676
1079.61	0.0268817
1079.74	0.0281647
1079.88	0.027676
1080.01	0.0280425
1080.15	0.0278592
1080.28	0.0285924
1080.41	0.0273705
1080.55	0.0273705
1080.68	0.0273094
1080.81	0.0276149
1080.95	0.0272483
1081.08	0.0267595
1081.22	0.0279814
1081.35	0.0279814
1081.48	0.0279814
1081.62	0.027676
1081.75	0.0274316
1081.88	0.027065
1082.02	0.027676
1082.15	0.0275538
1082.28	0.0277981
1082.42	0.0279203
1082.55	0.027737
1082.69	0.0281036
1082.82	0.0271872
1082.95	0.0274927
1083.09	0.0266373
1083.22	0.0277981
1083.35	0.0269428
1083.49	0.027676
1083.62	0.0278592
1083.75	0.027065
1083.89	0.0270039
1084.02	0.0268206
1084.16	0.0281647
1084.29	0.0271872
1084.42	0.0276149
1084.56	0.0271872
1084.69	0.0279203
1084.82	0.0274927
1084.96	0.027676
1085.09	0.0280425
1085.23	0.0282258
1085.36	0.0271872
1085.49	0.027676
1085.63	0.0274927
1085.76	0.0277981
1085.89	0.0273094
1086.03	0.0280425
1086.16	0.0279814
1086.29	0.0273705
1086.43	0.0265762
1086.56	0.0263319
1086.7	0.0270039
1086.83	0.0271872
1086.96	0.0278592
1087.1	0.0265152
1087.23	0.0279814
1087.36	0.0276149
1087.5	0.0276149
1087.63	0.027676
1087.76	0.0274316
1087.9	0.0277981
1088.03	0.0279203
1088.17	0.027065
1088.3	0.0267595
1088.43	0.0274316
1088.57	0.0273094
1088.7	0.0279203
1088.83	0.0275538
1088.97	0.0277981
1089.1	0.0272483
1089.24	0.0277981
1089.37	0.027676
1089.5	0.0277981
1089.64	0.0278592
1089.77	0.0277981
1089.9	0.0280425
1090.04	0.0285313
1090.17	0.0278592
1090.3	0.0275538
1090.44	0.027065
1090.57	0.0268817
1090.71	0.0278592
1090.84	0.0271872
1090.97	0.0278592
1091.11	0.0273094
1091.24	0.027737
1091.37	0.0274316
1091.51	0.0274316
1091.64	0.0278592
1091.77	0.0266984
1091.91	0.0275538
1092.04	0.0273094
1092.18	0.0282258
1092.31	0.0269428
1092.44	0.027065
1092.58	0.027065
1092.71	0.0278592
1092.84	0.027676
1092.98	0.0271872
1093.11	0.027676
1093.24	0.0277981
1093.38	0.0271872
1093.51	0.0268206
1093.65	0.0271261
1093.78	0.027676
1093.91	0.0274316
1094.05	0.027737
1094.18	0.0273094
1094.31	0.0279203
1094.45	0.027676
1094.58	0.027065
1094.71	0.027737
1094.85	0.0287146
1094.98	0.0274316
1095.12	0.0281647
1095.25	0.0277981
1095.38	0.028348
1095.52	0.0275538
1095.65	0.0279814
1095.78	0.0273094
1095.92	0.0277981
1096.05	0.0275538
1096.18	0.0279203
1096.32	0.0275538
1096.45	0.0280425
1096.59	0.0262708
1096.72	0.0274927
1096.85	0.0274927
1096.99	0.0274316
1097.12	0.0278592
1097.25	0.0274927
1097.39	0.0276149
1097.52	0.0278592
1097.65	0.0272483
1097.79	0.0271872
1097.92	0.0274316
1098.06	0.0282258
1098.19	0.0280425
1098.32	0.0279814
1098.46	0.0270039
1098.59	0.027737
1098.72	0.0276149
1098.86	0.027676
1098.99	0.027065
1099.12	0.0273094
1099.26	0.0276149
1099.39	0.0277981
1099.53	0.0277981
1099.66	0.0282869
1099.79	0.0271261
1099.93	0.027737
1100.06	0.0273094
1100.19	0.027737
1100.33	0.0278592
1100.46	0.0281036
1100.59	0.027676
1100.73	0.0268206
1100.86	0.0279814
1100.99	0.027065
1101.13	0.0268817
1101.26	0.0268206
1101.4	0.0282869
1101.53	0.027737
1101.66	0.027065
1101.8	0.027737
1101.93	0.0274316
1102.06	0.0269428
1102.2	0.0279203
1102.33	0.0289589
1102.46	0.0271261
1102.6	0.0281036
1102.73	0.0270039
1102.87	0.0278592
1103	0.0267595
1103.13	0.0277981
1103.27	0.0273094
1103.4	0.0270039
1103.53	0.0270039
1103.67	0.0267595
1103.8	0.0277981
1103.93	0.0277981
1104.07	0.0268817
1104.2	0.0284091
1104.34	0.0273094
1104.47	0.0271261
1104.6	0.0266984
1104.74	0.0271261
1104.87	0.0268817
1105	0.0270039
1105.14	0.0268206
1105.27	0.0267595
1105.4	0.027737
1105.54	0.0276149
1105.67	0.0271261
1105.8	0.0284091
1105.94	0.0276149
1106.07	0.0278592
1106.21	0.0271261
1106.34	0.0279814
1106.47	0.0275538
1106.61	0.0273094
1106.74	0.0272483
1106.87	0.0271261
1107.01	0.0279814
1107.14	0.0277981
1107.27	0.0279814
1107.41	0.0282258
1107.54	0.0279203

