Source: Spectrum Viewer

Chart: Pulse Spectrum

Series: 
Wavelength (nm)	S (a.u.)
617.638	0.0278337
617.773	0.0277727
617.908	0.0274675
618.043	0.0267961
618.178	0.0271013
618.313	0.0271623
618.448	0.0271623
618.583	0.0272233
618.718	0.028261
618.853	0.0275896
618.988	0.0274675
619.123	0.0279558
619.258	0.028322
619.394	0.0275896
619.529	0.0278337
619.664	0.0280168
619.799	0.0269181
619.934	0.0275285
620.069	0.0274065
620.204	0.0268571
620.339	0.026613
620.474	0.0269181
620.609	0.0276506
620.744	0.0277727
620.879	0.0276506
621.014	0.0269792
621.149	0.0280779
621.284	0.0277117
621.419	0.0274675
621.554	0.0275285
621.689	0.0275285
621.825	0.0276506
621.96	0.0274675
622.095	0.0278948
622.23	0.0274065
622.365	0.0278948
622.5	0.0275896
622.635	0.0270402
622.77	0.0274675
622.905	0.0277727
623.04	0.0268571
623.175	0.0269792
623.31	0.0272844
623.445	0.0268571
623.58	0.0277117
623.715	0.0280779
623.85	0.0277117
623.985	0.0280779
624.12	0.0274065
624.255	0.0274065
624.39	0.0274065
624.525	0.0278948
624.661	0.0277727
624.796	0.0277727
624.931	0.0280168
625.066	0.0273454
625.201	0.0271623
625.336	0.0277117
625.471	0.0277117
625.606	0.0274065
625.741	0.0276506
625.876	0.0269181
626.011	0.0278337
626.146	0.0264909
626.281	0.026613
626.416	0.0271623
626.551	0.0272233
626.686	0.0280779
626.821	0.0286883
626.956	0.0275896
627.091	0.0280168
627.226	0.0273454
627.361	0.0274065
627.496	0.0271623
627.631	0.026613
627.766	0.0274065
627.901	0.0275285
628.036	0.0275285
628.171	0.0265519
628.307	0.0272233
628.442	0.0275285
628.577	0.0275285
628.712	0.0277117
628.847	0.0275285
628.982	0.0282
629.117	0.0268571
629.252	0.0282
629.387	0.0275285
629.522	0.0271623
629.657	0.0274065
629.792	0.0275896
629.927	0.0285052
630.062	0.0272233
630.197	0.0273454
630.332	0.0276506
630.467	0.0274675
630.602	0.0273454
630.737	0.0275285
630.872	0.0273454
631.007	0.0278948
631.142	0.0269181
631.277	0.0277727
631.412	0.0277727
631.547	0.0278337
631.682	0.0279558
631.817	0.0271013
631.952	0.0275896
632.087	0.0275896
632.222	0.0272844
632.357	0.0275896
632.492	0.0267961
632.627	0.028322
632.762	0.0278337
632.897	0.0272844
633.032	0.0269792
633.167	0.0277117
633.302	0.0268571
633.437	0.0278948
633.572	0.0279558
633.707	0.0274675
633.842	0.0276506
633.978	0.0272233
634.113	0.0270402
634.248	0.0274675
634.383	0.0269792
634.518	0.0279558
634.653	0.0272233
634.788	0.0269181
634.923	0.0277117
635.058	0.0268571
635.193	0.0274065
635.328	0.0280779
635.463	0.0271013
635.598	0.0275896
635.733	0.0277117
635.868	0.0273454
636.003	0.0278948
636.138	0.0272233
636.273	0.0281389
636.408	0.0269181
636.543	0.0279558
636.678	0.0274675
636.813	0.0272233
636.948	0.0268571
637.083	0.0272844
637.218	0.0280779
637.353	0.0273454
637.488	0.0277117
637.623	0.0275896
637.758	0.0274675
637.893	0.0272233
638.028	0.0269181
638.163	0.0277727
638.298	0.0278337
638.433	0.0270402
638.568	0.0281389
638.703	0.0275896
638.838	0.0281389
638.973	0.0280168
639.108	0.0275285
639.243	0.0270402
639.378	0.0276506
639.513	0.0288714
639.648	0.0280168
639.783	0.0272844
639.918	0.0282
640.053	0.0272844
640.188	0.0275896
640.323	0.0281389
640.458	0.0272844
640.593	0.0275896
640.728	0.0274675
640.863	0.0288104
640.998	0.028322
641.133	0.0271623
641.268	0.0278948
641.403	0.0281389
641.538	0.0271623
641.673	0.0274065
641.808	0.0271013
641.943	0.0272844
642.078	0.028261
642.213	0.0281389
642.348	0.0280779
642.483	0.0286883
642.618	0.026674
642.753	0.0272233
642.888	0.0281389
643.023	0.0275285
643.158	0.026735
643.293	0.0274065
643.428	0.0281389
643.563	0.0268571
643.698	0.0274065
643.833	0.0280168
643.968	0.0280168
644.103	0.0277117
644.237	0.0269792
644.372	0.0284441
644.507	0.0279558
644.642	0.0277727
644.777	0.0274675
644.912	0.0272233
645.047	0.026674
645.182	0.0269792
645.317	0.0272233
645.452	0.0276506
645.587	0.0274065
645.722	0.028261
645.857	0.0276506
645.992	0.0277117
646.127	0.0278948
646.262	0.028322
646.397	0.026674
646.532	0.0272844
646.667	0.0275896
646.802	0.028322
646.937	0.0280168
647.072	0.0274675
647.207	0.0267961
647.342	0.0270402
647.477	0.0269792
647.612	0.0263078
647.747	0.0271013
647.882	0.0277117
648.017	0.0273454
648.152	0.0271013
648.287	0.0277117
648.422	0.0275285
648.557	0.0277117
648.692	0.0272844
648.827	0.0275285
648.962	0.0279558
649.097	0.0273454
649.232	0.0283831
649.367	0.0271623
649.502	0.0274675
649.637	0.0278948
649.772	0.0278337
649.906	0.0282
650.041	0.0269792
650.176	0.0272233
650.311	0.0272844
650.446	0.0272233
650.581	0.0274675
650.716	0.028322
650.851	0.0275285
650.986	0.0275285
651.121	0.0278337
651.256	0.0272844
651.391	0.0277727
651.526	0.026674
651.661	0.0276506
651.796	0.0278948
651.931	0.0275285
652.066	0.0271013
652.201	0.0282
652.336	0.0285662
652.471	0.0272844
652.606	0.0277727
652.741	0.0271623
652.876	0.0279558
653.011	0.0276506
653.146	0.0273454
653.281	0.0272844
653.415	0.026674
653.55	0.0265519
653.685	0.0277727
653.82	0.0275896
653.955	0.0270402
654.09	0.0275896
654.225	0.026674
654.36	0.0269181
654.495	0.0275896
654.63	0.0271623
654.765	0.026613
654.9	0.0271013
655.035	0.0284441
655.17	0.0280168
655.305	0.0270402
655.44	0.0274065
655.575	0.0274675
655.71	0.0280779
655.845	0.0274675
655.98	0.0271013
656.115	0.0273454
656.25	0.026613
656.384	0.0273454
656.519	0.0274065
656.654	0.0272233
656.789	0.0272844
656.924	0.0286883
657.059	0.0269181
657.194	0.0261857
657.329	0.0271623
657.464	0.0267961
657.599	0.0275285
657.734	0.0267961
657.869	0.0272844
658.004	0.0278948
658.139	0.0285662
658.274	0.0281389
658.409	0.0272844
658.544	0.028322
658.679	0.0275285
658.813	0.0273454
658.948	0.0272844
659.083	0.0282
659.218	0.0269181
659.353	0.0272844
659.488	0.0280779
659.623	0.0277727
659.758	0.0274675
659.893	0.0274065
660.028	0.0276506
660.163	0.0278948
660.298	0.0274065
660.433	0.028322
660.568	0.0277117
660.703	0.026735
660.838	0.0280168
660.972	0.0270402
661.107	0.0273454
661.242	0.0275896
661.377	0.0273454
661.512	0.026674
661.647	0.0274065
661.782	0.0275896
661.917	0.0285052
662.052	0.0275896
662.187	0.0271623
662.322	0.0282
662.457	0.0280779
662.592	0.0275285
662.727	0.0277117
662.862	0.0278948
662.996	0.028322
663.131	0.0277727
663.266	0.0275285
663.401	0.0269792
663.536	0.0269792
663.671	0.0272844
663.806	0.0272844
663.941	0.0274675
664.076	0.028322
664.211	0.0269181
664.346	0.0280168
664.481	0.0271013
664.616	0.0269792
664.75	0.0280168
664.885	0.0274065
665.02	0.0277727
665.155	0.0273454
665.29	0.0275896
665.425	0.0282
665.56	0.0272844
665.695	0.0272233
665.83	0.0265519
665.965	0.0270402
666.1	0.0275896
666.235	0.0272844
666.37	0.0274675
666.504	0.0269181
666.639	0.0272233
666.774	0.0269181
666.909	0.0272233
667.044	0.0271013
667.179	0.0272233
667.314	0.0268571
667.449	0.026735
667.584	0.0273454
667.719	0.0275285
667.854	0.0268571
667.989	0.0276506
668.123	0.0280779
668.258	0.0275285
668.393	0.0278337
668.528	0.0270402
668.663	0.0279558
668.798	0.0273454
668.933	0.0282
669.068	0.0271623
669.203	0.0274675
669.338	0.0280168
669.473	0.0272233
669.607	0.026674
669.742	0.0277117
669.877	0.0286272
670.012	0.0270402
670.147	0.0269181
670.282	0.0276506
670.417	0.0271013
670.552	0.0275285
670.687	0.0272844
670.822	0.026674
670.957	0.0275896
671.091	0.0278948
671.226	0.0269792
671.361	0.0273454
671.496	0.0277727
671.631	0.0280779
671.766	0.0279558
671.901	0.0278337
672.036	0.0274675
672.171	0.0269792
672.306	0.0277117
672.44	0.0275896
672.575	0.0269792
672.71	0.0272233
672.845	0.0269181
672.98	0.0280168
673.115	0.0274675
673.25	0.0279558
673.385	0.0280168
673.52	0.0277117
673.655	0.0274065
673.789	0.0269792
673.924	0.0273454
674.059	0.0277727
674.194	0.0278948
674.329	0.0275285
674.464	0.0274675
674.599	0.0275285
674.734	0.026613
674.869	0.028261
675.003	0.0274065
675.138	0.0268571
675.273	0.026613
675.408	0.0271623
675.543	0.0280779
675.678	0.0273454
675.813	0.0274675
675.948	0.0271623
676.083	0.0278948
676.217	0.0272233
676.352	0.0274675
676.487	0.026735
676.622	0.0273454
676.757	0.0275285
676.892	0.0273454
677.027	0.0275285
677.162	0.0276506
677.297	0.0274065
677.431	0.0276506
677.566	0.0277727
677.701	0.0277727
677.836	0.0274675
677.971	0.0277727
678.106	0.0280779
678.241	0.0277727
678.376	0.0278948
678.511	0.0272233
678.645	0.0271623
678.78	0.0267961
678.915	0.0269181
679.05	0.0271623
679.185	0.0275896
679.32	0.0281389
679.455	0.0272233
679.59	0.0268571
679.724	0.0272233
679.859	0.0280168
679.994	0.0272233
680.129	0.0272844
680.264	0.0277727
680.399	0.0277117
680.534	0.0273454
680.669	0.0269792
680.803	0.0280168
680.938	0.026674
681.073	0.0270402
681.208	0.0275896
681.343	0.0269792
681.478	0.0271013
681.613	0.0280168
681.748	0.0272844
681.882	0.0281389
682.017	0.0278948
682.152	0.0278337
682.287	0.0274675
682.422	0.0274065
682.557	0.0269792
682.692	0.0278948
682.827	0.0272233
682.961	0.0286883
683.096	0.0270402
683.231	0.0273454
683.366	0.0275896
683.501	0.0275896
683.636	0.0280168
683.771	0.0275285
683.906	0.0264909
684.04	0.0273454
684.175	0.0276506
684.31	0.0277117
684.445	0.0274065
684.58	0.0277117
684.715	0.0279558
684.85	0.0269181
684.984	0.0276506
685.119	0.0283831
685.254	0.0276506
685.389	0.0271013
685.524	0.0280779
685.659	0.0277117
685.794	0.0274065
685.928	0.0275896
686.063	0.0277117
686.198	0.0267961
686.333	0.0268571
686.468	0.0278337
686.603	0.0271623
686.738	0.0276506
686.872	0.0272233
687.007	0.0270402
687.142	0.0271623
687.277	0.0276506
687.412	0.0272233
687.547	0.0274675
687.682	0.0278337
687.816	0.0284441
687.951	0.0277727
688.086	0.0269792
688.221	0.0280779
688.356	0.0275285
688.491	0.0276506
688.626	0.0278337
688.76	0.0269181
688.895	0.0272844
689.03	0.0274065
689.165	0.0273454
689.3	0.0272233
689.435	0.0277117
689.57	0.0274065
689.704	0.0277117
689.839	0.0280168
689.974	0.0271623
690.109	0.0272844
690.244	0.0279558
690.379	0.0271623
690.513	0.0271013
690.648	0.0274065
690.783	0.0271623
690.918	0.026674
691.053	0.0278948
691.188	0.0269181
691.323	0.0273454
691.457	0.0271013
691.592	0.026735
691.727	0.0267961
691.862	0.0275896
691.997	0.0278337
692.132	0.0271623
692.266	0.0276506
692.401	0.0275285
692.536	0.0275896
692.671	0.0269792
692.806	0.0272844
692.941	0.0272844
693.075	0.0278337
693.21	0.0265519
693.345	0.0270402
693.48	0.0280779
693.615	0.0279558
693.75	0.0277117
693.885	0.0284441
694.019	0.0271013
694.154	0.0275896
694.289	0.0272844
694.424	0.0282
694.559	0.0271013
694.694	0.026735
694.828	0.0271013
694.963	0.0278948
695.098	0.0271623
695.233	0.0271623
695.368	0.0274675
695.503	0.0269792
695.637	0.0280779
695.772	0.0280168
695.907	0.0277727
696.042	0.0277727
696.177	0.0275896
696.312	0.0280779
696.446	0.0279558
696.581	0.0277727
696.716	0.0271623
696.851	0.0271013
696.986	0.0285052
697.12	0.0278337
697.255	0.0272844
697.39	0.0271623
697.525	0.0274675
697.66	0.0269792
697.795	0.0273454
697.929	0.026613
698.064	0.0277117
698.199	0.0278337
698.334	0.0277727
698.469	0.0274675
698.604	0.0276506
698.738	0.0270402
698.873	0.0269181
699.008	0.0288104
699.143	0.0272844
699.278	0.0274065
699.412	0.0272844
699.547	0.0271013
699.682	0.0271623
699.817	0.0275285
699.952	0.0276506
700.087	0.0269792
700.221	0.0263688
700.356	0.026613
700.491	0.0276506
700.626	0.0275896
700.761	0.0271623
700.895	0.0273454
701.03	0.0272233
701.165	0.0277727
701.3	0.0272233
701.435	0.0278337
701.57	0.0277727
701.704	0.0271013
701.839	0.0272233
701.974	0.0273454
702.109	0.0281389
702.244	0.0274675
702.378	0.0280168
702.513	0.0270402
702.648	0.0281389
702.783	0.0275285
702.918	0.0280779
703.052	0.0269181
703.187	0.0270402
703.322	0.0280168
703.457	0.0278337
703.592	0.0277117
703.727	0.0278337
703.861	0.0267961
703.996	0.0271013
704.131	0.0272844
704.266	0.0274065
704.401	0.0280168
704.535	0.0270402
704.67	0.0272233
704.805	0.0278948
704.94	0.0275896
705.075	0.0275896
705.209	0.0285662
705.344	0.0275285
705.479	0.0267961
705.614	0.0281389
705.749	0.0260636
705.883	0.0280168
706.018	0.0275285
706.153	0.0271623
706.288	0.0277117
706.423	0.0275896
706.557	0.0273454
706.692	0.0264298
706.827	0.0278337
706.962	0.0277727
707.097	0.0271623
707.231	0.0267961
707.366	0.0274675
707.501	0.0270402
707.636	0.0269792
707.771	0.0286272
707.905	0.0280168
708.04	0.0269792
708.175	0.0275285
708.31	0.0273454
708.445	0.0276506
708.579	0.0276506
708.714	0.0280779
708.849	0.0280779
708.984	0.0280168
709.118	0.0278948
709.253	0.0269792
709.388	0.0274065
709.523	0.0275896
709.658	0.0276506
709.792	0.0272844
709.927	0.0286883
710.062	0.0268571
710.197	0.0273454
710.332	0.0280779
710.466	0.026674
710.601	0.0277727
710.736	0.0271623
710.871	0.0275896
711.006	0.0282
711.14	0.0272844
711.275	0.0268571
711.41	0.0278337
711.545	0.0272233
711.679	0.0276506
711.814	0.0274675
711.949	0.0274065
712.084	0.0275285
712.219	0.0270402
712.353	0.0278948
712.488	0.0277727
712.623	0.026674
712.758	0.0279558
712.892	0.0272844
713.027	0.0275896
713.162	0.0272844
713.297	0.0268571
713.432	0.0280779
713.566	0.0282
713.701	0.0280779
713.836	0.0268571
713.971	0.0275896
714.105	0.0275896
714.24	0.0283831
714.375	0.0267961
714.51	0.0277727
714.645	0.0275285
714.779	0.0275285
714.914	0.0265519
715.049	0.0272844
715.184	0.0272844
715.318	0.0275285
715.453	0.0277727
715.588	0.0273454
715.723	0.0279558
715.858	0.0279558
715.992	0.028322
716.127	0.0275896
716.262	0.0271013
716.397	0.0267961
716.531	0.026735
716.666	0.0278948
716.801	0.0278948
716.936	0.0271013
717.07	0.0274675
717.205	0.0272233
717.34	0.0273454
717.475	0.0268571
717.61	0.0276506
717.744	0.0275896
717.879	0.0274675
718.014	0.026735
718.149	0.0267961
718.283	0.0275896
718.418	0.0270402
718.553	0.0277727
718.688	0.0276506
718.822	0.0278948
718.957	0.0267961
719.092	0.0269181
719.227	0.0270402
719.361	0.0277727
719.496	0.0277117
719.631	0.0280779
719.766	0.0272233
719.9	0.0272233
720.035	0.0277117
720.17	0.0280779
720.305	0.0274675
720.44	0.0277117
720.574	0.0280168
720.709	0.0278948
720.844	0.0281389
720.979	0.0274065
721.113	0.0275285
721.248	0.0278337
721.383	0.0268571
721.518	0.0284441
721.652	0.0273454
721.787	0.0277117
721.922	0.0269181
722.057	0.0281389
722.191	0.0278948
722.326	0.0272233
722.461	0.0282
722.596	0.0275285
722.73	0.0277727
722.865	0.0286883
723	0.0270402
723.135	0.0273454
723.269	0.0274065
723.404	0.0276506
723.539	0.0275896
723.674	0.0276506
723.808	0.026735
723.943	0.0277117
724.078	0.0271623
724.213	0.0276506
724.347	0.0274065
724.482	0.0281389
724.617	0.0272233
724.752	0.0279558
724.886	0.0268571
725.021	0.0275896
725.156	0.0277727
725.291	0.0271623
725.425	0.0275896
725.56	0.0280779
725.695	0.0274065
725.829	0.0275285
725.964	0.0274675
726.099	0.0268571
726.234	0.0272233
726.368	0.0272844
726.503	0.0280168
726.638	0.0272844
726.773	0.0275285
726.907	0.0277117
727.042	0.0276506
727.177	0.0281389
727.312	0.0269792
727.446	0.0280168
727.581	0.0275285
727.716	0.0265519
727.851	0.0270402
727.985	0.0287493
728.12	0.0274675
728.255	0.0272844
728.389	0.0278337
728.524	0.0274675
728.659	0.0277727
728.794	0.0268571
728.928	0.0272233
729.063	0.0277727
729.198	0.0264298
729.333	0.0277727
729.467	0.0272844
729.602	0.0267961
729.737	0.0274675
729.872	0.0272233
730.006	0.0277727
730.141	0.0278948
730.276	0.0275896
730.41	0.0280779
730.545	0.0265519
730.68	0.0277117
730.815	0.0274675
730.949	0.0280168
731.084	0.0271013
731.219	0.0271623
731.354	0.0278337
731.488	0.0262467
731.623	0.0269181
731.758	0.026735
731.892	0.0273454
732.027	0.0280168
732.162	0.0275285
732.297	0.0269792
732.431	0.026674
732.566	0.0274675
732.701	0.026674
732.835	0.0273454
732.97	0.0273454
733.105	0.0269792
733.24	0.0279558
733.374	0.0275896
733.509	0.0269181
733.644	0.0271623
733.779	0.0272233
733.913	0.026613
734.048	0.0269181
734.183	0.0277117
734.317	0.0280779
734.452	0.0263688
734.587	0.0272233
734.722	0.0283831
734.856	0.026613
734.991	0.0278337
735.126	0.0277727
735.26	0.0268571
735.395	0.0274675
735.53	0.0271623
735.665	0.0281389
735.799	0.0271623
735.934	0.0269181
736.069	0.028322
736.203	0.028261
736.338	0.0277117
736.473	0.0273454
736.607	0.0275285
736.742	0.0268571
736.877	0.0278337
737.012	0.0276506
737.146	0.0280779
737.281	0.0275285
737.416	0.0275285
737.55	0.0272844
737.685	0.0268571
737.82	0.0282
737.955	0.0277727
738.089	0.0280168
738.224	0.0271623
738.359	0.0280779
738.493	0.0275285
738.628	0.0270402
738.763	0.0279558
738.897	0.0264909
739.032	0.0272844
739.167	0.0277117
739.302	0.0270402
739.436	0.0262467
739.571	0.0275285
739.706	0.0275896
739.84	0.0279558
739.975	0.0277727
740.11	0.0272233
740.244	0.0272844
740.379	0.0271623
740.514	0.0268571
740.649	0.0274065
740.783	0.0264909
740.918	0.0270402
741.053	0.0275285
741.187	0.0265519
741.322	0.0273454
741.457	0.0275896
741.591	0.0274065
741.726	0.0286883
741.861	0.0274065
741.996	0.0277727
742.13	0.0280168
742.265	0.0277727
742.4	0.0282
742.534	0.0269792
742.669	0.0280168
742.804	0.0263688
742.938	0.0272233
743.073	0.0274065
743.208	0.0271623
743.342	0.0282
743.477	0.0274065
743.612	0.0275896
743.747	0.0279558
743.881	0.0280779
744.016	0.0277117
744.151	0.0278948
744.285	0.0277117
744.42	0.0278948
744.555	0.0273454
744.689	0.0274065
744.824	0.0269792
744.959	0.0272233
745.093	0.0270402
745.228	0.0270402
745.363	0.0280779
745.497	0.0275896
745.632	0.0271623
745.767	0.0282
745.901	0.0276506
746.036	0.0269181
746.171	0.0277117
746.305	0.0278337
746.44	0.0271623
746.575	0.0271013
746.71	0.0268571
746.844	0.0275285
746.979	0.0278948
747.114	0.0274065
747.248	0.0285662
747.383	0.0274065
747.518	0.0275285
747.652	0.0272844
747.787	0.0270402
747.922	0.0274675
748.056	0.0270402
748.191	0.0280168
748.326	0.0278948
748.46	0.0282
748.595	0.0264909
748.73	0.028261
748.864	0.026674
748.999	0.0282
749.134	0.0277727
749.268	0.0278337
749.403	0.0274065
749.538	0.0272844
749.672	0.0270402
749.807	0.0268571
749.942	0.0274675
750.076	0.0278948
750.211	0.0285662
750.346	0.0277117
750.48	0.0275285
750.615	0.0275285
750.75	0.0268571
750.884	0.0274675
751.019	0.026735
751.154	0.0274675
751.288	0.0274675
751.423	0.0264298
751.558	0.0280779
751.692	0.0279558
751.827	0.0270402
751.962	0.0272233
752.096	0.0274065
752.231	0.0286272
752.366	0.0275285
752.5	0.0277117
752.635	0.0275896
752.77	0.0280168
752.904	0.0275285
753.039	0.0277117
753.174	0.0272233
753.308	0.0271013
753.443	0.0270402
753.578	0.0275896
753.712	0.0272233
753.847	0.0273454
753.982	0.0272233
754.116	0.0272233
754.251	0.0272233
754.386	0.0272233
754.52	0.0269181
754.655	0.0271013
754.79	0.0269181
754.924	0.0279558
755.059	0.0278948
755.194	0.0272233
755.328	0.0279558
755.463	0.0276506
755.597	0.0277727
755.732	0.0281389
755.867	0.0277117
756.001	0.0276506
756.136	0.0275285
756.271	0.0275896
756.405	0.0275285
756.54	0.0278337
756.675	0.0271623
756.809	0.0275285
756.944	0.0282
757.079	0.0270402
757.213	0.0272844
757.348	0.0269792
757.483	0.0277727
757.617	0.0278948
757.752	0.0271623
757.887	0.0267961
758.021	0.0272233
758.156	0.0273454
758.29	0.026735
758.425	0.0274675
758.56	0.0276506
758.694	0.0278337
758.829	0.0269792
758.964	0.0267961
759.098	0.0277727
759.233	0.028261
759.368	0.0277117
759.502	0.0271623
759.637	0.0273454
759.772	0.026674
759.906	0.0270402
760.041	0.0277117
760.175	0.0270402
760.31	0.0275285
760.445	0.0271013
760.579	0.026735
760.714	0.0269792
760.849	0.0271013
760.983	0.0277117
761.118	0.0273454
761.253	0.0279558
761.387	0.0276506
761.522	0.0276506
761.656	0.0280779
761.791	0.0276506
761.926	0.0272844
762.06	0.0272844
762.195	0.0276506
762.33	0.0282
762.464	0.0277117
762.599	0.0271013
762.733	0.0282
762.868	0.0277727
763.003	0.0274065
763.137	0.0270402
763.272	0.0277117
763.407	0.028261
763.541	0.0271013
763.676	0.0270402
763.811	0.0278948
763.945	0.0270402
764.08	0.0274065
764.214	0.0271013
764.349	0.026613
764.484	0.0273454
764.618	0.026735
764.753	0.0284441
764.888	0.0272844
765.022	0.0270402
765.157	0.0272233
765.291	0.0278337
765.426	0.0277727
765.561	0.0276506
765.695	0.0275896
765.83	0.0280779
765.965	0.0274065
766.099	0.0272844
766.234	0.0278337
766.368	0.0278337
766.503	0.0274065
766.638	0.0275285
766.772	0.0274065
766.907	0.0274675
767.041	0.0279558
767.176	0.0275896
767.311	0.0274065
767.445	0.0272844
767.58	0.0278948
767.715	0.026674
767.849	0.026674
767.984	0.0274675
768.118	0.0274065
768.253	0.0280168
768.388	0.0280779
768.522	0.028322
768.657	0.0275896
768.791	0.0271013
768.926	0.0272844
769.061	0.0274675
769.195	0.0278948
769.33	0.0269792
769.465	0.0277117
769.599	0.0277117
769.734	0.0275896
769.868	0.0272233
770.003	0.0275285
770.138	0.028261
770.272	0.0285052
770.407	0.0278948
770.541	0.0285662
770.676	0.0277117
770.811	0.0275896
770.945	0.0278948
771.08	0.028322
771.214	0.0277727
771.349	0.0277117
771.484	0.0274065
771.618	0.0277727
771.753	0.0282
771.887	0.0277727
772.022	0.0273454
772.157	0.0277727
772.291	0.0277727
772.426	0.0281389
772.56	0.0275285
772.695	0.0282
772.83	0.0278337
772.964	0.0278948
773.099	0.0278337
773.233	0.0272844
773.368	0.0278948
773.503	0.0275896
773.637	0.0269792
773.772	0.0280779
773.906	0.0275285
774.041	0.0282
774.176	0.0277727
774.31	0.0269792
774.445	0.0277117
774.579	0.0278948
774.714	0.026613
774.849	0.0269792
774.983	0.0278337
775.118	0.0268571
775.252	0.0278948
775.387	0.0280168
775.522	0.0275896
775.656	0.0273454
775.791	0.0275285
775.925	0.0279558
776.06	0.028322
776.195	0.0271013
776.329	0.0278337
776.464	0.0274675
776.598	0.0276506
776.733	0.0280168
776.868	0.0274065
777.002	0.0277117
777.137	0.0277117
777.271	0.026613
777.406	0.0272844
777.54	0.0278948
777.675	0.0272233
777.81	0.0275896
777.944	0.0272233
778.079	0.0271013
778.213	0.0277727
778.348	0.0282
778.483	0.0282
778.617	0.0277727
778.752	0.0268571
778.886	0.0278337
779.021	0.0275896
779.155	0.0269792
779.29	0.0281389
779.425	0.0275896
779.559	0.0269792
779.694	0.0285662
779.828	0.028261
779.963	0.0271013
780.098	0.0272844
780.232	0.0280779
780.367	0.0275285
780.501	0.0280168
780.636	0.0275285
780.77	0.028261
780.905	0.0277727
781.04	0.0285052
781.174	0.0281389
781.309	0.0273454
781.443	0.0277727
781.578	0.0278948
781.712	0.0272233
781.847	0.0275285
781.982	0.0278337
782.116	0.0274675
782.251	0.0271013
782.385	0.0281389
782.52	0.0274675
782.654	0.0272844
782.789	0.0268571
782.924	0.0278948
783.058	0.0278948
783.193	0.0276506
783.327	0.0277727
783.462	0.0275285
783.596	0.0274675
783.731	0.0275285
783.866	0.0274675
784	0.0274065
784.135	0.028261
784.269	0.0272233
784.404	0.0272844
784.538	0.0275285
784.673	0.0277727
784.808	0.0275285
784.942	0.0275285
785.077	0.0273454
785.211	0.0277117
785.346	0.0271013
785.48	0.0272844
785.615	0.0272233
785.75	0.0268571
785.884	0.0278948
786.019	0.0272233
786.153	0.0278337
786.288	0.0279558
786.422	0.0275896
786.557	0.0273454
786.691	0.0277727
786.826	0.0272233
786.961	0.0269181
787.095	0.0278948
787.23	0.0276506
787.364	0.0271623
787.499	0.0275896
787.633	0.0271013
787.768	0.0274065
787.902	0.0280779
788.037	0.0274675
788.172	0.0269181
788.306	0.0268571
788.441	0.0271623
788.575	0.0276506
788.71	0.0274675
788.844	0.0275896
788.979	0.0279558
789.113	0.0278337
789.248	0.0288714
789.383	0.0278337
789.517	0.0271013
789.652	0.0286272
789.786	0.0272844
789.921	0.0271623
790.055	0.0272233
790.19	0.028322
790.324	0.0277727
790.459	0.0277727
790.594	0.0280779
790.728	0.0275285
790.863	0.0279558
790.997	0.0283831
791.132	0.0274675
791.266	0.0276506
791.401	0.0279558
791.535	0.0278337
791.67	0.0274675
791.804	0.0272844
791.939	0.0271013
792.074	0.0271013
792.208	0.0285662
792.343	0.0280168
792.477	0.0276506
792.612	0.0268571
792.746	0.0280168
792.881	0.0275285
793.015	0.0277727
793.15	0.028261
793.284	0.0279558
793.419	0.0275896
793.553	0.0277727
793.688	0.0277727
793.823	0.0278337
793.957	0.0274065
794.092	0.0278337
794.226	0.0277727
794.361	0.0271623
794.495	0.0285052
794.63	0.0274065
794.764	0.0271623
794.899	0.0272233
795.033	0.0288714
795.168	0.0274675
795.302	0.0270402
795.437	0.0276506
795.572	0.0265519
795.706	0.028261
795.841	0.0291155
795.975	0.028261
796.11	0.0277117
796.244	0.0279558
796.379	0.0276506
796.513	0.0285052
796.648	0.0281389
796.782	0.0269181
796.917	0.0277727
797.051	0.0276506
797.186	0.0278948
797.32	0.0270402
797.455	0.0289935
797.589	0.0272233
797.724	0.0280779
797.859	0.0280168
797.993	0.0286883
798.128	0.0276506
798.262	0.0282
798.397	0.0285662
798.531	0.0275285
798.666	0.0276506
798.8	0.0280779
798.935	0.0275285
799.069	0.0274675
799.204	0.0277117
799.338	0.0281389
799.473	0.0277117
799.607	0.0279558
799.742	0.0271013
799.876	0.0285052
800.011	0.0286272
800.145	0.0286272
800.28	0.0276506
800.414	0.0282
800.549	0.0285662
800.683	0.0284441
800.818	0.0274675
800.953	0.0280168
801.087	0.0288714
801.222	0.028322
801.356	0.0285662
801.491	0.0280168
801.625	0.0287493
801.76	0.0290545
801.894	0.0285662
802.029	0.0286883
802.163	0.0283831
802.298	0.0286883
802.432	0.0294818
802.567	0.0293597
802.701	0.0288104
802.836	0.0280779
802.97	0.0285662
803.105	0.0297259
803.239	0.0294207
803.374	0.0289935
803.508	0.0281389
803.643	0.0288104
803.777	0.0292376
803.912	0.0300311
804.046	0.0289324
804.181	0.0292376
804.315	0.0297259
804.45	0.0293597
804.584	0.0294818
804.719	0.0300922
804.853	0.0307026
804.988	0.0303974
805.122	0.0296649
805.257	0.029848
805.391	0.029787
805.526	0.0308857
805.66	0.0313129
805.795	0.0319844
805.929	0.0308857
806.064	0.0321065
806.198	0.0321675
806.333	0.0319844
806.467	0.0333272
806.602	0.0333883
806.736	0.034487
806.871	0.0341207
807.005	0.0346701
807.14	0.0361961
807.274	0.0356467
807.409	0.0374168
807.543	0.037722
807.678	0.0390038
807.812	0.0412623
807.947	0.0410181
808.081	0.0426662
808.216	0.0460844
808.35	0.047122
808.485	0.0493194
808.619	0.0559116
808.754	0.165232
808.888	0.696209
809.023	1
809.157	1
809.292	1
809.426	1
809.561	1
809.695	1
809.83	1
809.964	1
810.099	0.997497
810.233	1
810.368	0.993225
810.502	0.997436
810.637	0.986449
810.771	0.990783
810.906	0.97711
811.04	0.981627
811.175	0.956968
811.309	0.964292
811.444	0.725935
811.578	0.292559
811.713	0.180065
811.847	0.271013
811.982	0.26613
812.116	0.115058
812.251	0.0467558
812.385	0.0415675
812.519	0.0377831
812.654	0.0362571
812.788	0.0354026
812.923	0.0352194
813.057	0.0333883
813.192	0.0342428
813.326	0.0336935
813.461	0.0319844
813.595	0.0327168
813.73	0.0331441
813.864	0.0321065
813.999	0.0322285
814.133	0.0309467
814.268	0.0316792
814.402	0.0309467
814.537	0.0300311
814.671	0.0304584
814.806	0.0306415
814.94	0.0295428
815.075	0.0296649
815.209	0.0296649
815.344	0.0300922
815.478	0.0307026
815.612	0.0295428
815.747	0.0300922
815.881	0.0288714
816.016	0.0300922
816.15	0.0292376
816.285	0.0283831
816.419	0.0293597
816.554	0.0280779
816.688	0.0291766
816.823	0.0278948
816.957	0.0282
817.092	0.0284441
817.226	0.0289324
817.361	0.0281389
817.495	0.0282
817.63	0.0278948
817.764	0.0289324
817.898	0.0284441
818.033	0.0283831
818.167	0.0282
818.302	0.0288104
818.436	0.0286272
818.571	0.0285052
818.705	0.0292376
818.84	0.0282
818.974	0.0279558
819.109	0.0291155
819.243	0.0286272
819.378	0.0294207
819.512	0.0282
819.646	0.028322
819.781	0.0271013
819.915	0.0280779
820.05	0.0276506
820.184	0.0274675
820.319	0.0275285
820.453	0.0285662
820.588	0.0282
820.722	0.0277117
820.857	0.0275285
820.991	0.0282
821.126	0.0276506
821.26	0.028261
821.394	0.0277117
821.529	0.0272233
821.663	0.0274065
821.798	0.0282
821.932	0.0279558
822.067	0.0269181
822.201	0.0275896
822.336	0.0272233
822.47	0.0277727
822.605	0.0274675
822.739	0.0270402
822.873	0.0269792
823.008	0.0277117
823.142	0.0279558
823.277	0.0274675
823.411	0.0279558
823.546	0.028261
823.68	0.0275896
823.815	0.0276506
823.949	0.0274065
824.083	0.0277117
824.218	0.0281389
824.352	0.0286883
824.487	0.0275896
824.621	0.0280168
824.756	0.0278948
824.89	0.0280779
825.025	0.0276506
825.159	0.0268571
825.293	0.0280779
825.428	0.0280168
825.562	0.0271623
825.697	0.0272844
825.831	0.0275285
825.966	0.0276506
826.1	0.0271623
826.235	0.0275896
826.369	0.028322
826.503	0.0280168
826.638	0.0275285
826.772	0.0275285
826.907	0.0275285
827.041	0.0280168
827.176	0.028261
827.31	0.0278948
827.445	0.0275896
827.579	0.0272233
827.713	0.0280168
827.848	0.0269181
827.982	0.0272844
828.117	0.0278337
828.251	0.0280779
828.386	0.0267961
828.52	0.0275285
828.654	0.0281389
828.789	0.0274675
828.923	0.0269181
829.058	0.0271623
829.192	0.0286272
829.327	0.026674
829.461	0.0288714
829.596	0.0282
829.73	0.0277117
829.864	0.0271623
829.999	0.0270402
830.133	0.0270402
830.268	0.0277117
830.402	0.0272233
830.537	0.0275285
830.671	0.0272233
830.805	0.0275896
830.94	0.0268571
831.074	0.0277727
831.209	0.0277117
831.343	0.0282
831.478	0.0282
831.612	0.0275896
831.746	0.0267961
831.881	0.0264909
832.015	0.026735
832.15	0.0276506
832.284	0.0272844
832.418	0.0280779
832.553	0.0271623
832.687	0.0278337
832.822	0.0280168
832.956	0.0274065
833.091	0.0284441
833.225	0.0274675
833.359	0.026674
833.494	0.0277727
833.628	0.0275285
833.763	0.026613
833.897	0.0277117
834.032	0.0278337
834.166	0.0277117
834.3	0.0278948
834.435	0.0272233
834.569	0.0283831
834.704	0.0276506
834.838	0.0277727
834.972	0.0277117
835.107	0.0264909
835.241	0.0280779
835.376	0.0278337
835.51	0.0274675
835.645	0.0277117
835.779	0.0277117
835.913	0.0277727
836.048	0.0271013
836.182	0.0275896
836.317	0.0274675
836.451	0.0278948
836.585	0.0273454
836.72	0.0274675
836.854	0.0274675
836.989	0.0271013
837.123	0.0283831
837.257	0.0267961
837.392	0.0272233
837.526	0.0273454
837.661	0.0277117
837.795	0.028322
837.929	0.0279558
838.064	0.0276506
838.198	0.0275285
838.333	0.0281389
838.467	0.0284441
838.602	0.0277117
838.736	0.0271013
838.87	0.0270402
839.005	0.026613
839.139	0.0283831
839.274	0.0268571
839.408	0.0272844
839.542	0.0281389
839.677	0.0271013
839.811	0.0273454
839.946	0.0275896
840.08	0.0272233
840.214	0.0271013
840.349	0.0270402
840.483	0.0278337
840.618	0.0274675
840.752	0.0280779
840.886	0.0275285
841.021	0.0270402
841.155	0.0276506
841.29	0.0267961
841.424	0.0275285
841.558	0.0277727
841.693	0.0278337
841.827	0.0280779
841.961	0.0272844
842.096	0.0274065
842.23	0.0273454
842.365	0.0276506
842.499	0.0272233
842.633	0.0276506
842.768	0.0273454
842.902	0.0276506
843.037	0.0276506
843.171	0.0279558
843.305	0.026735
843.44	0.0279558
843.574	0.0269792
843.709	0.0275896
843.843	0.0278948
843.977	0.0274675
844.112	0.0264909
844.246	0.0277727
844.381	0.0278337
844.515	0.0273454
844.649	0.0279558
844.784	0.0275285
844.918	0.0275285
845.052	0.0269792
845.187	0.0277727
845.321	0.0273454
845.456	0.0271623
845.59	0.0277117
845.724	0.0277117
845.859	0.0276506
845.993	0.0275896
846.128	0.0277727
846.262	0.0273454
846.396	0.0270402
846.531	0.0267961
846.665	0.0274065
846.799	0.0271013
846.934	0.0265519
847.068	0.0280168
847.203	0.0282
847.337	0.0268571
847.471	0.0275896
847.606	0.0275896
847.74	0.0277727
847.874	0.0276506
848.009	0.028322
848.143	0.0270402
848.278	0.0272233
848.412	0.0278948
848.546	0.0275285
848.681	0.0275285
848.815	0.0280168
848.949	0.0277117
849.084	0.0277727
849.218	0.0274675
849.353	0.0278337
849.487	0.0274675
849.621	0.0274675
849.756	0.0272844
849.89	0.0272233
850.024	0.0278337
850.159	0.0271013
850.293	0.0276506
850.428	0.0262467
850.562	0.0272233
850.696	0.0275285
850.831	0.0278948
850.965	0.0273454
851.099	0.0265519
851.234	0.0282
851.368	0.0280779
851.502	0.0274675
851.637	0.0271013
851.771	0.0276506
851.906	0.0270402
852.04	0.0265519
852.174	0.0268571
852.309	0.0272233
852.443	0.0273454
852.577	0.0272233
852.712	0.0289324
852.846	0.028261
852.98	0.0270402
853.115	0.0280779
853.249	0.0282
853.384	0.0276506
853.518	0.0275896
853.652	0.0274065
853.787	0.0277117
853.921	0.0271623
854.055	0.0264909
854.19	0.026735
854.324	0.0277727
854.458	0.0274675
854.593	0.0268571
854.727	0.0284441
854.861	0.0272233
854.996	0.0277727
855.13	0.0279558
855.265	0.0267961
855.399	0.0274065
855.533	0.0277727
855.668	0.0269181
855.802	0.0277727
855.936	0.0278948
856.071	0.0270402
856.205	0.0268571
856.339	0.0269792
856.474	0.0267961
856.608	0.0275285
856.742	0.0277727
856.877	0.0283831
857.011	0.0274675
857.145	0.0271623
857.28	0.0282
857.414	0.028322
857.549	0.0275896
857.683	0.0270402
857.817	0.0271623
857.952	0.0274675
858.086	0.0271013
858.22	0.028261
858.355	0.0274065
858.489	0.0281389
858.623	0.0282
858.758	0.0277117
858.892	0.0263688
859.026	0.0276506
859.161	0.0275896
859.295	0.0275896
859.429	0.026735
859.564	0.0277727
859.698	0.0264909
859.832	0.0273454
859.967	0.0275896
860.101	0.0269792
860.235	0.0278948
860.37	0.0275896
860.504	0.0282
860.638	0.0276506
860.773	0.0278948
860.907	0.0274675
861.041	0.0280168
861.176	0.0274065
861.31	0.0275285
861.444	0.0278337
861.579	0.0275896
861.713	0.0274065
861.847	0.0271013
861.982	0.0274065
862.116	0.0277117
862.25	0.028261
862.385	0.0263078
862.519	0.0279558
862.653	0.0278948
862.788	0.0275896
862.922	0.0277117
863.056	0.0271013
863.191	0.0280779
863.325	0.0279558
863.459	0.0285052
863.594	0.0271623
863.728	0.0274065
863.862	0.0269181
863.997	0.0276506
864.131	0.0280168
864.265	0.0275896
864.4	0.0272233
864.534	0.0272233
864.668	0.0274065
864.803	0.0272233
864.937	0.0270402
865.071	0.0285052
865.206	0.0281389
865.34	0.0273454
865.474	0.0278948
865.609	0.0280779
865.743	0.0282
865.877	0.0278948
866.012	0.028322
866.146	0.0273454
866.28	0.0272233
866.415	0.0279558
866.549	0.0274065
866.683	0.0274065
866.818	0.0280168
866.952	0.0277727
867.086	0.0277117
867.221	0.0279558
867.355	0.0274065
867.489	0.0276506
867.623	0.0278948
867.758	0.0277727
867.892	0.0275896
868.026	0.0267961
868.161	0.0275896
868.295	0.0269181
868.429	0.0271623
868.564	0.0275285
868.698	0.0277117
868.832	0.026674
868.967	0.0271623
869.101	0.0272844
869.235	0.0276506
869.37	0.0270402
869.504	0.0283831
869.638	0.0275285
869.773	0.0270402
869.907	0.0275896
870.041	0.0269792
870.175	0.0270402
870.31	0.0282
870.444	0.0273454
870.578	0.0272844
870.713	0.0271623
870.847	0.028261
870.981	0.0281389
871.116	0.0280779
871.25	0.0273454
871.384	0.0280168
871.519	0.0271013
871.653	0.026735
871.787	0.028261
871.921	0.0275285
872.056	0.0277117
872.19	0.0274675
872.324	0.0275896
872.459	0.0273454
872.593	0.0280779
872.727	0.0272844
872.862	0.0271623
872.996	0.0277727
873.13	0.0275285
873.264	0.0277727
873.399	0.0269792
873.533	0.0271013
873.667	0.0274675
873.802	0.0273454
873.936	0.0274065
874.07	0.0280168
874.205	0.0267961
874.339	0.0271013
874.473	0.0272844
874.607	0.0269181
874.742	0.0278337
874.876	0.0268571
875.01	0.0269792
875.145	0.0272233
875.279	0.0277727
875.413	0.028261
875.548	0.0278337
875.682	0.0283831
875.816	0.0267961
875.95	0.0269792
876.085	0.0274675
876.219	0.0275896
876.353	0.0280779
876.488	0.0269181
876.622	0.028322
876.756	0.0280168
876.89	0.0265519
877.025	0.0277117
877.159	0.0275285
877.293	0.0273454
877.428	0.0277727
877.562	0.0272233
877.696	0.0275896
877.83	0.0273454
877.965	0.0277117
878.099	0.0268571
878.233	0.0272233
878.368	0.0274065
878.502	0.028322
878.636	0.0271013
878.77	0.0272233
878.905	0.0283831
879.039	0.0272844
879.173	0.0271623
879.308	0.0274675
879.442	0.0279558
879.576	0.0277727
879.71	0.0275896
879.845	0.026735
879.979	0.0275285
880.113	0.0280168
880.248	0.0268571
880.382	0.0283831
880.516	0.0270402
880.65	0.0275896
880.785	0.0277727
880.919	0.0275285
881.053	0.0270402
881.188	0.0274675
881.322	0.0275896
881.456	0.0277727
881.59	0.0273454
881.725	0.0263078
881.859	0.0276506
881.993	0.0278948
882.127	0.0282
882.262	0.0278337
882.396	0.026674
882.53	0.028322
882.665	0.0278337
882.799	0.0278948
882.933	0.0275285
883.067	0.0274675
883.202	0.0274675
883.336	0.0271623
883.47	0.0278337
883.604	0.026674
883.739	0.0271623
883.873	0.0271623
884.007	0.0275285
884.142	0.026674
884.276	0.0278948
884.41	0.0279558
884.544	0.0272233
884.679	0.0272844
884.813	0.0276506
884.947	0.0274675
885.081	0.0275896
885.216	0.0278337
885.35	0.0270402
885.484	0.0275285
885.618	0.0275285
885.753	0.0275285
885.887	0.0277117
886.021	0.0275896
886.155	0.0274675
886.29	0.0274675
886.424	0.0272844
886.558	0.026735
886.693	0.0268571
886.827	0.0277727
886.961	0.0274675
887.095	0.0277117
887.23	0.0281389
887.364	0.0271623
887.498	0.0274065
887.632	0.0274065
887.767	0.0282
887.901	0.0275896
888.035	0.0274675
888.169	0.0277117
888.304	0.0284441
888.438	0.0282
888.572	0.0274065
888.706	0.0277727
888.841	0.0280779
888.975	0.0277117
889.109	0.028322
889.243	0.0273454
889.378	0.0277727
889.512	0.0277117
889.646	0.0272844
889.78	0.026613
889.915	0.0269181
890.049	0.026613
890.183	0.0275896
890.317	0.0275896
890.452	0.0271623
890.586	0.0272844
890.72	0.0274675
890.854	0.0277117
890.989	0.0271013
891.123	0.0277727
891.257	0.0277117
891.391	0.0277117
891.526	0.0278948
891.66	0.0271623
891.794	0.0264909
891.928	0.0277117
892.063	0.0277727
892.197	0.0271623
892.331	0.0261857
892.465	0.0279558
892.6	0.0272233
892.734	0.0274065
892.868	0.0271623
893.002	0.0277117
893.137	0.0273454
893.271	0.0288714
893.405	0.0269181
893.539	0.0275285
893.674	0.0275896
893.808	0.0269792
893.942	0.0273454
894.076	0.0279558
894.21	0.0268571
894.345	0.0255753
894.479	0.0278337
894.613	0.0275285
894.747	0.0271623
894.882	0.0276506
895.016	0.0279558
895.15	0.0280779
895.284	0.0275285
895.419	0.0275285
895.553	0.0274675
895.687	0.0278337
895.821	0.0275896
895.956	0.0270402
896.09	0.0277727
896.224	0.0274065
896.358	0.0274675
896.492	0.0272844
896.627	0.0274065
896.761	0.0276506
896.895	0.0279558
897.029	0.0274675
897.164	0.0267961
897.298	0.0274675
897.432	0.0280779
897.566	0.0271013
897.701	0.0280779
897.835	0.0275285
897.969	0.0268571
898.103	0.026613
898.237	0.0269792
898.372	0.0277117
898.506	0.0272233
898.64	0.0272233
898.774	0.0283831
898.909	0.0272844
899.043	0.0267961
899.177	0.0264298
899.311	0.0279558
899.445	0.0276506
899.58	0.0286883
899.714	0.0265519
899.848	0.0274675
899.982	0.0277117
900.117	0.0271013
900.251	0.0275285
900.385	0.0277117
900.519	0.0280168
900.653	0.026735
900.788	0.0272233
900.922	0.0280779
901.056	0.0272844
901.19	0.0279558
901.325	0.0274065
901.459	0.0278337
901.593	0.026674
901.727	0.0272844
901.861	0.0277727
901.996	0.0275285
902.13	0.0276506
902.264	0.0278337
902.398	0.0267961
902.532	0.0273454
902.667	0.0273454
902.801	0.0277727
902.935	0.0272844
903.069	0.0277727
903.204	0.0274675
903.338	0.0275285
903.472	0.0269792
903.606	0.0271623
903.74	0.0276506
903.875	0.0273454
904.009	0.0274065
904.143	0.026674
904.277	0.0272233
904.411	0.0283831
904.546	0.026735
904.68	0.0277727
904.814	0.0275896
904.948	0.0279558
905.082	0.0272844
905.217	0.0279558
905.351	0.0277117
905.485	0.0279558
905.619	0.026613
905.753	0.0289935
905.888	0.026613
906.022	0.0277117
906.156	0.0275285
906.29	0.0274675
906.424	0.0271623
906.559	0.0274065
906.693	0.0283831
906.827	0.0274675
906.961	0.0278337
907.095	0.0281389
907.23	0.0285052
907.364	0.0267961
907.498	0.0273454
907.632	0.0275285
907.766	0.0276506
907.901	0.0276506
908.035	0.0274065
908.169	0.0275896
908.303	0.0277117
908.437	0.0275285
908.572	0.0275285
908.706	0.0273454
908.84	0.0273454
908.974	0.0263688
909.108	0.028322
909.243	0.0277727
909.377	0.0271623
909.511	0.0277117
909.645	0.0282
909.779	0.0278337
909.914	0.0269792
910.048	0.028261
910.182	0.0277117
910.316	0.0273454
910.45	0.0269181
910.585	0.0269181
910.719	0.0272844
910.853	0.0280779
910.987	0.0268571
911.121	0.0272844
911.255	0.0270402
911.39	0.026674
911.524	0.0274065
911.658	0.0277727
911.792	0.0273454
911.926	0.0282
912.061	0.0263688
912.195	0.0276506
912.329	0.0272233
912.463	0.0275285
912.597	0.0275285
912.732	0.026735
912.866	0.0284441
913	0.0278337
913.134	0.0269181
913.268	0.028261
913.402	0.0272233
913.537	0.0271013
913.671	0.0285662
913.805	0.0274065
913.939	0.0277117
914.073	0.0271623
914.208	0.0272844
914.342	0.0281389
914.476	0.0277117
914.61	0.0273454
914.744	0.0278337
914.878	0.0268571
915.013	0.028322
915.147	0.0272844
915.281	0.0269181
915.415	0.0268571
915.549	0.0287493
915.683	0.0277727
915.818	0.0272844
915.952	0.0277117
916.086	0.0269181
916.22	0.0277117
916.354	0.0281389
916.488	0.0271013
916.623	0.0283831
916.757	0.0269792
916.891	0.0281389
917.025	0.0273454
917.159	0.0272233
917.293	0.0275285
917.428	0.0271623
917.562	0.0271013
917.696	0.026613
917.83	0.0279558
917.964	0.0265519
918.098	0.0274675
918.233	0.0270402
918.367	0.0267961
918.501	0.0285662
918.635	0.026735
918.769	0.0281389
918.903	0.0264909
919.038	0.0273454
919.172	0.0276506
919.306	0.0275285
919.44	0.0271013
919.574	0.0280168
919.708	0.0278337
919.843	0.0276506
919.977	0.0275896
920.111	0.0271013
920.245	0.0271623
920.379	0.0274675
920.513	0.028322
920.648	0.0277727
920.782	0.0276506
920.916	0.0274065
921.05	0.0274065
921.184	0.0274065
921.318	0.0279558
921.453	0.0285052
921.587	0.0285662
921.721	0.0277727
921.855	0.0270402
921.989	0.0278337
922.123	0.0280779
922.257	0.0280779
922.392	0.0280779
922.526	0.0271623
922.66	0.0282
922.794	0.0275896
922.928	0.0271013
923.062	0.0280168
923.197	0.028322
923.331	0.0271013
923.465	0.0271623
923.599	0.0274675
923.733	0.0274065
923.867	0.0263688
924.001	0.0274065
924.136	0.0281389
924.27	0.0283831
924.404	0.0276506
924.538	0.0270402
924.672	0.0277117
924.806	0.0267961
924.94	0.026735
925.075	0.0272844
925.209	0.028261
925.343	0.0279558
925.477	0.0275896
925.611	0.0277117
925.745	0.0275896
925.879	0.0274675
926.014	0.0274065
926.148	0.0276506
926.282	0.0282
926.416	0.0273454
926.55	0.0273454
926.684	0.0272233
926.818	0.0272844
926.953	0.0280168
927.087	0.0273454
927.221	0.0279558
927.355	0.0276506
927.489	0.0276506
927.623	0.0274675
927.757	0.0274065
927.892	0.0269792
928.026	0.0277117
928.16	0.0268571
928.294	0.026735
928.428	0.0277117
928.562	0.0274675
928.696	0.0282
928.831	0.0277727
928.965	0.0274065
929.099	0.0277117
929.233	0.0275285
929.367	0.0270402
929.501	0.0278337
929.635	0.0280779
929.769	0.0272233
929.904	0.0280779
930.038	0.0274675
930.172	0.0271013
930.306	0.0280779
930.44	0.0275896
930.574	0.0269792
930.708	0.0268571
930.843	0.028322
930.977	0.0274065
931.111	0.0285662
931.245	0.0284441
931.379	0.0267961
931.513	0.0269181
931.647	0.0272233
931.781	0.026613
931.916	0.0268571
932.05	0.0275285
932.184	0.0271013
932.318	0.0278337
932.452	0.0278337
932.586	0.026735
932.72	0.0280168
932.854	0.0275285
932.989	0.0280779
933.123	0.0274065
933.257	0.0277117
933.391	0.026674
933.525	0.0271623
933.659	0.0276506
933.793	0.0278337
933.927	0.0271013
934.061	0.0277117
934.196	0.0258194
934.33	0.0277117
934.464	0.0278337
934.598	0.0281389
934.732	0.0273454
934.866	0.0273454
935	0.0274065
935.134	0.0281389
935.269	0.0268571
935.403	0.026613
935.537	0.026674
935.671	0.0265519
935.805	0.0275285
935.939	0.0272844
936.073	0.0277117
936.207	0.0274675
936.341	0.0272844
936.476	0.0272233
936.61	0.0271013
936.744	0.0269181
936.878	0.0277117
937.012	0.0278948
937.146	0.0277727
937.28	0.0275285
937.414	0.0274675
937.548	0.0274675
937.683	0.0278337
937.817	0.0272233
937.951	0.0272233
938.085	0.0272233
938.219	0.0282
938.353	0.0268571
938.487	0.0274675
938.621	0.0279558
938.755	0.0273454
938.889	0.0272844
939.024	0.0275896
939.158	0.0272844
939.292	0.0270402
939.426	0.0277727
939.56	0.0278337
939.694	0.0275285
939.828	0.0279558
939.962	0.0273454
940.096	0.0279558
940.231	0.026735
940.365	0.0272844
940.499	0.0278337
940.633	0.0277117
940.767	0.0269181
940.901	0.0285662
941.035	0.026674
941.169	0.0278337
941.303	0.0278948
941.437	0.0280779
941.571	0.0273454
941.706	0.0271013
941.84	0.0280779
941.974	0.0277117
942.108	0.028261
942.242	0.0275896
942.376	0.0273454
942.51	0.0272844
942.644	0.0272233
942.778	0.0277727
942.912	0.0280168
943.047	0.0278948
943.181	0.0275285
943.315	0.0276506
943.449	0.0278337
943.583	0.0271013
943.717	0.0280168
943.851	0.0274065
943.985	0.0275285
944.119	0.0275285
944.253	0.0272233
944.387	0.0281389
944.522	0.0275285
944.656	0.0269181
944.79	0.026735
944.924	0.0275896
945.058	0.0269792
945.192	0.0280168
945.326	0.0270402
945.46	0.0280168
945.594	0.0278948
945.728	0.0274675
945.862	0.0269181
945.996	0.0276506
946.131	0.0269792
946.265	0.0279558
946.399	0.0277727
946.533	0.0278948
946.667	0.0278337
946.801	0.0278337
946.935	0.0273454
947.069	0.0280779
947.203	0.0272844
947.337	0.0277117
947.471	0.0272844
947.605	0.0268571
947.739	0.0277117
947.874	0.0271623
948.008	0.0272844
948.142	0.0282
948.276	0.0273454
948.41	0.0275896
948.544	0.0274675
948.678	0.0270402
948.812	0.0275285
948.946	0.0277117
949.08	0.0267961
949.214	0.0269181
949.348	0.0278948
949.482	0.0277727
949.617	0.0278337
949.751	0.0279558
949.885	0.0278948
950.019	0.0281389
950.153	0.0276506
950.287	0.0278337
950.421	0.0268571
950.555	0.0270402
950.689	0.0273454
950.823	0.0284441
950.957	0.0270402
951.091	0.0280168
951.225	0.0270402
951.359	0.0275285
951.493	0.0276506
951.628	0.0275896
951.762	0.0269181
951.896	0.0289935
952.03	0.0269792
952.164	0.0275285
952.298	0.0276506
952.432	0.0272233
952.566	0.0272844
952.7	0.0275896
952.834	0.0268571
952.968	0.0275285
953.102	0.0271623
953.236	0.0271623
953.37	0.0275285
953.504	0.0274065
953.639	0.0278948
953.773	0.0279558
953.907	0.0269792
954.041	0.0274065
954.175	0.0259415
954.309	0.0275896
954.443	0.026735
954.577	0.0272233
954.711	0.0275285
954.845	0.0275285
954.979	0.0280779
955.113	0.0279558
955.247	0.0272844
955.381	0.0277117
955.515	0.028261
955.649	0.0276506
955.783	0.0273454
955.917	0.0277117
956.052	0.0272233
956.186	0.0273454
956.32	0.0283831
956.454	0.0276506
956.588	0.0284441
956.722	0.0276506
956.856	0.028322
956.99	0.0282
957.124	0.0277727
957.258	0.0274675
957.392	0.026613
957.526	0.0278948
957.66	0.0271013
957.794	0.0283831
957.928	0.0274065
958.062	0.0276506
958.196	0.0272844
958.33	0.0269792
958.464	0.0274065
958.598	0.026735
958.733	0.0275285
958.867	0.0268571
959.001	0.0273454
959.135	0.0278337
959.269	0.0274065
959.403	0.0276506
959.537	0.0271623
959.671	0.0277117
959.805	0.0277117
959.939	0.028261
960.073	0.0269792
960.207	0.0275896
960.341	0.0275285
960.475	0.0269181
960.609	0.0288714
960.743	0.0269792
960.877	0.0274065
961.011	0.0275896
961.145	0.0274675
961.279	0.0279558
961.413	0.0275896
961.547	0.0273454
961.681	0.0278948
961.815	0.0278948
961.949	0.0267961
962.083	0.0285662
962.218	0.026674
962.352	0.0277727
962.486	0.0271013
962.62	0.0278948
962.754	0.0269181
962.888	0.0273454
963.022	0.0271623
963.156	0.0277117
963.29	0.028261
963.424	0.0272844
963.558	0.0273454
963.692	0.0286272
963.826	0.0278337
963.96	0.0272233
964.094	0.0280168
964.228	0.0274065
964.362	0.0265519
964.496	0.0280779
964.63	0.0275896
964.764	0.0283831
964.898	0.0278948
965.032	0.0275285
965.166	0.0279558
965.3	0.0274675
965.434	0.0282
965.568	0.0275285
965.702	0.0272844
965.836	0.0269181
965.97	0.0275285
966.104	0.0277117
966.238	0.0268571
966.372	0.0277117
966.506	0.0278948
966.64	0.0271013
966.774	0.0268571
966.908	0.026674
967.043	0.0288104
967.177	0.0284441
967.311	0.0278948
967.445	0.0275285
967.579	0.0278948
967.713	0.0286883
967.847	0.0280168
967.981	0.0271623
968.115	0.0277117
968.249	0.028261
968.383	0.0269792
968.517	0.0278948
968.651	0.0277727
968.785	0.0279558
968.919	0.0277727
969.053	0.0283831
969.187	0.0272233
969.321	0.0277117
969.455	0.0275285
969.589	0.0277117
969.723	0.0260026
969.857	0.0274675
969.991	0.0277727
970.125	0.0275896
970.259	0.0271623
970.393	0.0272233
970.527	0.0276506
970.661	0.0277727
970.795	0.026735
970.929	0.0276506
971.063	0.0275896
971.197	0.0276506
971.331	0.028322
971.465	0.0272844
971.599	0.0278948
971.733	0.0277117
971.867	0.0277117
972.001	0.0280168
972.135	0.0272233
972.269	0.0280168
972.403	0.0274675
972.537	0.0277727
972.671	0.0274675
972.805	0.0277117
972.939	0.0272233
973.073	0.026674
973.207	0.0278948
973.341	0.0280168
973.475	0.0272844
973.609	0.0279558
973.743	0.0270402
973.877	0.0270402
974.011	0.0274675
974.145	0.0272844
974.279	0.0277727
974.413	0.0278337
974.547	0.0267961
974.681	0.0277117
974.815	0.0280779
974.949	0.0272844
975.083	0.0275896
975.217	0.0282
975.351	0.0277117
975.485	0.0269792
975.619	0.0275285
975.753	0.0277727
975.887	0.0272844
976.021	0.0273454
976.155	0.0276506
976.289	0.0279558
976.423	0.0276506
976.557	0.0282
976.691	0.028261
976.825	0.0276506
976.959	0.0277117
977.093	0.0271013
977.227	0.0280779
977.361	0.0268571
977.495	0.0271623
977.629	0.0268571
977.763	0.0274065
977.897	0.0270402
978.031	0.0277117
978.165	0.0271623
978.299	0.0283831
978.433	0.0278948
978.567	0.0274675
978.701	0.0271013
978.835	0.0269181
978.969	0.0277727
979.103	0.0268571
979.237	0.0267961
979.371	0.0280779
979.505	0.0278337
979.639	0.0280779
979.773	0.0282
979.907	0.0273454
980.041	0.0273454
980.175	0.0283831
980.308	0.0272844
980.442	0.0279558
980.576	0.0275896
980.71	0.0271013
980.844	0.0278948
980.978	0.0273454
981.112	0.0277117
981.246	0.026674
981.38	0.0273454
981.514	0.0276506
981.648	0.0276506
981.782	0.0265519
981.916	0.026613
982.05	0.0277727
982.184	0.0278948
982.318	0.0278337
982.452	0.0280168
982.586	0.0271623
982.72	0.026735
982.854	0.0275896
982.988	0.0275285
983.122	0.0274675
983.256	0.026735
983.39	0.0283831
983.524	0.0268571
983.658	0.0271623
983.792	0.0279558
983.926	0.026674
984.06	0.0273454
984.194	0.0274065
984.328	0.0278337
984.462	0.0265519
984.596	0.0280779
984.73	0.026735
984.864	0.0281389
984.998	0.0271013
985.132	0.0272233
985.265	0.0274065
985.399	0.0277117
985.533	0.0273454
985.667	0.0278948
985.801	0.0270402
985.935	0.0280779
986.069	0.0272844
986.203	0.0273454
986.337	0.0271623
986.471	0.0271013
986.605	0.0277727
986.739	0.0267961
986.873	0.0273454
987.007	0.0273454
987.141	0.0272233
987.275	0.0273454
987.409	0.0271623
987.543	0.0277117
987.677	0.0263688
987.811	0.0274675
987.945	0.0272233
988.079	0.0286883
988.213	0.0277117
988.347	0.0276506
988.481	0.0272844
988.614	0.0279558
988.748	0.0270402
988.882	0.0272844
989.016	0.0272844
989.15	0.0269792
989.284	0.026735
989.418	0.0274675
989.552	0.0271623
989.686	0.0274675
989.82	0.0289935
989.954	0.0280168
990.088	0.0277117
990.222	0.028261
990.356	0.0273454
990.49	0.0272233
990.624	0.0273454
990.758	0.0275285
990.892	0.0273454
991.026	0.0276506
991.16	0.026735
991.294	0.0279558
991.427	0.0279558
991.561	0.0275896
991.695	0.0269181
991.829	0.0275285
991.963	0.0268571
992.097	0.0272233
992.231	0.0270402
992.365	0.0272844
992.499	0.0271623
992.633	0.0279558
992.767	0.0278337
992.901	0.028261
993.035	0.0276506
993.169	0.0277727
993.303	0.0273454
993.437	0.0271013
993.571	0.0274065
993.704	0.0268571
993.838	0.0282
993.972	0.0272844
994.106	0.028322
994.24	0.0274065
994.374	0.0271623
994.508	0.028261
994.642	0.0283831
994.776	0.0286883
994.91	0.026613
995.044	0.0272844
995.178	0.0275285
995.312	0.0270402
995.446	0.0275285
995.58	0.0275896
995.714	0.0274675
995.847	0.0278948
995.981	0.0275896
996.115	0.0280168
996.249	0.0273454
996.383	0.0277727
996.517	0.0273454
996.651	0.0264909
996.785	0.0274675
996.919	0.0274065
997.053	0.0275285
997.187	0.0271013
997.321	0.0272844
997.455	0.0279558
997.589	0.0272844
997.722	0.0280168
997.856	0.0274675
997.99	0.0280168
998.124	0.0278948
998.258	0.0269181
998.392	0.0272844
998.526	0.0278337
998.66	0.0277727
998.794	0.0281389
998.928	0.0278337
999.062	0.026613
999.196	0.0274065
999.33	0.0281389
999.464	0.0275896
999.597	0.0277117
999.731	0.0275285
999.865	0.0280779
999.999	0.0276506
1000.13	0.0272844
1000.27	0.0283831
1000.4	0.0280779
1000.53	0.0274065
1000.67	0.0268571
1000.8	0.0270402
1000.94	0.0277117
1001.07	0.0280168
1001.2	0.0268571
1001.34	0.0269792
1001.47	0.0269792
1001.61	0.0278948
1001.74	0.0274065
1001.87	0.0271013
1002.01	0.0275285
1002.14	0.0268571
1002.28	0.0273454
1002.41	0.026735
1002.54	0.0272233
1002.68	0.026735
1002.81	0.0278337
1002.95	0.0271013
1003.08	0.0275896
1003.21	0.0269792
1003.35	0.0284441
1003.48	0.0278948
1003.61	0.0274065
1003.75	0.0272233
1003.88	0.0274065
1004.02	0.0281389
1004.15	0.0275896
1004.28	0.0274065
1004.42	0.0276506
1004.55	0.0272233
1004.69	0.0276506
1004.82	0.0278948
1004.95	0.0274675
1005.09	0.0279558
1005.22	0.0275285
1005.36	0.0271013
1005.49	0.0279558
1005.62	0.0277727
1005.76	0.026613
1005.89	0.0275285
1006.03	0.0269181
1006.16	0.0273454
1006.29	0.0275285
1006.43	0.0278337
1006.56	0.0275896
1006.69	0.026674
1006.83	0.0278948
1006.96	0.0274065
1007.1	0.0265519
1007.23	0.0277727
1007.36	0.0272233
1007.5	0.0272844
1007.63	0.0272233
1007.77	0.0277727
1007.9	0.0270402
1008.03	0.0277727
1008.17	0.0278948
1008.3	0.0280168
1008.44	0.0272233
1008.57	0.0277727
1008.7	0.0278948
1008.84	0.0280779
1008.97	0.0273454
1009.1	0.0274065
1009.24	0.0279558
1009.37	0.0276506
1009.51	0.0278948
1009.64	0.028322
1009.77	0.0278337
1009.91	0.0276506
1010.04	0.0274675
1010.18	0.0280168
1010.31	0.0275285
1010.44	0.0274675
1010.58	0.0280779
1010.71	0.0279558
1010.85	0.0277117
1010.98	0.0278337
1011.11	0.0282
1011.25	0.0277117
1011.38	0.0273454
1011.51	0.0271013
1011.65	0.0273454
1011.78	0.0276506
1011.92	0.0278337
1012.05	0.028322
1012.18	0.0270402
1012.32	0.0276506
1012.45	0.0278337
1012.59	0.0285052
1012.72	0.0281389
1012.85	0.0275896
1012.99	0.0274675
1013.12	0.0272233
1013.26	0.0264909
1013.39	0.0277727
1013.52	0.0277727
1013.66	0.0275285
1013.79	0.0272844
1013.92	0.0272844
1014.06	0.0271623
1014.19	0.0277727
1014.33	0.0271623
1014.46	0.0274065
1014.59	0.0274065
1014.73	0.0270402
1014.86	0.0263688
1015	0.0277727
1015.13	0.0272233
1015.26	0.0273454
1015.4	0.0272844
1015.53	0.0280168
1015.67	0.0265519
1015.8	0.0273454
1015.93	0.0277727
1016.07	0.0270402
1016.2	0.0271623
1016.33	0.0278337
1016.47	0.0277117
1016.6	0.0277117
1016.74	0.0272233
1016.87	0.0271623
1017	0.0276506
1017.14	0.0280168
1017.27	0.0279558
1017.41	0.0267961
1017.54	0.0275285
1017.67	0.0273454
1017.81	0.0272844
1017.94	0.0280779
1018.07	0.0275285
1018.21	0.0272844
1018.34	0.0280779
1018.48	0.0280168
1018.61	0.0279558
1018.74	0.0278948
1018.88	0.028261
1019.01	0.0274675
1019.15	0.0271013
1019.28	0.0278337
1019.41	0.0278948
1019.55	0.0268571
1019.68	0.0271013
1019.82	0.0264909
1019.95	0.0273454
1020.08	0.0271013
1020.22	0.0276506
1020.35	0.0275896
1020.48	0.0271013
1020.62	0.026674
1020.75	0.0275896
1020.89	0.0283831
1021.02	0.0272233
1021.15	0.0277727
1021.29	0.0277117
1021.42	0.0270402
1021.56	0.0274065
1021.69	0.0271013
1021.82	0.0282
1021.96	0.0275896
1022.09	0.0274065
1022.22	0.0285052
1022.36	0.0275896
1022.49	0.0271623
1022.63	0.0275285
1022.76	0.0269792
1022.89	0.0275896
1023.03	0.0280168
1023.16	0.0272233
1023.3	0.0275285
1023.43	0.0276506
1023.56	0.0269181
1023.7	0.0277727
1023.83	0.0267961
1023.96	0.0271623
1024.1	0.0274065
1024.23	0.026613
1024.37	0.0269792
1024.5	0.0273454
1024.63	0.0278337
1024.77	0.0274065
1024.9	0.0271623
1025.04	0.0278948
1025.17	0.0269792
1025.3	0.0280779
1025.44	0.0260636
1025.57	0.0272233
1025.7	0.0272844
1025.84	0.0278948
1025.97	0.0275896
1026.11	0.0278337
1026.24	0.0280168
1026.37	0.0279558
1026.51	0.0286883
1026.64	0.0271013
1026.78	0.0264909
1026.91	0.0269792
1027.04	0.0275285
1027.18	0.0284441
1027.31	0.0272844
1027.44	0.0278337
1027.58	0.026613
1027.71	0.0278948
1027.85	0.0270402
1027.98	0.0256363
1028.11	0.0278948
1028.25	0.028322
1028.38	0.0273454
1028.52	0.0277727
1028.65	0.026735
1028.78	0.0275896
1028.92	0.0281389
1029.05	0.0275285
1029.18	0.0277117
1029.32	0.0279558
1029.45	0.0279558
1029.59	0.0279558
1029.72	0.0282
1029.85	0.0263078
1029.99	0.0278337
1030.12	0.0264298
1030.26	0.0271623
1030.39	0.0280779
1030.52	0.0275285
1030.66	0.0274065
1030.79	0.0265519
1030.92	0.0274065
1031.06	0.0271013
1031.19	0.0271013
1031.33	0.0279558
1031.46	0.0277727
1031.59	0.0280779
1031.73	0.0274065
1031.86	0.0272233
1031.99	0.0270402
1032.13	0.0271623
1032.26	0.0269181
1032.4	0.0269181
1032.53	0.0267961
1032.66	0.0275896
1032.8	0.0277727
1032.93	0.0277727
1033.07	0.0275285
1033.2	0.0267961
1033.33	0.0275285
1033.47	0.0275285
1033.6	0.0269792
1033.73	0.0272233
1033.87	0.0276506
1034	0.0269792
1034.14	0.0275896
1034.27	0.028261
1034.4	0.0279558
1034.54	0.0267961
1034.67	0.0277727
1034.81	0.0278337
1034.94	0.026674
1035.07	0.0281389
1035.21	0.0277117
1035.34	0.0277117
1035.47	0.0275896
1035.61	0.0268571
1035.74	0.0271623
1035.88	0.0272844
1036.01	0.0268571
1036.14	0.0272233
1036.28	0.0256363
1036.41	0.0272844
1036.54	0.0274675
1036.68	0.0267961
1036.81	0.0272844
1036.95	0.0275896
1037.08	0.0275285
1037.21	0.0278337
1037.35	0.026613
1037.48	0.0269792
1037.62	0.0279558
1037.75	0.0272844
1037.88	0.0272233
1038.02	0.0277117
1038.15	0.0274675
1038.28	0.0280779
1038.42	0.0269792
1038.55	0.0273454
1038.69	0.0276506
1038.82	0.0278337
1038.95	0.0277727
1039.09	0.0280779
1039.22	0.0279558
1039.35	0.0277727
1039.49	0.0277727
1039.62	0.0271623
1039.76	0.0277117
1039.89	0.0268571
1040.02	0.0274065
1040.16	0.0274065
1040.29	0.0278337
1040.43	0.0280168
1040.56	0.0269181
1040.69	0.0269792
1040.83	0.0277727
1040.96	0.0276506
1041.09	0.0273454
1041.23	0.0276506
1041.36	0.0278948
1041.5	0.0271013
1041.63	0.0277727
1041.76	0.0272233
1041.9	0.0274065
1042.03	0.0275285
1042.16	0.0272233
1042.3	0.0272844
1042.43	0.0269181
1042.57	0.0274675
1042.7	0.0272233
1042.83	0.0275896
1042.97	0.0270402
1043.1	0.0270402
1043.23	0.0271013
1043.37	0.0275285
1043.5	0.0285662
1043.64	0.0280168
1043.77	0.0278948
1043.9	0.0277727
1044.04	0.0275896
1044.17	0.0277117
1044.31	0.0268571
1044.44	0.026674
1044.57	0.0270402
1044.71	0.0277727
1044.84	0.0275896
1044.97	0.0269181
1045.11	0.0267961
1045.24	0.0277727
1045.38	0.0285052
1045.51	0.0270402
1045.64	0.0279558
1045.78	0.0275896
1045.91	0.0275285
1046.04	0.0264909
1046.18	0.0271623
1046.31	0.0276506
1046.45	0.0272844
1046.58	0.0270402
1046.71	0.0280779
1046.85	0.0278948
1046.98	0.0278337
1047.11	0.0281389
1047.25	0.0276506
1047.38	0.0276506
1047.52	0.0271623
1047.65	0.0271013
1047.78	0.0277117
1047.92	0.0274675
1048.05	0.0271623
1048.18	0.0279558
1048.32	0.0272233
1048.45	0.0281389
1048.59	0.0282
1048.72	0.0271623
1048.85	0.0269792
1048.99	0.0275896
1049.12	0.0268571
1049.25	0.026674
1049.39	0.0280168
1049.52	0.0279558
1049.66	0.0272844
1049.79	0.0274675
1049.92	0.0269792
1050.06	0.0274065
1050.19	0.0269792
1050.33	0.0277117
1050.46	0.0273454
1050.59	0.028261
1050.73	0.0285052
1050.86	0.0275896
1050.99	0.0280168
1051.13	0.0272233
1051.26	0.0274675
1051.4	0.0280168
1051.53	0.0277117
1051.66	0.0270402
1051.8	0.0277117
1051.93	0.0271623
1052.06	0.0275285
1052.2	0.0268571
1052.33	0.0274675
1052.47	0.0272233
1052.6	0.0286272
1052.73	0.0279558
1052.87	0.026735
1053	0.0289935
1053.13	0.0269181
1053.27	0.0274065
1053.4	0.0262467
1053.54	0.0274065
1053.67	0.0278337
1053.8	0.0274675
1053.94	0.0284441
1054.07	0.0277727
1054.2	0.0284441
1054.34	0.0277727
1054.47	0.0281389
1054.61	0.0278948
1054.74	0.028261
1054.87	0.028261
1055.01	0.0274675
1055.14	0.0272233
1055.27	0.0275285
1055.41	0.0277727
1055.54	0.0275285
1055.68	0.0278948
1055.81	0.0276506
1055.94	0.0274675
1056.08	0.028261
1056.21	0.0277117
1056.34	0.0275285
1056.48	0.0276506
1056.61	0.0275285
1056.75	0.0272844
1056.88	0.0272233
1057.01	0.0269792
1057.15	0.0278948
1057.28	0.0277117
1057.41	0.0275896
1057.55	0.0270402
1057.68	0.0273454
1057.82	0.028261
1057.95	0.0278948
1058.08	0.0269181
1058.22	0.0280779
1058.35	0.0274675
1058.48	0.0277727
1058.62	0.0275896
1058.75	0.0276506
1058.89	0.0269792
1059.02	0.0274675
1059.15	0.026613
1059.29	0.0272233
1059.42	0.0275285
1059.55	0.0274675
1059.69	0.0271623
1059.82	0.0275896
1059.96	0.0275896
1060.09	0.0275285
1060.22	0.0271013
1060.36	0.0273454
1060.49	0.0277727
1060.62	0.0276506
1060.76	0.0275285
1060.89	0.0277117
1061.03	0.0284441
1061.16	0.0269792
1061.29	0.0267961
1061.43	0.0274065
1061.56	0.0277727
1061.69	0.0274675
1061.83	0.0278337
1061.96	0.0274675
1062.1	0.0272233
1062.23	0.0273454
1062.36	0.0275285
1062.5	0.0267961
1062.63	0.0277727
1062.76	0.0280779
1062.9	0.0280779
1063.03	0.0278948
1063.17	0.0281389
1063.3	0.0275285
1063.43	0.026613
1063.57	0.028261
1063.7	0.0276506
1063.83	0.028261
1063.97	0.0275285
1064.1	0.0272233
1064.23	0.0271623
1064.37	0.0274675
1064.5	0.0272844
1064.64	0.0277727
1064.77	0.026674
1064.9	0.0280779
1065.04	0.0269792
1065.17	0.0272233
1065.3	0.0272233
1065.44	0.0285052
1065.57	0.0276506
1065.71	0.0273454
1065.84	0.0276506
1065.97	0.0272233
1066.11	0.0275896
1066.24	0.0269792
1066.37	0.0279558
1066.51	0.0275285
1066.64	0.026613
1066.78	0.0278948
1066.91	0.0272844
1067.04	0.028261
1067.18	0.0271623
1067.31	0.0269181
1067.44	0.0270402
1067.58	0.0274675
1067.71	0.0281389
1067.85	0.0287493
1067.98	0.026674
1068.11	0.0278337
1068.25	0.0272844
1068.38	0.0277727
1068.51	0.028322
1068.65	0.0274065
1068.78	0.0275285
1068.92	0.0275285
1069.05	0.0269792
1069.18	0.0278948
1069.32	0.0285662
1069.45	0.0269181
1069.58	0.0277117
1069.72	0.0275285
1069.85	0.0278948
1069.98	0.0278337
1070.12	0.0277117
1070.25	0.0280779
1070.39	0.0275285
1070.52	0.0275285
1070.65	0.0277117
1070.79	0.0275285
1070.92	0.0271013
1071.05	0.0271013
1071.19	0.0281389
1071.32	0.0271013
1071.46	0.0282
1071.59	0.0275285
1071.72	0.0278948
1071.86	0.0272844
1071.99	0.0277727
1072.12	0.0274065
1072.26	0.0275285
1072.39	0.0271623
1072.53	0.0280168
1072.66	0.0280168
1072.79	0.0268571
1072.93	0.0271013
1073.06	0.0279558
1073.19	0.0276506
1073.33	0.0274065
1073.46	0.0276506
1073.59	0.0269792
1073.73	0.0269181
1073.86	0.0277117
1074	0.028322
1074.13	0.0277117
1074.26	0.0277117
1074.4	0.0274675
1074.53	0.0274675
1074.66	0.0269181
1074.8	0.0274675
1074.93	0.0276506
1075.07	0.0276506
1075.2	0.0280168
1075.33	0.0277117
1075.47	0.0276506
1075.6	0.0277117
1075.73	0.0270402
1075.87	0.0278337
1076	0.0274065
1076.14	0.0277117
1076.27	0.028261
1076.4	0.0272233
1076.54	0.0272844
1076.67	0.0277727
1076.8	0.0276506
1076.94	0.0272233
1077.07	0.0276506
1077.2	0.0279558
1077.34	0.0286883
1077.47	0.0275285
1077.61	0.0277117
1077.74	0.0272844
1077.87	0.0278337
1078.01	0.0271623
1078.14	0.0270402
1078.27	0.0268571
1078.41	0.0274065
1078.54	0.0276506
1078.68	0.0275285
1078.81	0.0275285
1078.94	0.026613
1079.08	0.0270402
1079.21	0.0271623
1079.34	0.0280168
1079.48	0.0265519
1079.61	0.0265519
1079.74	0.0274065
1079.88	0.026613
1080.01	0.0275285
1080.15	0.0269792
1080.28	0.0278337
1080.41	0.0280168
1080.55	0.0275285
1080.68	0.0271013
1080.81	0.0267961
1080.95	0.0273454
1081.08	0.0263688
1081.22	0.0275285
1081.35	0.0285052
1081.48	0.0277727
1081.62	0.0274065
1081.75	0.0276506
1081.88	0.0278948
1082.02	0.0273454
1082.15	0.0272844
1082.28	0.0276506
1082.42	0.0261246
1082.55	0.028322
1082.69	0.0279558
1082.82	0.0273454
1082.95	0.0275896
1083.09	0.0273454
1083.22	0.0275896
1083.35	0.0269792
1083.49	0.0274675
1083.62	0.0277117
1083.75	0.0282
1083.89	0.028261
1084.02	0.0269181
1084.16	0.0277117
1084.29	0.0274065
1084.42	0.026674
1084.56	0.0279558
1084.69	0.0278948
1084.82	0.0274675
1084.96	0.0275285
1085.09	0.0271013
1085.23	0.0283831
1085.36	0.0272844
1085.49	0.0273454
1085.63	0.0279558
1085.76	0.0275285
1085.89	0.0277727
1086.03	0.0277727
1086.16	0.0275285
1086.29	0.0279558
1086.43	0.0271013
1086.56	0.0272844
1086.7	0.0277727
1086.83	0.0277117
1086.96	0.0274065
1087.1	0.0277727
1087.23	0.0271623
1087.36	0.028261
1087.5	0.0277727
1087.63	0.0272233
1087.76	0.0271623
1087.9	0.0272844
1088.03	0.0273454
1088.17	0.0274675
1088.3	0.0267961
1088.43	0.0278948
1088.57	0.0270402
1088.7	0.0274675
1088.83	0.0277117
1088.97	0.0269181
1089.1	0.0265519
1089.24	0.0275285
1089.37	0.0275285
1089.5	0.0277117
1089.64	0.0274065
1089.77	0.0277727
1089.9	0.0284441
1090.04	0.0274675
1090.17	0.0270402
1090.3	0.0274675
1090.44	0.026613
1090.57	0.0278948
1090.71	0.0268571
1090.84	0.0269792
1090.97	0.0277117
1091.11	0.0273454
1091.24	0.0273454
1091.37	0.0275896
1091.51	0.0277117
1091.64	0.0275285
1091.77	0.0280779
1091.91	0.0279558
1092.04	0.0272844
1092.18	0.0272844
1092.31	0.0272233
1092.44	0.0281389
1092.58	0.0279558
1092.71	0.0269792
1092.84	0.0274065
1092.98	0.0275896
1093.11	0.0281389
1093.24	0.0275285
1093.38	0.0274065
1093.51	0.0268571
1093.65	0.0277117
1093.78	0.0275896
1093.91	0.0269792
1094.05	0.0272844
1094.18	0.028261
1094.31	0.0278337
1094.45	0.0281389
1094.58	0.0275896
1094.71	0.0267961
1094.85	0.0272844
1094.98	0.0271623
1095.12	0.0278337
1095.25	0.0278337
1095.38	0.0278337
1095.52	0.0280779
1095.65	0.0277117
1095.78	0.0272844
1095.92	0.0281389
1096.05	0.0269792
1096.18	0.0277727
1096.32	0.0271013
1096.45	0.0279558
1096.59	0.0274065
1096.72	0.0273454
1096.85	0.0272844
1096.99	0.0281389
1097.12	0.0264298
1097.25	0.0280168
1097.39	0.0278337
1097.52	0.0271013
1097.65	0.0280168
1097.79	0.0277727
1097.92	0.0278948
1098.06	0.0272233
1098.19	0.0279558
1098.32	0.0276506
1098.46	0.0280168
1098.59	0.0279558
1098.72	0.0270402
1098.86	0.0281389
1098.99	0.0274675
1099.12	0.028322
1099.26	0.0280168
1099.39	0.0282
1099.53	0.0267961
1099.66	0.0275896
1099.79	0.0270402
1099.93	0.0274675
1100.06	0.0276506
1100.19	0.0271013
1100.33	0.0277727
1100.46	0.0276506
1100.59	0.0277727
1100.73	0.0275896
1100.86	0.0278948
1100.99	0.026735
1101.13	0.0275285
1101.26	0.0275896
1101.4	0.0280779
1101.53	0.0271623
1101.66	0.0269792
1101.8	0.0275896
1101.93	0.0273454
1102.06	0.0277727
1102.2	0.0272233
1102.33	0.0274675
1102.46	0.0278337
1102.6	0.0273454
1102.73	0.0280779
1102.87	0.0277117
1103	0.0279558
1103.13	0.0271623
1103.27	0.0274065
1103.4	0.0273454
1103.53	0.0272844
1103.67	0.0269792
1103.8	0.0271623
1103.93	0.0280168
1104.07	0.0263688
1104.2	0.0280779
1104.34	0.0272233
1104.47	0.0269181
1104.6	0.0277727
1104.74	0.0275896
1104.87	0.0274675
1105	0.0274065
1105.14	0.0281389
1105.27	0.0271013
1105.4	0.0280779
1105.54	0.0275896
1105.67	0.0271013
1105.8	0.0277727
1105.94	0.0280168
1106.07	0.0269792
1106.21	0.0271623
1106.34	0.0276506
1106.47	0.0274065
1106.61	0.0274065
1106.74	0.0279558
1106.87	0.0277117
1107.01	0.0272233
1107.14	0.0280779
1107.27	0.0273454
1107.41	0.0280779
1107.54	0.0272844

