Source: Spectrum Viewer

Chart: Pulse Spectrum

Series: 
Wavelength (nm)	S (a.u.)
617.638	0.0275285
617.773	0.0280779
617.908	0.0278948
618.043	0.0275285
618.178	0.0268571
618.313	0.0268571
618.448	0.0277117
618.583	0.0281389
618.718	0.0271013
618.853	0.0275285
618.988	0.0278948
619.123	0.0272844
619.258	0.0282
619.394	0.0273454
619.529	0.0269792
619.664	0.0275285
619.799	0.0274675
619.934	0.0267961
620.069	0.0276506
620.204	0.0275896
620.339	0.0280168
620.474	0.0269181
620.609	0.028322
620.744	0.0267961
620.879	0.0272844
621.014	0.0276506
621.149	0.0264909
621.284	0.0278337
621.419	0.0280168
621.554	0.0273454
621.689	0.0272233
621.825	0.0273454
621.96	0.0276506
622.095	0.0264909
622.23	0.0274675
622.365	0.0281389
622.5	0.028322
622.635	0.0271013
622.77	0.0274675
622.905	0.0274065
623.04	0.026613
623.175	0.0269181
623.31	0.0283831
623.445	0.0278337
623.58	0.0274065
623.715	0.0278337
623.85	0.0273454
623.985	0.0280168
624.12	0.0279558
624.255	0.0271623
624.39	0.0278337
624.525	0.0277117
624.661	0.0272233
624.796	0.0275896
624.931	0.0277117
625.066	0.026613
625.201	0.0278948
625.336	0.0274675
625.471	0.0280779
625.606	0.0275896
625.741	0.0264298
625.876	0.0270402
626.011	0.026735
626.146	0.0277727
626.281	0.0277727
626.416	0.0269181
626.551	0.0275285
626.686	0.0268571
626.821	0.0271013
626.956	0.0286272
627.091	0.0276506
627.226	0.0264909
627.361	0.0271013
627.496	0.0267961
627.631	0.0271623
627.766	0.0274675
627.901	0.028322
628.036	0.0273454
628.171	0.0277727
628.307	0.0276506
628.442	0.0289935
628.577	0.0279558
628.712	0.0279558
628.847	0.0275896
628.982	0.0270402
629.117	0.028261
629.252	0.0271623
629.387	0.0274065
629.522	0.0267961
629.657	0.0263078
629.792	0.0275896
629.927	0.0276506
630.062	0.0269792
630.197	0.0276506
630.332	0.0272233
630.467	0.026613
630.602	0.0276506
630.737	0.0272844
630.872	0.0285052
631.007	0.0271623
631.142	0.0271013
631.277	0.0275896
631.412	0.0274065
631.547	0.0276506
631.682	0.0271623
631.817	0.0264298
631.952	0.0277727
632.087	0.0272844
632.222	0.0279558
632.357	0.0272233
632.492	0.0269792
632.627	0.0269792
632.762	0.0277727
632.897	0.0277727
633.032	0.0272844
633.167	0.0274675
633.302	0.0274065
633.437	0.0275285
633.572	0.0271013
633.707	0.0268571
633.842	0.0270402
633.978	0.0274675
634.113	0.0272844
634.248	0.0280168
634.383	0.0275896
634.518	0.0275896
634.653	0.0274675
634.788	0.0271013
634.923	0.0276506
635.058	0.0272233
635.193	0.0275285
635.328	0.0282
635.463	0.0277117
635.598	0.0261857
635.733	0.0268571
635.868	0.0269792
636.003	0.0274065
636.138	0.0281389
636.273	0.0275285
636.408	0.0286272
636.543	0.0271013
636.678	0.0273454
636.813	0.0279558
636.948	0.0274065
637.083	0.0277117
637.218	0.0274065
637.353	0.0280779
637.488	0.0269792
637.623	0.0272844
637.758	0.0283831
637.893	0.026735
638.028	0.0268571
638.163	0.0274675
638.298	0.0272844
638.433	0.0276506
638.568	0.0272233
638.703	0.0275285
638.838	0.026613
638.973	0.0270402
639.108	0.0278337
639.243	0.0282
639.378	0.0276506
639.513	0.0271013
639.648	0.0280779
639.783	0.0269181
639.918	0.0289324
640.053	0.0280779
640.188	0.0282
640.323	0.0280168
640.458	0.0271013
640.593	0.0278337
640.728	0.0268571
640.863	0.026613
640.998	0.0277727
641.133	0.0275285
641.268	0.0264298
641.403	0.0274065
641.538	0.0277727
641.673	0.0274065
641.808	0.0280168
641.943	0.0274675
642.078	0.0279558
642.213	0.0273454
642.348	0.0272844
642.483	0.0281389
642.618	0.0268571
642.753	0.0268571
642.888	0.0276506
643.023	0.0280779
643.158	0.0273454
643.293	0.0273454
643.428	0.0274065
643.563	0.026735
643.698	0.0272844
643.833	0.0273454
643.968	0.0267961
644.103	0.0286272
644.237	0.0274675
644.372	0.0278337
644.507	0.0274675
644.642	0.0275285
644.777	0.0272233
644.912	0.0276506
645.047	0.0272233
645.182	0.0278948
645.317	0.0271013
645.452	0.0274065
645.587	0.0273454
645.722	0.0271013
645.857	0.0270402
645.992	0.0268571
646.127	0.0283831
646.262	0.0262467
646.397	0.0268571
646.532	0.0283831
646.667	0.0269792
646.802	0.0284441
646.937	0.0269792
647.072	0.0271013
647.207	0.0272233
647.342	0.0271013
647.477	0.0265519
647.612	0.0274675
647.747	0.0273454
647.882	0.0274675
648.017	0.0270402
648.152	0.0275285
648.287	0.0275285
648.422	0.0270402
648.557	0.0277117
648.692	0.0267961
648.827	0.0275285
648.962	0.0277117
649.097	0.0269792
649.232	0.0272233
649.367	0.0272844
649.502	0.0275896
649.637	0.0271623
649.772	0.0276506
649.906	0.0274675
650.041	0.026735
650.176	0.0279558
650.311	0.0274065
650.446	0.0277727
650.581	0.0278948
650.716	0.026613
650.851	0.0276506
650.986	0.0281389
651.121	0.028322
651.256	0.028322
651.391	0.0274675
651.526	0.0274675
651.661	0.0280168
651.796	0.0274675
651.931	0.028322
652.066	0.0271623
652.201	0.026674
652.336	0.026735
652.471	0.0275896
652.606	0.0273454
652.741	0.0278948
652.876	0.026735
653.011	0.0277117
653.146	0.0275896
653.281	0.0279558
653.415	0.0278948
653.55	0.0283831
653.685	0.0265519
653.82	0.0268571
653.955	0.0273454
654.09	0.0274065
654.225	0.0268571
654.36	0.0279558
654.495	0.0276506
654.63	0.0276506
654.765	0.0272233
654.9	0.0272844
655.035	0.0285662
655.17	0.0277117
655.305	0.0271013
655.44	0.0271013
655.575	0.0278948
655.71	0.0275896
655.845	0.0269181
655.98	0.0280168
656.115	0.0272844
656.25	0.0272233
656.384	0.0272844
656.519	0.0275896
656.654	0.0278948
656.789	0.0276506
656.924	0.028322
657.059	0.0274065
657.194	0.0278948
657.329	0.0284441
657.464	0.0275285
657.599	0.0272233
657.734	0.0272233
657.869	0.0275285
658.004	0.0272844
658.139	0.0273454
658.274	0.0270402
658.409	0.0277117
658.544	0.0275896
658.679	0.0269181
658.813	0.0274675
658.948	0.0272233
659.083	0.0280168
659.218	0.0278337
659.353	0.0269792
659.488	0.0269181
659.623	0.0277117
659.758	0.0277117
659.893	0.026613
660.028	0.0274675
660.163	0.0278337
660.298	0.026735
660.433	0.0274675
660.568	0.0276506
660.703	0.0277117
660.838	0.0274675
660.972	0.0275896
661.107	0.0275285
661.242	0.0273454
661.377	0.0276506
661.512	0.0275285
661.647	0.0275285
661.782	0.0272233
661.917	0.0285052
662.052	0.0279558
662.187	0.0276506
662.322	0.0284441
662.457	0.0274065
662.592	0.0280779
662.727	0.0271013
662.862	0.0280168
662.996	0.0277727
663.131	0.0279558
663.266	0.0277117
663.401	0.0269792
663.536	0.0277117
663.671	0.0267961
663.806	0.0274675
663.941	0.0272844
664.076	0.0270402
664.211	0.0269181
664.346	0.0270402
664.481	0.0275285
664.616	0.0271623
664.75	0.0273454
664.885	0.0277117
665.02	0.0275896
665.155	0.026613
665.29	0.0270402
665.425	0.0281389
665.56	0.0271013
665.695	0.0271013
665.83	0.0275285
665.965	0.0275285
666.1	0.0274675
666.235	0.0272844
666.37	0.0277117
666.504	0.0276506
666.639	0.0274675
666.774	0.0271013
666.909	0.0277117
667.044	0.026735
667.179	0.0273454
667.314	0.0280168
667.449	0.0272233
667.584	0.0274675
667.719	0.0275285
667.854	0.0269792
667.989	0.0277117
668.123	0.0272844
668.258	0.0280168
668.393	0.0275896
668.528	0.0272844
668.663	0.0279558
668.798	0.0279558
668.933	0.0275285
669.068	0.0274065
669.203	0.0271013
669.338	0.0272844
669.473	0.0275896
669.607	0.0272844
669.742	0.0276506
669.877	0.0277727
670.012	0.0276506
670.147	0.0268571
670.282	0.028322
670.417	0.0273454
670.552	0.0278948
670.687	0.0268571
670.822	0.0275285
670.957	0.0274675
671.091	0.0280779
671.226	0.0268571
671.361	0.0272844
671.496	0.0274675
671.631	0.0282
671.766	0.0272233
671.901	0.0272844
672.036	0.0276506
672.171	0.0271013
672.306	0.0272844
672.44	0.0269792
672.575	0.0274675
672.71	0.0271623
672.845	0.0270402
672.98	0.028261
673.115	0.0271013
673.25	0.0270402
673.385	0.0278948
673.52	0.0276506
673.655	0.0277117
673.789	0.0275285
673.924	0.0280779
674.059	0.0275285
674.194	0.0274675
674.329	0.0285052
674.464	0.0275285
674.599	0.0273454
674.734	0.0274065
674.869	0.0272844
675.003	0.0274675
675.138	0.0277727
675.273	0.0275896
675.408	0.0272844
675.543	0.0279558
675.678	0.0272233
675.813	0.0267961
675.948	0.0270402
676.083	0.0271623
676.217	0.0272844
676.352	0.0277727
676.487	0.028322
676.622	0.0273454
676.757	0.0279558
676.892	0.0273454
677.027	0.0278948
677.162	0.0275896
677.297	0.0282
677.431	0.0274675
677.566	0.0269792
677.701	0.028261
677.836	0.0280168
677.971	0.0282
678.106	0.0278948
678.241	0.0273454
678.376	0.0271623
678.511	0.0272233
678.645	0.0273454
678.78	0.0272233
678.915	0.028261
679.05	0.026735
679.185	0.0277727
679.32	0.0283831
679.455	0.0275896
679.59	0.0272233
679.724	0.0276506
679.859	0.0274675
679.994	0.0268571
680.129	0.0277117
680.264	0.0286272
680.399	0.0271623
680.534	0.0275285
680.669	0.0275285
680.803	0.0278948
680.938	0.026735
681.073	0.0272233
681.208	0.0268571
681.343	0.0271623
681.478	0.0272844
681.613	0.0282
681.748	0.0279558
681.882	0.0275285
682.017	0.028322
682.152	0.0274065
682.287	0.0277727
682.422	0.0275896
682.557	0.0278948
682.692	0.0286883
682.827	0.0275896
682.961	0.0270402
683.096	0.0281389
683.231	0.0274675
683.366	0.0274675
683.501	0.0273454
683.636	0.026735
683.771	0.0277117
683.906	0.0276506
684.04	0.0276506
684.175	0.0272233
684.31	0.0277727
684.445	0.0281389
684.58	0.0275285
684.715	0.0277117
684.85	0.0272233
684.984	0.0271623
685.119	0.0286272
685.254	0.0274065
685.389	0.0278948
685.524	0.026674
685.659	0.028322
685.794	0.0271623
685.928	0.0281389
686.063	0.0271013
686.198	0.0280168
686.333	0.0280779
686.468	0.0280168
686.603	0.0276506
686.738	0.0278337
686.872	0.0278948
687.007	0.026613
687.142	0.0282
687.277	0.0271623
687.412	0.0277117
687.547	0.0275285
687.682	0.0276506
687.816	0.0271013
687.951	0.0275896
688.086	0.0278337
688.221	0.0264909
688.356	0.026674
688.491	0.0269792
688.626	0.0274675
688.76	0.0278337
688.895	0.0273454
689.03	0.0277727
689.165	0.0275285
689.3	0.0278948
689.435	0.0275896
689.57	0.0279558
689.704	0.0279558
689.839	0.0273454
689.974	0.0271623
690.109	0.0275896
690.244	0.0274065
690.379	0.0274065
690.513	0.0271623
690.648	0.0279558
690.783	0.0265519
690.918	0.0274675
691.053	0.0274065
691.188	0.0267961
691.323	0.0280779
691.457	0.0268571
691.592	0.0280168
691.727	0.0273454
691.862	0.0277117
691.997	0.0279558
692.132	0.0280779
692.266	0.0277117
692.401	0.0272844
692.536	0.0274675
692.671	0.0278948
692.806	0.0264909
692.941	0.0273454
693.075	0.028322
693.21	0.0275896
693.345	0.0274675
693.48	0.0271623
693.615	0.0281389
693.75	0.0270402
693.885	0.0279558
694.019	0.0279558
694.154	0.0287493
694.289	0.0277117
694.424	0.0272844
694.559	0.0270402
694.694	0.0276506
694.828	0.0272233
694.963	0.0274675
695.098	0.0273454
695.233	0.028322
695.368	0.0279558
695.503	0.0277727
695.637	0.0282
695.772	0.0264909
695.907	0.0278337
696.042	0.0275285
696.177	0.0274675
696.312	0.0277117
696.446	0.0272844
696.581	0.0277727
696.716	0.0275896
696.851	0.0278948
696.986	0.0272233
697.12	0.0269181
697.255	0.0280168
697.39	0.0275285
697.525	0.0277117
697.66	0.0272233
697.795	0.0275285
697.929	0.0264909
698.064	0.0277117
698.199	0.0271013
698.334	0.0277727
698.469	0.0269792
698.604	0.0276506
698.738	0.0280168
698.873	0.0276506
699.008	0.0272233
699.143	0.0279558
699.278	0.0271013
699.412	0.0287493
699.547	0.0270402
699.682	0.0274675
699.817	0.0269792
699.952	0.0274675
700.087	0.0271013
700.221	0.0277727
700.356	0.0270402
700.491	0.0274675
700.626	0.0275285
700.761	0.028322
700.895	0.0274675
701.03	0.0276506
701.165	0.0280168
701.3	0.0278337
701.435	0.0277117
701.57	0.0282
701.704	0.0272233
701.839	0.0277727
701.974	0.026735
702.109	0.0277727
702.244	0.0278337
702.378	0.0280168
702.513	0.0275896
702.648	0.0280779
702.783	0.0275285
702.918	0.028261
703.052	0.0274675
703.187	0.0275285
703.322	0.0269792
703.457	0.0277117
703.592	0.0280779
703.727	0.0277727
703.861	0.0272233
703.996	0.0274675
704.131	0.0271623
704.266	0.0277117
704.401	0.0275285
704.535	0.026613
704.67	0.0277117
704.805	0.0272844
704.94	0.0281389
705.075	0.0283831
705.209	0.0273454
705.344	0.0275896
705.479	0.0271013
705.614	0.0271013
705.749	0.026674
705.883	0.0276506
706.018	0.0278337
706.153	0.0284441
706.288	0.026613
706.423	0.0280779
706.557	0.0272844
706.692	0.0277727
706.827	0.0279558
706.962	0.0278337
707.097	0.0267961
707.231	0.0275285
707.366	0.0281389
707.501	0.0271623
707.636	0.0277727
707.771	0.028261
707.905	0.0282
708.04	0.0278337
708.175	0.0277117
708.31	0.0270402
708.445	0.0274065
708.579	0.0265519
708.714	0.0277117
708.849	0.028261
708.984	0.0274065
709.118	0.0274675
709.253	0.0288104
709.388	0.026735
709.523	0.0272233
709.658	0.028261
709.792	0.028322
709.927	0.0277117
710.062	0.0268571
710.197	0.0274065
710.332	0.0267961
710.466	0.0278948
710.601	0.0263688
710.736	0.0274675
710.871	0.0276506
711.006	0.0278948
711.14	0.0272233
711.275	0.0279558
711.41	0.0273454
711.545	0.0273454
711.679	0.026613
711.814	0.0278948
711.949	0.0278337
712.084	0.0269792
712.219	0.0277117
712.353	0.0278337
712.488	0.0277117
712.623	0.0281389
712.758	0.026674
712.892	0.0278337
713.027	0.0271013
713.162	0.0275896
713.297	0.0287493
713.432	0.0278337
713.566	0.0286883
713.701	0.0277117
713.836	0.0271623
713.971	0.0271623
714.105	0.0281389
714.24	0.0268571
714.375	0.0274065
714.51	0.0272844
714.645	0.0272844
714.779	0.0279558
714.914	0.0277727
715.049	0.0271013
715.184	0.0270402
715.318	0.0277727
715.453	0.0267961
715.588	0.028261
715.723	0.0278948
715.858	0.0269181
715.992	0.0276506
716.127	0.0269792
716.262	0.0283831
716.397	0.0276506
716.531	0.0274675
716.666	0.0270402
716.801	0.0277117
716.936	0.0275285
717.07	0.0277117
717.205	0.0284441
717.34	0.0272233
717.475	0.0288104
717.61	0.0279558
717.744	0.0275285
717.879	0.0274065
718.014	0.0271623
718.149	0.0271623
718.283	0.0282
718.418	0.0274675
718.553	0.0281389
718.688	0.0277117
718.822	0.0275285
718.957	0.0280168
719.092	0.0273454
719.227	0.0273454
719.361	0.0269792
719.496	0.0278337
719.631	0.0274065
719.766	0.0272844
719.9	0.0277117
720.035	0.0264298
720.17	0.0269792
720.305	0.0275896
720.44	0.0276506
720.574	0.026674
720.709	0.0278948
720.844	0.0269792
720.979	0.0274065
721.113	0.0268571
721.248	0.0270402
721.383	0.0275896
721.518	0.0272844
721.652	0.0267961
721.787	0.0276506
721.922	0.0274065
722.057	0.0274675
722.191	0.0277727
722.326	0.0265519
722.461	0.0271623
722.596	0.0278337
722.73	0.0271623
722.865	0.0271013
723	0.0277117
723.135	0.0274675
723.269	0.0272233
723.404	0.026735
723.539	0.0271013
723.674	0.0271013
723.808	0.0275285
723.943	0.0278337
724.078	0.0276506
724.213	0.0277727
724.347	0.0269181
724.482	0.0271013
724.617	0.0269181
724.752	0.028322
724.886	0.0275285
725.021	0.0283831
725.156	0.0274675
725.291	0.0274065
725.425	0.0274675
725.56	0.0274065
725.695	0.0276506
725.829	0.0265519
725.964	0.0274675
726.099	0.0280779
726.234	0.028261
726.368	0.0279558
726.503	0.0279558
726.638	0.0277727
726.773	0.0274065
726.907	0.0278337
727.042	0.0278337
727.177	0.0267961
727.312	0.0272844
727.446	0.0273454
727.581	0.026735
727.716	0.0275285
727.851	0.0279558
727.985	0.0278337
728.12	0.0269181
728.255	0.0276506
728.389	0.0286272
728.524	0.0276506
728.659	0.0270402
728.794	0.0282
728.928	0.0277117
729.063	0.0278337
729.198	0.0275896
729.333	0.026674
729.467	0.0272844
729.602	0.0284441
729.737	0.0274675
729.872	0.0272233
730.006	0.0278948
730.141	0.0271623
730.276	0.0271013
730.41	0.0276506
730.545	0.0275285
730.68	0.0274675
730.815	0.0277117
730.949	0.0275896
731.084	0.026735
731.219	0.0277117
731.354	0.0269181
731.488	0.0276506
731.623	0.0269181
731.758	0.0274065
731.892	0.0280168
732.027	0.0275285
732.162	0.0275285
732.297	0.0278948
732.431	0.0280779
732.566	0.0268571
732.701	0.0291155
732.835	0.0274065
732.97	0.026735
733.105	0.0269792
733.24	0.0279558
733.374	0.0277117
733.509	0.0272844
733.644	0.0278948
733.779	0.0274675
733.913	0.0279558
734.048	0.0271623
734.183	0.0274065
734.317	0.0275285
734.452	0.0275896
734.587	0.0280168
734.722	0.0279558
734.856	0.0275896
734.991	0.0273454
735.126	0.0272233
735.26	0.0277727
735.395	0.0277117
735.53	0.0274675
735.665	0.0274675
735.799	0.0275285
735.934	0.0274675
736.069	0.0276506
736.203	0.0274065
736.338	0.0282
736.473	0.0274065
736.607	0.0275285
736.742	0.0271623
736.877	0.0271013
737.012	0.0274065
737.146	0.0270402
737.281	0.028261
737.416	0.0286883
737.55	0.0275285
737.685	0.0278337
737.82	0.0278337
737.955	0.0280779
738.089	0.026674
738.224	0.0279558
738.359	0.0272844
738.493	0.0271013
738.628	0.0280168
738.763	0.0274675
738.897	0.0280168
739.032	0.0274065
739.167	0.0273454
739.302	0.0269181
739.436	0.0278948
739.571	0.0275896
739.706	0.0279558
739.84	0.0271013
739.975	0.0275896
740.11	0.028261
740.244	0.0271013
740.379	0.028261
740.514	0.0272233
740.649	0.0272844
740.783	0.0268571
740.918	0.0275285
741.053	0.0272233
741.187	0.0269792
741.322	0.0276506
741.457	0.0274065
741.591	0.0280168
741.726	0.0274675
741.861	0.0275896
741.996	0.0280168
742.13	0.0269181
742.265	0.0269792
742.4	0.0272233
742.534	0.0268571
742.669	0.0273454
742.804	0.0274675
742.938	0.0279558
743.073	0.0278337
743.208	0.0272233
743.342	0.0270402
743.477	0.0271013
743.612	0.0272233
743.747	0.0275896
743.881	0.0269792
744.016	0.0277727
744.151	0.0277117
744.285	0.0272844
744.42	0.0269181
744.555	0.0279558
744.689	0.0271013
744.824	0.0279558
744.959	0.028322
745.093	0.0273454
745.228	0.0273454
745.363	0.0271013
745.497	0.0278948
745.632	0.0274065
745.767	0.0281389
745.901	0.0270402
746.036	0.0275285
746.171	0.0278948
746.305	0.0279558
746.44	0.0277117
746.575	0.0277727
746.71	0.0273454
746.844	0.0268571
746.979	0.0269181
747.114	0.0271013
747.248	0.0271013
747.383	0.0285052
747.518	0.0278948
747.652	0.0272233
747.787	0.0275896
747.922	0.0274675
748.056	0.0272844
748.191	0.026735
748.326	0.0270402
748.46	0.0274065
748.595	0.0273454
748.73	0.0274065
748.864	0.0274675
748.999	0.0278337
749.134	0.0278337
749.268	0.0277727
749.403	0.0280168
749.538	0.0268571
749.672	0.0264909
749.807	0.0273454
749.942	0.0280168
750.076	0.0271013
750.211	0.0278337
750.346	0.0275285
750.48	0.0264909
750.615	0.026735
750.75	0.0272233
750.884	0.0279558
751.019	0.0275896
751.154	0.0273454
751.288	0.0280168
751.423	0.0278948
751.558	0.0274675
751.692	0.0277727
751.827	0.0261857
751.962	0.0278948
752.096	0.0272233
752.231	0.0276506
752.366	0.0275896
752.5	0.026735
752.635	0.0282
752.77	0.0274675
752.904	0.0280168
753.039	0.0277727
753.174	0.026735
753.308	0.0282
753.443	0.0274675
753.578	0.0280779
753.712	0.0271623
753.847	0.0275896
753.982	0.028261
754.116	0.0271013
754.251	0.0275285
754.386	0.0275285
754.52	0.0271013
754.655	0.0285052
754.79	0.0273454
754.924	0.0277117
755.059	0.0284441
755.194	0.0269792
755.328	0.0267961
755.463	0.0286883
755.597	0.0271623
755.732	0.0274065
755.867	0.0276506
756.001	0.0260636
756.136	0.0277117
756.271	0.0281389
756.405	0.0267961
756.54	0.0275285
756.675	0.0278337
756.809	0.0273454
756.944	0.0281389
757.079	0.0275285
757.213	0.0269792
757.348	0.0275896
757.483	0.0287493
757.617	0.0282
757.752	0.0271013
757.887	0.0277117
758.021	0.0280168
758.156	0.0274675
758.29	0.0271013
758.425	0.0277117
758.56	0.0269792
758.694	0.0279558
758.829	0.0269181
758.964	0.0274065
759.098	0.0280779
759.233	0.0274675
759.368	0.0274675
759.502	0.0270402
759.637	0.0280779
759.772	0.0267961
759.906	0.0271013
760.041	0.0269181
760.175	0.0272233
760.31	0.026735
760.445	0.0274675
760.579	0.0271013
760.714	0.0281389
760.849	0.0277727
760.983	0.0263688
761.118	0.0280168
761.253	0.0275285
761.387	0.0277117
761.522	0.0269181
761.656	0.0272233
761.791	0.0274065
761.926	0.0272233
762.06	0.0273454
762.195	0.0270402
762.33	0.0272844
762.464	0.0277727
762.599	0.0277117
762.733	0.0277117
762.868	0.0275896
763.003	0.0270402
763.137	0.0276506
763.272	0.0272844
763.407	0.0278948
763.541	0.0275285
763.676	0.0271013
763.811	0.0274065
763.945	0.0274065
764.08	0.0274065
764.214	0.0275285
764.349	0.0275285
764.484	0.0276506
764.618	0.0276506
764.753	0.0280168
764.888	0.0274675
765.022	0.0270402
765.157	0.0280779
765.291	0.0277727
765.426	0.0268571
765.561	0.0274675
765.695	0.0275896
765.83	0.0270402
765.965	0.0269792
766.099	0.0272233
766.234	0.0272233
766.368	0.0274675
766.503	0.0275285
766.638	0.0268571
766.772	0.0274065
766.907	0.0275896
767.041	0.0271623
767.176	0.0272233
767.311	0.0277727
767.445	0.0277117
767.58	0.0271623
767.715	0.0272844
767.849	0.0275896
767.984	0.0269181
768.118	0.0278337
768.253	0.0275896
768.388	0.0267961
768.522	0.0284441
768.657	0.0280779
768.791	0.0273454
768.926	0.0267961
769.061	0.0271623
769.195	0.0275896
769.33	0.0272233
769.465	0.0279558
769.599	0.0285662
769.734	0.0273454
769.868	0.0278337
770.003	0.0275896
770.138	0.0272233
770.272	0.0275285
770.407	0.0275896
770.541	0.0274065
770.676	0.0280779
770.811	0.026735
770.945	0.0277727
771.08	0.0281389
771.214	0.0280779
771.349	0.0279558
771.484	0.0265519
771.618	0.0275896
771.753	0.0275896
771.887	0.0277727
772.022	0.0273454
772.157	0.0270402
772.291	0.0267961
772.426	0.0272233
772.56	0.0275896
772.695	0.0274675
772.83	0.0272233
772.964	0.0281389
773.099	0.0277727
773.233	0.0267961
773.368	0.0277727
773.503	0.0274065
773.637	0.0275896
773.772	0.0270402
773.906	0.0274065
774.041	0.0268571
774.176	0.0271013
774.31	0.0277117
774.445	0.0274065
774.579	0.0271623
774.714	0.0278948
774.849	0.028261
774.983	0.0275285
775.118	0.0279558
775.252	0.0269181
775.387	0.0282
775.522	0.0270402
775.656	0.0271623
775.791	0.0282
775.925	0.0280779
776.06	0.026735
776.195	0.0272844
776.329	0.0270402
776.464	0.0271623
776.598	0.0279558
776.733	0.0278337
776.868	0.028322
777.002	0.0278337
777.137	0.0276506
777.271	0.026735
777.406	0.0271013
777.54	0.0276506
777.675	0.0274065
777.81	0.0267961
777.944	0.0277727
778.079	0.0276506
778.213	0.0279558
778.348	0.0274675
778.483	0.0279558
778.617	0.0278948
778.752	0.0273454
778.886	0.0274675
779.021	0.0278337
779.155	0.0278948
779.29	0.0271013
779.425	0.0287493
779.559	0.0277117
779.694	0.0274675
779.828	0.0275896
779.963	0.0279558
780.098	0.0277117
780.232	0.0277117
780.367	0.026674
780.501	0.028322
780.636	0.0271013
780.77	0.0282
780.905	0.0280779
781.04	0.0271013
781.174	0.026735
781.309	0.0274065
781.443	0.0277727
781.578	0.028261
781.712	0.0270402
781.847	0.0271623
781.982	0.0277117
782.116	0.0270402
782.251	0.0277727
782.385	0.0278948
782.52	0.0276506
782.654	0.0280168
782.789	0.0274065
782.924	0.0280779
783.058	0.026735
783.193	0.0272233
783.327	0.0278337
783.462	0.0273454
783.596	0.0277117
783.731	0.0270402
783.866	0.026735
784	0.0276506
784.135	0.0282
784.269	0.0273454
784.404	0.026613
784.538	0.0278948
784.673	0.0278337
784.808	0.0267961
784.942	0.0281389
785.077	0.0281389
785.211	0.0273454
785.346	0.0276506
785.48	0.0280779
785.615	0.0275285
785.75	0.0274675
785.884	0.0277727
786.019	0.0270402
786.153	0.0273454
786.288	0.0264909
786.422	0.0276506
786.557	0.0285662
786.691	0.0273454
786.826	0.0272844
786.961	0.0271623
787.095	0.0273454
787.23	0.0279558
787.364	0.0272844
787.499	0.0280779
787.633	0.0277117
787.768	0.0282
787.902	0.0274065
788.037	0.0277117
788.172	0.0276506
788.306	0.0276506
788.441	0.0279558
788.575	0.0281389
788.71	0.0269792
788.844	0.0281389
788.979	0.028261
789.113	0.0277727
789.248	0.0278337
789.383	0.0274675
789.517	0.0277727
789.652	0.0275896
789.786	0.0275896
789.921	0.0279558
790.055	0.0275285
790.19	0.0288104
790.324	0.0269181
790.459	0.0275896
790.594	0.0280779
790.728	0.0283831
790.863	0.0273454
790.997	0.0282
791.132	0.028322
791.266	0.0279558
791.401	0.0271623
791.535	0.0275896
791.67	0.028261
791.804	0.0280779
791.939	0.0272233
792.074	0.0277117
792.208	0.0274065
792.343	0.0269181
792.477	0.0271623
792.612	0.0288714
792.746	0.0285052
792.881	0.0274065
793.015	0.0275285
793.15	0.0279558
793.284	0.0274065
793.419	0.0286272
793.553	0.0277727
793.688	0.0269792
793.823	0.0277727
793.957	0.0280779
794.092	0.0274675
794.226	0.0274675
794.361	0.0273454
794.495	0.0285052
794.63	0.028261
794.764	0.0282
794.899	0.0277727
795.033	0.0279558
795.168	0.0276506
795.302	0.0280168
795.437	0.0274675
795.572	0.0274675
795.706	0.0277727
795.841	0.0271623
795.975	0.0271623
796.11	0.0279558
796.244	0.0272844
796.379	0.0286272
796.513	0.0272233
796.648	0.0274675
796.782	0.0284441
796.917	0.0280779
797.051	0.0274675
797.186	0.0278337
797.32	0.0280168
797.455	0.0283831
797.589	0.0278337
797.724	0.0282
797.859	0.0280779
797.993	0.0272844
798.128	0.0286883
798.262	0.0271623
798.397	0.0272844
798.531	0.0277117
798.666	0.0279558
798.8	0.028322
798.935	0.0285052
799.069	0.0280168
799.204	0.0288104
799.338	0.0276506
799.473	0.0280168
799.607	0.0288104
799.742	0.0281389
799.876	0.0294818
800.011	0.0275285
800.145	0.0278948
800.28	0.0283831
800.414	0.0282
800.549	0.0270402
800.683	0.0272844
800.818	0.0273454
800.953	0.0287493
801.087	0.0278948
801.222	0.0285662
801.356	0.0285052
801.491	0.028322
801.625	0.0275285
801.76	0.0288104
801.894	0.0283831
802.029	0.0284441
802.163	0.0282
802.298	0.0280168
802.432	0.0278337
802.567	0.0292376
802.701	0.0282
802.836	0.0289324
802.97	0.0288104
803.105	0.0289935
803.239	0.0289935
803.374	0.0292987
803.508	0.028261
803.643	0.0285662
803.777	0.0285662
803.912	0.0288714
804.046	0.0285662
804.181	0.0297259
804.315	0.0296039
804.45	0.0293597
804.584	0.0292987
804.719	0.0296039
804.853	0.0302753
804.988	0.0299091
805.122	0.0299701
805.257	0.0309467
805.391	0.0302142
805.526	0.0305805
805.66	0.031435
805.795	0.0327168
805.929	0.0316181
806.064	0.0327168
806.198	0.0321065
806.333	0.0328389
806.467	0.0319844
806.602	0.0324116
806.736	0.0333272
806.871	0.0350363
807.005	0.0347311
807.14	0.0347922
807.274	0.0360129
807.409	0.0355246
807.543	0.0379051
807.678	0.0397363
807.812	0.0396142
807.947	0.0414454
808.081	0.0422999
808.216	0.0432766
808.35	0.0452909
808.485	0.0490142
808.619	0.0529207
808.754	0.0639077
808.888	0.1457
809.023	0.875359
809.157	1
809.292	1
809.426	1
809.561	1
809.695	1
809.83	1
809.964	1
810.099	1
810.233	1
810.368	0.997192
810.502	0.997742
810.637	0.992919
810.771	0.992065
810.906	0.986571
811.04	0.982543
811.175	0.975951
811.309	0.964353
811.444	0.957578
811.578	0.681682
811.713	0.450406
811.847	0.598303
811.982	0.470427
812.116	0.395776
812.251	0.228896
812.385	0.0865531
812.519	0.0474272
812.654	0.0429103
812.788	0.0413844
812.923	0.0365013
813.057	0.0376
813.192	0.0369285
813.326	0.0363792
813.461	0.0347922
813.595	0.0341818
813.73	0.0351584
813.864	0.0332662
813.999	0.0332662
814.133	0.0329
814.268	0.0329
814.402	0.0316792
814.537	0.0311909
814.671	0.0322285
814.806	0.0302753
814.94	0.0307636
815.075	0.0317402
815.209	0.031435
815.344	0.0303363
815.478	0.0297259
815.612	0.0294818
815.747	0.0301532
815.881	0.0292376
816.016	0.0295428
816.15	0.029787
816.285	0.0295428
816.419	0.0288714
816.554	0.0294207
816.688	0.0290545
816.823	0.0300311
816.957	0.0288104
817.092	0.0296039
817.226	0.0288714
817.361	0.0288104
817.495	0.0285052
817.63	0.0292376
817.764	0.0287493
817.898	0.029787
818.033	0.028322
818.167	0.0286883
818.302	0.029787
818.436	0.0284441
818.571	0.028261
818.705	0.0291155
818.84	0.028261
818.974	0.0279558
819.109	0.0279558
819.243	0.0286883
819.378	0.0280779
819.512	0.028261
819.646	0.0274675
819.781	0.0279558
819.915	0.0283831
820.05	0.0284441
820.184	0.0275896
820.319	0.0285662
820.453	0.0277117
820.588	0.0278337
820.722	0.0286272
820.857	0.0285052
820.991	0.028261
821.126	0.0277117
821.26	0.0281389
821.394	0.0277727
821.529	0.0280168
821.663	0.0269181
821.798	0.028322
821.932	0.0279558
822.067	0.0280168
822.201	0.0279558
822.336	0.0271013
822.47	0.0268571
822.605	0.0272233
822.739	0.026674
822.873	0.0279558
823.008	0.028261
823.142	0.0279558
823.277	0.0282
823.411	0.0275896
823.546	0.0275896
823.68	0.028261
823.815	0.0281389
823.949	0.028261
824.083	0.0265519
824.218	0.0269792
824.352	0.0274675
824.487	0.0276506
824.621	0.0277727
824.756	0.0277117
824.89	0.0277117
825.025	0.0281389
825.159	0.0280168
825.293	0.0270402
825.428	0.0276506
825.562	0.0271013
825.697	0.0272844
825.831	0.0277117
825.966	0.0275285
826.1	0.0276506
826.235	0.0275285
826.369	0.0272844
826.503	0.0277117
826.638	0.0273454
826.772	0.0280779
826.907	0.0282
827.041	0.0271623
827.176	0.0274065
827.31	0.0274065
827.445	0.0273454
827.579	0.0284441
827.713	0.0271013
827.848	0.0269792
827.982	0.0274065
828.117	0.0274065
828.251	0.0278948
828.386	0.0286272
828.52	0.0277117
828.654	0.0275896
828.789	0.0278337
828.923	0.0272233
829.058	0.0273454
829.192	0.0278948
829.327	0.0269792
829.461	0.0272233
829.596	0.0274065
829.73	0.0276506
829.864	0.0275285
829.999	0.0272844
830.133	0.0280168
830.268	0.0268571
830.402	0.0276506
830.537	0.0280168
830.671	0.0280779
830.805	0.0275285
830.94	0.0267961
831.074	0.0267961
831.209	0.0277117
831.343	0.0278337
831.478	0.0262467
831.612	0.0285662
831.746	0.0270402
831.881	0.0274065
832.015	0.0278337
832.15	0.0269181
832.284	0.0274065
832.418	0.026613
832.553	0.0267961
832.687	0.0274675
832.822	0.0269181
832.956	0.0277727
833.091	0.0276506
833.225	0.0278948
833.359	0.0279558
833.494	0.0277117
833.628	0.0288104
833.763	0.0275285
833.897	0.0275285
834.032	0.0283831
834.166	0.0278337
834.3	0.0271623
834.435	0.0285052
834.569	0.0280168
834.704	0.0271623
834.838	0.0277117
834.972	0.0278337
835.107	0.0278948
835.241	0.0279558
835.376	0.0275285
835.51	0.0268571
835.645	0.0269792
835.779	0.0280168
835.913	0.0275896
836.048	0.0281389
836.182	0.0273454
836.317	0.0264298
836.451	0.0271623
836.585	0.0275285
836.72	0.0274065
836.854	0.0274065
836.989	0.0264909
837.123	0.0275285
837.257	0.0275896
837.392	0.0274675
837.526	0.0274065
837.661	0.0272844
837.795	0.0282
837.929	0.0277117
838.064	0.028261
838.198	0.0269181
838.333	0.0276506
838.467	0.0279558
838.602	0.0269792
838.736	0.0281389
838.87	0.0276506
839.005	0.0277727
839.139	0.0275896
839.274	0.0272233
839.408	0.0275896
839.542	0.0278337
839.677	0.0281389
839.811	0.0272233
839.946	0.0274675
840.08	0.0264298
840.214	0.0275285
840.349	0.0271623
840.483	0.0275896
840.618	0.0270402
840.752	0.0272233
840.886	0.0272233
841.021	0.0279558
841.155	0.0272844
841.29	0.0274675
841.424	0.0277117
841.558	0.0274675
841.693	0.028261
841.827	0.0275896
841.961	0.0274065
842.096	0.026613
842.23	0.0284441
842.365	0.0269181
842.499	0.0277727
842.633	0.0269181
842.768	0.0271623
842.902	0.0272233
843.037	0.0277727
843.171	0.0275896
843.305	0.0278948
843.44	0.0280779
843.574	0.0270402
843.709	0.0275896
843.843	0.0272844
843.977	0.0279558
844.112	0.0278337
844.246	0.0280168
844.381	0.0267961
844.515	0.0279558
844.649	0.0276506
844.784	0.0274675
844.918	0.0271623
845.052	0.0275896
845.187	0.0286883
845.321	0.0278948
845.456	0.0271623
845.59	0.0280779
845.724	0.0275896
845.859	0.028261
845.993	0.0278337
846.128	0.0272844
846.262	0.0278948
846.396	0.0277117
846.531	0.0273454
846.665	0.0280779
846.799	0.0271013
846.934	0.0277727
847.068	0.0279558
847.203	0.0272844
847.337	0.0274065
847.471	0.0280168
847.606	0.0279558
847.74	0.0270402
847.874	0.0280779
848.009	0.0271623
848.143	0.026613
848.278	0.0272844
848.412	0.0281389
848.546	0.0277117
848.681	0.0272233
848.815	0.0275896
848.949	0.0282
849.084	0.0269792
849.218	0.0275896
849.353	0.0273454
849.487	0.0285052
849.621	0.0270402
849.756	0.028261
849.89	0.0274675
850.024	0.0281389
850.159	0.0277117
850.293	0.0278337
850.428	0.0282
850.562	0.0278948
850.696	0.0271013
850.831	0.0271013
850.965	0.026735
851.099	0.0272233
851.234	0.0275896
851.368	0.0279558
851.502	0.0278337
851.637	0.0270402
851.771	0.0275896
851.906	0.0276506
852.04	0.0274675
852.174	0.0276506
852.309	0.0277117
852.443	0.0272233
852.577	0.0274065
852.712	0.0271013
852.846	0.0278948
852.98	0.0275285
853.115	0.0272233
853.249	0.0282
853.384	0.0286272
853.518	0.0275896
853.652	0.0279558
853.787	0.0272233
853.921	0.0286272
854.055	0.028322
854.19	0.0269792
854.324	0.0271623
854.458	0.0268571
854.593	0.0275285
854.727	0.0275285
854.861	0.026735
854.996	0.0280168
855.13	0.0278948
855.265	0.0277727
855.399	0.0275896
855.533	0.0272844
855.668	0.0277117
855.802	0.0267961
855.936	0.0275285
856.071	0.0272844
856.205	0.0273454
856.339	0.0278948
856.474	0.0272233
856.608	0.0276506
856.742	0.028322
856.877	0.0280779
857.011	0.0273454
857.145	0.0275285
857.28	0.0277117
857.414	0.0271623
857.549	0.0271623
857.683	0.0277727
857.817	0.0275285
857.952	0.0275285
858.086	0.026674
858.22	0.0273454
858.355	0.0280779
858.489	0.0267961
858.623	0.0271623
858.758	0.0281389
858.892	0.0271013
859.026	0.0278337
859.161	0.0271623
859.295	0.0286883
859.429	0.0282
859.564	0.0274065
859.698	0.0276506
859.832	0.0282
859.967	0.026735
860.101	0.0277117
860.235	0.0279558
860.37	0.0278337
860.504	0.0271013
860.638	0.0275285
860.773	0.0274675
860.907	0.0274675
861.041	0.0265519
861.176	0.0278337
861.31	0.0274065
861.444	0.0275896
861.579	0.0274675
861.713	0.0277117
861.847	0.0281389
861.982	0.0285052
862.116	0.0274065
862.25	0.0284441
862.385	0.0279558
862.519	0.026613
862.653	0.0269181
862.788	0.0269792
862.922	0.0272233
863.056	0.0271623
863.191	0.0274675
863.325	0.0281389
863.459	0.0281389
863.594	0.0267961
863.728	0.028322
863.862	0.0281389
863.997	0.0278337
864.131	0.0269181
864.265	0.0280168
864.4	0.0263688
864.534	0.0277727
864.668	0.0275285
864.803	0.0272233
864.937	0.0280168
865.071	0.0273454
865.206	0.0274675
865.34	0.0268571
865.474	0.0277117
865.609	0.0276506
865.743	0.0279558
865.877	0.0268571
866.012	0.0272844
866.146	0.0274675
866.28	0.0274065
866.415	0.0269792
866.549	0.0277727
866.683	0.0272233
866.818	0.0275285
866.952	0.028261
867.086	0.0277727
867.221	0.0287493
867.355	0.0274065
867.489	0.0282
867.623	0.0270402
867.758	0.0272844
867.892	0.0275285
868.026	0.028261
868.161	0.0278337
868.295	0.0271013
868.429	0.0269792
868.564	0.0277117
868.698	0.0276506
868.832	0.0264909
868.967	0.0273454
869.101	0.0277117
869.235	0.0271623
869.37	0.0270402
869.504	0.0273454
869.638	0.0278948
869.773	0.0270402
869.907	0.0277727
870.041	0.0273454
870.175	0.0263078
870.31	0.026674
870.444	0.0278948
870.578	0.0274065
870.713	0.0280779
870.847	0.0274675
870.981	0.0277727
871.116	0.0277117
871.25	0.0281389
871.384	0.0277117
871.519	0.0262467
871.653	0.0281389
871.787	0.0278337
871.921	0.0271623
872.056	0.0277117
872.19	0.0272233
872.324	0.0275896
872.459	0.0276506
872.593	0.0275285
872.727	0.026674
872.862	0.0271623
872.996	0.0271013
873.13	0.0278337
873.264	0.0272233
873.399	0.0272233
873.533	0.0278337
873.667	0.0270402
873.802	0.0280168
873.936	0.0278337
874.07	0.0276506
874.205	0.0273454
874.339	0.0272844
874.473	0.0272844
874.607	0.0282
874.742	0.0263688
874.876	0.0275896
875.01	0.0267961
875.145	0.0277117
875.279	0.0274065
875.413	0.0274065
875.548	0.0272844
875.682	0.0263688
875.816	0.0267961
875.95	0.0277117
876.085	0.0275896
876.219	0.0278948
876.353	0.0274065
876.488	0.026613
876.622	0.0278337
876.756	0.0275285
876.89	0.0275896
877.025	0.0278337
877.159	0.0272233
877.293	0.028322
877.428	0.0275896
877.562	0.0277117
877.696	0.0276506
877.83	0.0275285
877.965	0.0274065
878.099	0.0275285
878.233	0.0274675
878.368	0.0263688
878.502	0.0274065
878.636	0.0273454
878.77	0.0278337
878.905	0.0271013
879.039	0.0277117
879.173	0.028261
879.308	0.0274675
879.442	0.0272844
879.576	0.0280779
879.71	0.0277117
879.845	0.0272844
879.979	0.0275896
880.113	0.0273454
880.248	0.0276506
880.382	0.0274065
880.516	0.0271013
880.65	0.0282
880.785	0.0277727
880.919	0.0272233
881.053	0.0280168
881.188	0.0269792
881.322	0.0270402
881.456	0.0272233
881.59	0.0276506
881.725	0.0274065
881.859	0.0271013
881.993	0.026674
882.127	0.0274065
882.262	0.0277727
882.396	0.0275896
882.53	0.0278337
882.665	0.0272233
882.799	0.0271013
882.933	0.0273454
883.067	0.0263688
883.202	0.0272844
883.336	0.0283831
883.47	0.0278337
883.604	0.0275896
883.739	0.0275285
883.873	0.028322
884.007	0.0277117
884.142	0.0273454
884.276	0.0272844
884.41	0.0268571
884.544	0.026735
884.679	0.0274675
884.813	0.0276506
884.947	0.0273454
885.081	0.0276506
885.216	0.0273454
885.35	0.026613
885.484	0.0276506
885.618	0.0273454
885.753	0.0281389
885.887	0.0278337
886.021	0.0272233
886.155	0.0272844
886.29	0.0272233
886.424	0.028261
886.558	0.0277727
886.693	0.0275896
886.827	0.0272844
886.961	0.0272844
887.095	0.0272233
887.23	0.0270402
887.364	0.0281389
887.498	0.028261
887.632	0.0270402
887.767	0.0278337
887.901	0.0278948
888.035	0.0273454
888.169	0.0277727
888.304	0.0272844
888.438	0.0275896
888.572	0.0281389
888.706	0.0275896
888.841	0.0275285
888.975	0.0274675
889.109	0.0272233
889.243	0.026613
889.378	0.0274065
889.512	0.0275896
889.646	0.0285662
889.78	0.0277117
889.915	0.0281389
890.049	0.0274675
890.183	0.0276506
890.317	0.0277117
890.452	0.0276506
890.586	0.0274065
890.72	0.0278337
890.854	0.0268571
890.989	0.0271623
891.123	0.0271013
891.257	0.0282
891.391	0.0277117
891.526	0.0269792
891.66	0.0270402
891.794	0.0278337
891.928	0.0275285
892.063	0.0268571
892.197	0.0272844
892.331	0.0273454
892.465	0.0272844
892.6	0.0278948
892.734	0.0275285
892.868	0.0273454
893.002	0.0274675
893.137	0.0272844
893.271	0.0290545
893.405	0.0274675
893.539	0.0269792
893.674	0.0272233
893.808	0.028261
893.942	0.026674
894.076	0.0278948
894.21	0.0279558
894.345	0.0280779
894.479	0.0275896
894.613	0.0272844
894.747	0.0277117
894.882	0.0274675
895.016	0.0265519
895.15	0.0280168
895.284	0.0272844
895.419	0.0264909
895.553	0.0271623
895.687	0.0273454
895.821	0.0279558
895.956	0.0277117
896.09	0.0272233
896.224	0.0275285
896.358	0.0279558
896.492	0.0276506
896.627	0.0276506
896.761	0.0274675
896.895	0.0279558
897.029	0.0282
897.164	0.0278337
897.298	0.0272844
897.432	0.0274065
897.566	0.0275285
897.701	0.0272844
897.835	0.0284441
897.969	0.0274675
898.103	0.0275896
898.237	0.0274065
898.372	0.0272844
898.506	0.0283831
898.64	0.0269181
898.774	0.0276506
898.909	0.0277117
899.043	0.0281389
899.177	0.0274065
899.311	0.0268571
899.445	0.0265519
899.58	0.0268571
899.714	0.0271013
899.848	0.0277117
899.982	0.0278337
900.117	0.0264909
900.251	0.026735
900.385	0.0280168
900.519	0.0271623
900.653	0.0275285
900.788	0.0274675
900.922	0.0278948
901.056	0.0275285
901.19	0.0280168
901.325	0.0283831
901.459	0.028261
901.593	0.0277117
901.727	0.0284441
901.861	0.0272233
901.996	0.0278337
902.13	0.0276506
902.264	0.0274065
902.398	0.0270402
902.532	0.0272233
902.667	0.0272844
902.801	0.0276506
902.935	0.0278948
903.069	0.0274675
903.204	0.0280168
903.338	0.0277117
903.472	0.0272844
903.606	0.026735
903.74	0.0275285
903.875	0.0278337
904.009	0.0274675
904.143	0.0274675
904.277	0.0275285
904.411	0.0276506
904.546	0.0274675
904.68	0.0274065
904.814	0.0272844
904.948	0.0269181
905.082	0.0275285
905.217	0.0274065
905.351	0.0274675
905.485	0.0277727
905.619	0.0279558
905.753	0.0275896
905.888	0.0278337
906.022	0.0269792
906.156	0.026735
906.29	0.0278337
906.424	0.0277117
906.559	0.0281389
906.693	0.0275285
906.827	0.0274065
906.961	0.0268571
907.095	0.0279558
907.23	0.0273454
907.364	0.0272844
907.498	0.0278337
907.632	0.0278337
907.766	0.0270402
907.901	0.0274065
908.035	0.0274065
908.169	0.0277727
908.303	0.0267961
908.437	0.0274675
908.572	0.0274675
908.706	0.0278337
908.84	0.0277117
908.974	0.0271013
909.108	0.0274675
909.243	0.0275896
909.377	0.0275285
909.511	0.0271623
909.645	0.026674
909.779	0.0274675
909.914	0.0278948
910.048	0.0275285
910.182	0.0274065
910.316	0.026735
910.45	0.0279558
910.585	0.0276506
910.719	0.0272844
910.853	0.0276506
910.987	0.026613
911.121	0.0263688
911.255	0.0270402
911.39	0.0274675
911.524	0.0277117
911.658	0.0264298
911.792	0.0269792
911.926	0.0279558
912.061	0.0278948
912.195	0.0270402
912.329	0.0273454
912.463	0.0270402
912.597	0.0280779
912.732	0.0271013
912.866	0.0271623
913	0.0271623
913.134	0.0286883
913.268	0.0271623
913.402	0.0274675
913.537	0.0272233
913.671	0.0273454
913.805	0.0277727
913.939	0.0272844
914.073	0.0274065
914.208	0.0269181
914.342	0.0271623
914.476	0.0271013
914.61	0.028322
914.744	0.0269181
914.878	0.0272233
915.013	0.0281389
915.147	0.0273454
915.281	0.0272844
915.415	0.0269792
915.549	0.0272844
915.683	0.0274065
915.818	0.0274065
915.952	0.0281389
916.086	0.0272233
916.22	0.0282
916.354	0.0277117
916.488	0.0283831
916.623	0.0280779
916.757	0.0270402
916.891	0.0270402
917.025	0.0271623
917.159	0.0282
917.293	0.0272844
917.428	0.0275896
917.562	0.0277117
917.696	0.0272233
917.83	0.0283831
917.964	0.0275285
918.098	0.0273454
918.233	0.0272233
918.367	0.0275285
918.501	0.0275285
918.635	0.0275896
918.769	0.0282
918.903	0.0271623
919.038	0.0271623
919.172	0.0275896
919.306	0.0280168
919.44	0.0278337
919.574	0.0268571
919.708	0.0275285
919.843	0.0274675
919.977	0.0271013
920.111	0.0272844
920.245	0.0278948
920.379	0.0275285
920.513	0.0272844
920.648	0.028261
920.782	0.0275896
920.916	0.0272233
921.05	0.0271623
921.184	0.0271013
921.318	0.0276506
921.453	0.0277117
921.587	0.0269792
921.721	0.0275896
921.855	0.0273454
921.989	0.0269792
922.123	0.0265519
922.257	0.0275285
922.392	0.0278337
922.526	0.0276506
922.66	0.0271623
922.794	0.0278948
922.928	0.0272844
923.062	0.0276506
923.197	0.0275285
923.331	0.0279558
923.465	0.0283831
923.599	0.0275285
923.733	0.0277117
923.867	0.0276506
924.001	0.0264298
924.136	0.0276506
924.27	0.0282
924.404	0.0269792
924.538	0.0277117
924.672	0.0271623
924.806	0.0274675
924.94	0.0269792
925.075	0.0282
925.209	0.0274675
925.343	0.0279558
925.477	0.0275285
925.611	0.0281389
925.745	0.0276506
925.879	0.0273454
926.014	0.0269792
926.148	0.0269792
926.282	0.0273454
926.416	0.0272844
926.55	0.0284441
926.684	0.0278337
926.818	0.0267961
926.953	0.0269181
927.087	0.0269181
927.221	0.0271623
927.355	0.0280779
927.489	0.0274065
927.623	0.0275285
927.757	0.026613
927.892	0.026613
928.026	0.0281389
928.16	0.0279558
928.294	0.0272844
928.428	0.0271623
928.562	0.0272844
928.696	0.0275285
928.831	0.028261
928.965	0.0269792
929.099	0.0274065
929.233	0.0272233
929.367	0.0279558
929.501	0.0275285
929.635	0.0267961
929.769	0.0272844
929.904	0.0275896
930.038	0.0279558
930.172	0.0273454
930.306	0.0279558
930.44	0.0274675
930.574	0.0276506
930.708	0.0280168
930.843	0.026613
930.977	0.0275285
931.111	0.0272844
931.245	0.0275285
931.379	0.0272233
931.513	0.0273454
931.647	0.0282
931.781	0.0271623
931.916	0.0279558
932.05	0.0282
932.184	0.0277117
932.318	0.0277117
932.452	0.0264298
932.586	0.0268571
932.72	0.0274065
932.854	0.0273454
932.989	0.0274065
933.123	0.0277727
933.257	0.0267961
933.391	0.0276506
933.525	0.0273454
933.659	0.026613
933.793	0.0273454
933.927	0.0277117
934.061	0.0272233
934.196	0.0275896
934.33	0.0277117
934.464	0.0278337
934.598	0.0275896
934.732	0.0277117
934.866	0.0268571
935	0.0275285
935.134	0.026735
935.269	0.0269792
935.403	0.0271623
935.537	0.0275285
935.671	0.0274065
935.805	0.0277727
935.939	0.0278948
936.073	0.0275285
936.207	0.0274675
936.341	0.0276506
936.476	0.0275285
936.61	0.0272233
936.744	0.0275285
936.878	0.0278948
937.012	0.0276506
937.146	0.0277727
937.28	0.0272233
937.414	0.0274065
937.548	0.0273454
937.683	0.0270402
937.817	0.0276506
937.951	0.0280779
938.085	0.0280168
938.219	0.0287493
938.353	0.0270402
938.487	0.0275285
938.621	0.0265519
938.755	0.0277117
938.889	0.0273454
939.024	0.0272844
939.158	0.0270402
939.292	0.0269181
939.426	0.0275285
939.56	0.0276506
939.694	0.0274065
939.828	0.0277117
939.962	0.0270402
940.096	0.0275896
940.231	0.0280168
940.365	0.0278337
940.499	0.0288104
940.633	0.0277117
940.767	0.0275896
940.901	0.028261
941.035	0.0272844
941.169	0.0282
941.303	0.0271623
941.437	0.0276506
941.571	0.0274065
941.706	0.0286272
941.84	0.0278337
941.974	0.0277727
942.108	0.026674
942.242	0.0263688
942.376	0.0277727
942.51	0.0265519
942.644	0.0281389
942.778	0.026735
942.912	0.0274065
943.047	0.0276506
943.181	0.0264298
943.315	0.0275896
943.449	0.0275896
943.583	0.0278948
943.717	0.0269792
943.851	0.0272233
943.985	0.0281389
944.119	0.0263688
944.253	0.0268571
944.387	0.0285662
944.522	0.0272844
944.656	0.0276506
944.79	0.0271013
944.924	0.0275896
945.058	0.028322
945.192	0.0276506
945.326	0.0269792
945.46	0.0280168
945.594	0.0276506
945.728	0.0282
945.862	0.0272844
945.996	0.0274675
946.131	0.0274675
946.265	0.0275285
946.399	0.0276506
946.533	0.0277117
946.667	0.0275896
946.801	0.0272233
946.935	0.0275285
947.069	0.0278948
947.203	0.0270402
947.337	0.0274675
947.471	0.0269181
947.605	0.0279558
947.739	0.0271013
947.874	0.0280168
948.008	0.0274675
948.142	0.0277727
948.276	0.0276506
948.41	0.0282
948.544	0.0278948
948.678	0.028261
948.812	0.0265519
948.946	0.028261
949.08	0.0272233
949.214	0.0277727
949.348	0.0263688
949.482	0.0273454
949.617	0.0273454
949.751	0.0268571
949.885	0.0274065
950.019	0.0271013
950.153	0.0280168
950.287	0.0274065
950.421	0.0279558
950.555	0.0276506
950.689	0.0277117
950.823	0.0278948
950.957	0.0269792
951.091	0.0271623
951.225	0.0278337
951.359	0.0280779
951.493	0.0275896
951.628	0.0272233
951.762	0.0275896
951.896	0.0275285
952.03	0.0280779
952.164	0.0279558
952.298	0.0271013
952.432	0.0279558
952.566	0.0276506
952.7	0.0277727
952.834	0.0276506
952.968	0.026735
953.102	0.0276506
953.236	0.0278948
953.37	0.0271013
953.504	0.0274065
953.639	0.0278948
953.773	0.0272844
953.907	0.0281389
954.041	0.0272844
954.175	0.0273454
954.309	0.0278337
954.443	0.0273454
954.577	0.0279558
954.711	0.0278948
954.845	0.0275285
954.979	0.0271623
955.113	0.0278948
955.247	0.0271623
955.381	0.0274675
955.515	0.0272844
955.649	0.0278337
955.783	0.0280168
955.917	0.0274675
956.052	0.0272233
956.186	0.0274675
956.32	0.0277117
956.454	0.0260636
956.588	0.0275285
956.722	0.0285052
956.856	0.0271623
956.99	0.028261
957.124	0.0279558
957.258	0.0277727
957.392	0.0275285
957.526	0.0272844
957.66	0.0275285
957.794	0.028261
957.928	0.0272844
958.062	0.0280168
958.196	0.026735
958.33	0.0279558
958.464	0.0272844
958.598	0.0286883
958.733	0.0275285
958.867	0.0277117
959.001	0.028322
959.135	0.0273454
959.269	0.0271623
959.403	0.0273454
959.537	0.0274675
959.671	0.0272844
959.805	0.026613
959.939	0.0277117
960.073	0.0271623
960.207	0.0272233
960.341	0.0277727
960.475	0.0275285
960.609	0.0277727
960.743	0.0279558
960.877	0.0277117
961.011	0.0274065
961.145	0.0271013
961.279	0.0276506
961.413	0.0281389
961.547	0.0274065
961.681	0.0270402
961.815	0.0278337
961.949	0.0270402
962.083	0.0275285
962.218	0.0277117
962.352	0.0276506
962.486	0.0272233
962.62	0.0274065
962.754	0.0271013
962.888	0.0274675
963.022	0.0269181
963.156	0.0281389
963.29	0.0273454
963.424	0.0272844
963.558	0.0271013
963.692	0.0269792
963.826	0.0274675
963.96	0.0282
964.094	0.0274675
964.228	0.0276506
964.362	0.0277727
964.496	0.028261
964.63	0.0272844
964.764	0.0269181
964.898	0.0272233
965.032	0.0275285
965.166	0.0284441
965.3	0.028261
965.434	0.0273454
965.568	0.0270402
965.702	0.0274065
965.836	0.0276506
965.97	0.0275285
966.104	0.0275896
966.238	0.0278948
966.372	0.028261
966.506	0.0271013
966.64	0.0278337
966.774	0.0268571
966.908	0.0274065
967.043	0.0274675
967.177	0.0264909
967.311	0.0273454
967.445	0.0278948
967.579	0.0275285
967.713	0.0274065
967.847	0.0279558
967.981	0.0276506
968.115	0.0275896
968.249	0.0278337
968.383	0.0277117
968.517	0.0278337
968.651	0.0269181
968.785	0.0271623
968.919	0.0271013
969.053	0.0277117
969.187	0.0284441
969.321	0.0268571
969.455	0.0274675
969.589	0.0276506
969.723	0.0270402
969.857	0.0280168
969.991	0.0268571
970.125	0.0270402
970.259	0.0275285
970.393	0.0276506
970.527	0.0273454
970.661	0.0272844
970.795	0.0272844
970.929	0.0276506
971.063	0.0277117
971.197	0.0275896
971.331	0.0278337
971.465	0.0275285
971.599	0.0272844
971.733	0.0276506
971.867	0.0269181
972.001	0.0286272
972.135	0.0269181
972.269	0.0283831
972.403	0.0272233
972.537	0.0276506
972.671	0.0277727
972.805	0.0274065
972.939	0.0273454
973.073	0.0285052
973.207	0.0274065
973.341	0.0272233
973.475	0.0278337
973.609	0.0277117
973.743	0.0278948
973.877	0.0276506
974.011	0.0282
974.145	0.0273454
974.279	0.0272844
974.413	0.0273454
974.547	0.0264298
974.681	0.0279558
974.815	0.0272844
974.949	0.0274065
975.083	0.0272233
975.217	0.0285662
975.351	0.0279558
975.485	0.0275896
975.619	0.0275896
975.753	0.0272233
975.887	0.0272233
976.021	0.0269181
976.155	0.0275285
976.289	0.0278337
976.423	0.028322
976.557	0.0270402
976.691	0.0275285
976.825	0.0281389
976.959	0.0271623
977.093	0.0272233
977.227	0.0279558
977.361	0.0280779
977.495	0.0279558
977.629	0.0271623
977.763	0.0274065
977.897	0.0284441
978.031	0.0279558
978.165	0.0282
978.299	0.0272233
978.433	0.0276506
978.567	0.0274065
978.701	0.0272844
978.835	0.0269792
978.969	0.0275896
979.103	0.0270402
979.237	0.026735
979.371	0.0271623
979.505	0.0273454
979.639	0.0277117
979.773	0.0273454
979.907	0.0275896
980.041	0.0273454
980.175	0.0275896
980.308	0.0277117
980.442	0.0275285
980.576	0.0277727
980.71	0.0275896
980.844	0.0273454
980.978	0.026735
981.112	0.0276506
981.246	0.0270402
981.38	0.0277727
981.514	0.0273454
981.648	0.0276506
981.782	0.0280779
981.916	0.0273454
982.05	0.0270402
982.184	0.0277727
982.318	0.0275896
982.452	0.0278337
982.586	0.0272233
982.72	0.0277727
982.854	0.0277727
982.988	0.0286272
983.122	0.0277117
983.256	0.0271623
983.39	0.0286272
983.524	0.0287493
983.658	0.0279558
983.792	0.0274675
983.926	0.0269181
984.06	0.0269181
984.194	0.0276506
984.328	0.0275285
984.462	0.0274065
984.596	0.0278337
984.73	0.0272233
984.864	0.0272844
984.998	0.0274065
985.132	0.0273454
985.265	0.0268571
985.399	0.0273454
985.533	0.0275896
985.667	0.0273454
985.801	0.0274065
985.935	0.028322
986.069	0.0273454
986.203	0.0271623
986.337	0.0271013
986.471	0.0271623
986.605	0.0277117
986.739	0.0272844
986.873	0.0280779
987.007	0.0271623
987.141	0.0267961
987.275	0.0271013
987.409	0.0267961
987.543	0.0276506
987.677	0.0275896
987.811	0.0272233
987.945	0.0275285
988.079	0.0269792
988.213	0.0277117
988.347	0.0271013
988.481	0.0273454
988.614	0.0273454
988.748	0.0275896
988.882	0.0274675
989.016	0.0274065
989.15	0.0276506
989.284	0.0274675
989.418	0.0279558
989.552	0.0274065
989.686	0.0275896
989.82	0.0263688
989.954	0.0277117
990.088	0.0269181
990.222	0.0271623
990.356	0.0277117
990.49	0.0275896
990.624	0.0276506
990.758	0.0273454
990.892	0.0271013
991.026	0.0268571
991.16	0.0272844
991.294	0.0271013
991.427	0.0275896
991.561	0.0270402
991.695	0.0274675
991.829	0.028261
991.963	0.0274065
992.097	0.0275896
992.231	0.0267961
992.365	0.0277727
992.499	0.0273454
992.633	0.0278948
992.767	0.028322
992.901	0.0274675
993.035	0.0279558
993.169	0.0271013
993.303	0.0274065
993.437	0.0277727
993.571	0.0264298
993.704	0.0282
993.838	0.0275285
993.972	0.0277727
994.106	0.0276506
994.24	0.0271013
994.374	0.0281389
994.508	0.0278337
994.642	0.0278948
994.776	0.0275285
994.91	0.0271623
995.044	0.0269181
995.178	0.0274675
995.312	0.0274065
995.446	0.0270402
995.58	0.0275896
995.714	0.0276506
995.847	0.0285052
995.981	0.0274675
996.115	0.0267961
996.249	0.0271623
996.383	0.0278337
996.517	0.0273454
996.651	0.0282
996.785	0.0274065
996.919	0.0280168
997.053	0.0272844
997.187	0.0280779
997.321	0.028322
997.455	0.0268571
997.589	0.0272844
997.722	0.0274065
997.856	0.0276506
997.99	0.0275285
998.124	0.0280168
998.258	0.0271623
998.392	0.026735
998.526	0.0280779
998.66	0.0272233
998.794	0.0273454
998.928	0.0264909
999.062	0.0278337
999.196	0.0276506
999.33	0.0274065
999.464	0.0271623
999.597	0.028322
999.731	0.0280779
999.865	0.0278948
999.999	0.0281389
1000.13	0.0273454
1000.27	0.0272233
1000.4	0.0276506
1000.53	0.0272233
1000.67	0.0272844
1000.8	0.0275285
1000.94	0.0279558
1001.07	0.0269181
1001.2	0.0276506
1001.34	0.0276506
1001.47	0.0275896
1001.61	0.0275285
1001.74	0.0285662
1001.87	0.026735
1002.01	0.0281389
1002.14	0.0279558
1002.28	0.0274065
1002.41	0.0271013
1002.54	0.0282
1002.68	0.0276506
1002.81	0.0268571
1002.95	0.0272844
1003.08	0.0275285
1003.21	0.0269792
1003.35	0.0279558
1003.48	0.0281389
1003.61	0.028322
1003.75	0.0274065
1003.88	0.0279558
1004.02	0.0278948
1004.15	0.0271623
1004.28	0.0278948
1004.42	0.0277117
1004.55	0.0277117
1004.69	0.0272844
1004.82	0.0276506
1004.95	0.0272233
1005.09	0.0272233
1005.22	0.0276506
1005.36	0.0271013
1005.49	0.0281389
1005.62	0.0280168
1005.76	0.0274065
1005.89	0.0267961
1006.03	0.0276506
1006.16	0.028261
1006.29	0.0278337
1006.43	0.0275285
1006.56	0.0275285
1006.69	0.0271623
1006.83	0.0280168
1006.96	0.0271623
1007.1	0.0270402
1007.23	0.0279558
1007.36	0.0278337
1007.5	0.0277117
1007.63	0.026735
1007.77	0.0271623
1007.9	0.0273454
1008.03	0.0263688
1008.17	0.0275285
1008.3	0.0282
1008.44	0.0279558
1008.57	0.0272233
1008.7	0.0274675
1008.84	0.0271623
1008.97	0.0267961
1009.1	0.0274065
1009.24	0.0274675
1009.37	0.0279558
1009.51	0.0275896
1009.64	0.0270402
1009.77	0.0274675
1009.91	0.0269181
1010.04	0.0278948
1010.18	0.0276506
1010.31	0.0277727
1010.44	0.0276506
1010.58	0.0271013
1010.71	0.0275285
1010.85	0.0286883
1010.98	0.0282
1011.11	0.0273454
1011.25	0.0278948
1011.38	0.0271623
1011.51	0.0273454
1011.65	0.0272233
1011.78	0.028322
1011.92	0.0269792
1012.05	0.0272233
1012.18	0.0279558
1012.32	0.0280168
1012.45	0.0277727
1012.59	0.0279558
1012.72	0.0288104
1012.85	0.0273454
1012.99	0.0278948
1013.12	0.0272844
1013.26	0.0280168
1013.39	0.0277727
1013.52	0.0267961
1013.66	0.0276506
1013.79	0.028322
1013.92	0.0267961
1014.06	0.0280168
1014.19	0.0269792
1014.33	0.0275896
1014.46	0.0277117
1014.59	0.0271623
1014.73	0.0277727
1014.86	0.026674
1015	0.0276506
1015.13	0.0274675
1015.26	0.0271623
1015.4	0.0275896
1015.53	0.0278948
1015.67	0.0280168
1015.8	0.0268571
1015.93	0.0285052
1016.07	0.0284441
1016.2	0.0270402
1016.33	0.026735
1016.47	0.0284441
1016.6	0.0272844
1016.74	0.0275285
1016.87	0.0271623
1017	0.0276506
1017.14	0.0269181
1017.27	0.0275285
1017.41	0.0271013
1017.54	0.0285052
1017.67	0.0274065
1017.81	0.0271013
1017.94	0.0275285
1018.07	0.0270402
1018.21	0.0282
1018.34	0.0278948
1018.48	0.0273454
1018.61	0.0275285
1018.74	0.0274065
1018.88	0.0275896
1019.01	0.0267961
1019.15	0.028322
1019.28	0.0274675
1019.41	0.0273454
1019.55	0.0271623
1019.68	0.0280779
1019.82	0.0267961
1019.95	0.0278337
1020.08	0.0279558
1020.22	0.0285052
1020.35	0.0273454
1020.48	0.0274675
1020.62	0.0274675
1020.75	0.0278337
1020.89	0.0277727
1021.02	0.0278948
1021.15	0.0275896
1021.29	0.0264909
1021.42	0.0271013
1021.56	0.0281389
1021.69	0.0275896
1021.82	0.0285052
1021.96	0.0274675
1022.09	0.0275896
1022.22	0.0277117
1022.36	0.0275285
1022.49	0.0270402
1022.63	0.028322
1022.76	0.0275896
1022.89	0.0274675
1023.03	0.0274065
1023.16	0.0274065
1023.3	0.0279558
1023.43	0.0273454
1023.56	0.0272233
1023.7	0.0270402
1023.83	0.0280779
1023.96	0.0272233
1024.1	0.0276506
1024.23	0.0277117
1024.37	0.0276506
1024.5	0.0272844
1024.63	0.026735
1024.77	0.0278337
1024.9	0.0269181
1025.04	0.0275896
1025.17	0.0280779
1025.3	0.028261
1025.44	0.0277727
1025.57	0.0272844
1025.7	0.0268571
1025.84	0.0274675
1025.97	0.0278337
1026.11	0.0277727
1026.24	0.0276506
1026.37	0.0277727
1026.51	0.026613
1026.64	0.0274675
1026.78	0.0270402
1026.91	0.0278337
1027.04	0.0277117
1027.18	0.028322
1027.31	0.0284441
1027.44	0.0278337
1027.58	0.0270402
1027.71	0.0277117
1027.85	0.0275285
1027.98	0.0277727
1028.11	0.0281389
1028.25	0.0275285
1028.38	0.0270402
1028.52	0.0276506
1028.65	0.0269792
1028.78	0.0282
1028.92	0.0280168
1029.05	0.0276506
1029.18	0.0269181
1029.32	0.0283831
1029.45	0.0271623
1029.59	0.0277117
1029.72	0.0274675
1029.85	0.0264909
1029.99	0.0270402
1030.12	0.0277727
1030.26	0.026735
1030.39	0.0275896
1030.52	0.0277727
1030.66	0.0276506
1030.79	0.0276506
1030.92	0.0274675
1031.06	0.0278337
1031.19	0.0275285
1031.33	0.0274675
1031.46	0.0272844
1031.59	0.0269792
1031.73	0.0274675
1031.86	0.0271623
1031.99	0.0269181
1032.13	0.0276506
1032.26	0.0265519
1032.4	0.0268571
1032.53	0.0271013
1032.66	0.026735
1032.8	0.0274675
1032.93	0.0276506
1033.07	0.0277727
1033.2	0.0280168
1033.33	0.0275896
1033.47	0.0275285
1033.6	0.0276506
1033.73	0.0272844
1033.87	0.0268571
1034	0.0272233
1034.14	0.0279558
1034.27	0.0278337
1034.4	0.0271623
1034.54	0.0274675
1034.67	0.0275285
1034.81	0.0277727
1034.94	0.0280168
1035.07	0.0272844
1035.21	0.0277727
1035.34	0.0276506
1035.47	0.0275285
1035.61	0.0277727
1035.74	0.0273454
1035.88	0.0269181
1036.01	0.0270402
1036.14	0.0277117
1036.28	0.0277727
1036.41	0.0274675
1036.54	0.0270402
1036.68	0.0272844
1036.81	0.0277117
1036.95	0.0272233
1037.08	0.0284441
1037.21	0.0272233
1037.35	0.0274065
1037.48	0.0274065
1037.62	0.0274675
1037.75	0.0280168
1037.88	0.0275896
1038.02	0.0273454
1038.15	0.0272233
1038.28	0.0275285
1038.42	0.0278948
1038.55	0.0275896
1038.69	0.0280779
1038.82	0.0268571
1038.95	0.0277117
1039.09	0.0271623
1039.22	0.0274065
1039.35	0.0278948
1039.49	0.0276506
1039.62	0.0274065
1039.76	0.0274065
1039.89	0.0274675
1040.02	0.026613
1040.16	0.0269181
1040.29	0.0275285
1040.43	0.0278337
1040.56	0.0272233
1040.69	0.0273454
1040.83	0.0275285
1040.96	0.026613
1041.09	0.026674
1041.23	0.0272233
1041.36	0.0269181
1041.5	0.0274675
1041.63	0.0270402
1041.76	0.0278337
1041.9	0.0269181
1042.03	0.0272844
1042.16	0.0274675
1042.3	0.0274065
1042.43	0.0270402
1042.57	0.0273454
1042.7	0.0278337
1042.83	0.0271013
1042.97	0.0278337
1043.1	0.0275896
1043.23	0.0276506
1043.37	0.0277117
1043.5	0.0277117
1043.64	0.0277117
1043.77	0.0270402
1043.9	0.0277727
1044.04	0.0277117
1044.17	0.0280779
1044.31	0.0276506
1044.44	0.0280168
1044.57	0.028322
1044.71	0.0275285
1044.84	0.0277117
1044.97	0.0278337
1045.11	0.0278337
1045.24	0.0280779
1045.38	0.0269181
1045.51	0.0272233
1045.64	0.0276506
1045.78	0.0275896
1045.91	0.0278337
1046.04	0.0277117
1046.18	0.0274065
1046.31	0.0280779
1046.45	0.0275896
1046.58	0.0277727
1046.71	0.0271623
1046.85	0.0269792
1046.98	0.0278948
1047.11	0.0275285
1047.25	0.0272233
1047.38	0.026674
1047.52	0.0273454
1047.65	0.0269181
1047.78	0.0290545
1047.92	0.026735
1048.05	0.0273454
1048.18	0.0275285
1048.32	0.0272233
1048.45	0.0272233
1048.59	0.0271013
1048.72	0.0275896
1048.85	0.0281389
1048.99	0.0275285
1049.12	0.0269181
1049.25	0.0277727
1049.39	0.0278337
1049.52	0.0273454
1049.66	0.0277117
1049.79	0.0278948
1049.92	0.028261
1050.06	0.0272844
1050.19	0.0280168
1050.33	0.0271013
1050.46	0.0271623
1050.59	0.0283831
1050.73	0.0277727
1050.86	0.0280168
1050.99	0.0272844
1051.13	0.0278337
1051.26	0.0282
1051.4	0.0269792
1051.53	0.0271623
1051.66	0.0275285
1051.8	0.0275285
1051.93	0.0278337
1052.06	0.0278948
1052.2	0.0271013
1052.33	0.0274065
1052.47	0.026735
1052.6	0.0272233
1052.73	0.0267961
1052.87	0.0274065
1053	0.0272233
1053.13	0.0272233
1053.27	0.0278337
1053.4	0.0272844
1053.54	0.0275285
1053.67	0.0268571
1053.8	0.0274675
1053.94	0.0281389
1054.07	0.026674
1054.2	0.0271013
1054.34	0.0278337
1054.47	0.0275896
1054.61	0.0275285
1054.74	0.0275896
1054.87	0.0279558
1055.01	0.0275285
1055.14	0.0278948
1055.27	0.0271623
1055.41	0.0275896
1055.54	0.0271623
1055.68	0.0267961
1055.81	0.0277117
1055.94	0.0271623
1056.08	0.026613
1056.21	0.0272233
1056.34	0.0280168
1056.48	0.028322
1056.61	0.0272844
1056.75	0.0277117
1056.88	0.026613
1057.01	0.0278948
1057.15	0.0277117
1057.28	0.0277117
1057.41	0.0275285
1057.55	0.0288104
1057.68	0.0274675
1057.82	0.0280779
1057.95	0.0279558
1058.08	0.0284441
1058.22	0.0280168
1058.35	0.0277727
1058.48	0.0277117
1058.62	0.0268571
1058.75	0.0274065
1058.89	0.028322
1059.02	0.0277117
1059.15	0.0275896
1059.29	0.0273454
1059.42	0.0278948
1059.55	0.0284441
1059.69	0.0278337
1059.82	0.0269792
1059.96	0.0277117
1060.09	0.0277727
1060.22	0.0274675
1060.36	0.0271013
1060.49	0.028261
1060.62	0.0274065
1060.76	0.0274675
1060.89	0.0274065
1061.03	0.0271623
1061.16	0.0278337
1061.29	0.0275896
1061.43	0.0280168
1061.56	0.0271623
1061.69	0.0272844
1061.83	0.026735
1061.96	0.0278337
1062.1	0.0278337
1062.23	0.0278948
1062.36	0.0274065
1062.5	0.0270402
1062.63	0.0274065
1062.76	0.0267961
1062.9	0.0278337
1063.03	0.0280779
1063.17	0.0274675
1063.3	0.0280168
1063.43	0.0275896
1063.57	0.0271013
1063.7	0.0275285
1063.83	0.0270402
1063.97	0.0278337
1064.1	0.026735
1064.23	0.0277727
1064.37	0.0271013
1064.5	0.0275285
1064.64	0.0280779
1064.77	0.026735
1064.9	0.0272844
1065.04	0.0272844
1065.17	0.0275896
1065.3	0.0272233
1065.44	0.028261
1065.57	0.0269181
1065.71	0.0280168
1065.84	0.0277727
1065.97	0.0268571
1066.11	0.0271013
1066.24	0.0274675
1066.37	0.0279558
1066.51	0.0269792
1066.64	0.0279558
1066.78	0.0274675
1066.91	0.0272844
1067.04	0.0277727
1067.18	0.0278948
1067.31	0.026674
1067.44	0.0275896
1067.58	0.0278337
1067.71	0.0271623
1067.85	0.026735
1067.98	0.0274065
1068.11	0.0278948
1068.25	0.0270402
1068.38	0.0281389
1068.51	0.0271623
1068.65	0.0279558
1068.78	0.0271623
1068.92	0.0278337
1069.05	0.0267961
1069.18	0.0272233
1069.32	0.0269181
1069.45	0.0271013
1069.58	0.0272233
1069.72	0.0272844
1069.85	0.0278337
1069.98	0.0278948
1070.12	0.0278948
1070.25	0.0271623
1070.39	0.0278337
1070.52	0.0263688
1070.65	0.0278948
1070.79	0.0282
1070.92	0.0278948
1071.05	0.0278337
1071.19	0.0279558
1071.32	0.0262467
1071.46	0.028322
1071.59	0.026735
1071.72	0.0277117
1071.86	0.0275896
1071.99	0.0279558
1072.12	0.0275896
1072.26	0.0271013
1072.39	0.0284441
1072.53	0.026674
1072.66	0.0273454
1072.79	0.0273454
1072.93	0.0277117
1073.06	0.0278337
1073.19	0.0271013
1073.33	0.0271623
1073.46	0.0277727
1073.59	0.0276506
1073.73	0.0276506
1073.86	0.0269792
1074	0.0274675
1074.13	0.0275896
1074.26	0.0281389
1074.4	0.0274065
1074.53	0.0275285
1074.66	0.0273454
1074.8	0.0273454
1074.93	0.0276506
1075.07	0.0279558
1075.2	0.0274065
1075.33	0.0271013
1075.47	0.0270402
1075.6	0.0275285
1075.73	0.0264909
1075.87	0.0277117
1076	0.0275285
1076.14	0.0264298
1076.27	0.0275896
1076.4	0.0267961
1076.54	0.0270402
1076.67	0.0274065
1076.8	0.0274675
1076.94	0.0269181
1077.07	0.0273454
1077.2	0.0277727
1077.34	0.0271623
1077.47	0.0277117
1077.61	0.0278337
1077.74	0.0272233
1077.87	0.0276506
1078.01	0.0271013
1078.14	0.0275285
1078.27	0.0273454
1078.41	0.0275285
1078.54	0.0271013
1078.68	0.0273454
1078.81	0.0275896
1078.94	0.0276506
1079.08	0.0280168
1079.21	0.0269181
1079.34	0.0274065
1079.48	0.0272233
1079.61	0.0271623
1079.74	0.0277727
1079.88	0.0276506
1080.01	0.0271623
1080.15	0.0277117
1080.28	0.0265519
1080.41	0.0282
1080.55	0.0269181
1080.68	0.0275285
1080.81	0.0265519
1080.95	0.0277727
1081.08	0.0273454
1081.22	0.0274675
1081.35	0.0271013
1081.48	0.0275285
1081.62	0.0278948
1081.75	0.0274675
1081.88	0.0267961
1082.02	0.0278337
1082.15	0.0275896
1082.28	0.0274675
1082.42	0.0279558
1082.55	0.0267961
1082.69	0.0273454
1082.82	0.0272233
1082.95	0.0281389
1083.09	0.0272233
1083.22	0.0275896
1083.35	0.0275285
1083.49	0.0278948
1083.62	0.026735
1083.75	0.0272233
1083.89	0.0281389
1084.02	0.0274065
1084.16	0.0276506
1084.29	0.0286272
1084.42	0.0274675
1084.56	0.0269792
1084.69	0.0284441
1084.82	0.0277727
1084.96	0.0273454
1085.09	0.0261246
1085.23	0.0275285
1085.36	0.0281389
1085.49	0.0283831
1085.63	0.0270402
1085.76	0.0276506
1085.89	0.0286883
1086.03	0.0277727
1086.16	0.0282
1086.29	0.0272844
1086.43	0.0273454
1086.56	0.0274065
1086.7	0.0275896
1086.83	0.0271013
1086.96	0.0279558
1087.1	0.026674
1087.23	0.0269792
1087.36	0.0272233
1087.5	0.0274675
1087.63	0.0278948
1087.76	0.0279558
1087.9	0.0274675
1088.03	0.0275285
1088.17	0.0272844
1088.3	0.0269792
1088.43	0.0271013
1088.57	0.0272233
1088.7	0.0272844
1088.83	0.0275285
1088.97	0.0275896
1089.1	0.028261
1089.24	0.0277727
1089.37	0.0278337
1089.5	0.0272233
1089.64	0.0272844
1089.77	0.0272844
1089.9	0.0280168
1090.04	0.0281389
1090.17	0.026735
1090.3	0.0265519
1090.44	0.0279558
1090.57	0.0271623
1090.71	0.0274065
1090.84	0.0282
1090.97	0.0274675
1091.11	0.0278337
1091.24	0.0272233
1091.37	0.0274065
1091.51	0.0286883
1091.64	0.0280779
1091.77	0.0273454
1091.91	0.0272844
1092.04	0.0272844
1092.18	0.0277117
1092.31	0.0268571
1092.44	0.0274675
1092.58	0.0274675
1092.71	0.0276506
1092.84	0.0275896
1092.98	0.0278948
1093.11	0.0274675
1093.24	0.0280168
1093.38	0.0269181
1093.51	0.0278337
1093.65	0.0284441
1093.78	0.026735
1093.91	0.0286883
1094.05	0.0286272
1094.18	0.0284441
1094.31	0.0277727
1094.45	0.0277117
1094.58	0.0278948
1094.71	0.0282
1094.85	0.0274675
1094.98	0.0286272
1095.12	0.0267961
1095.25	0.0278337
1095.38	0.0269792
1095.52	0.0273454
1095.65	0.0263078
1095.78	0.0267961
1095.92	0.0272844
1096.05	0.026735
1096.18	0.0272233
1096.32	0.0278948
1096.45	0.0278337
1096.59	0.0271623
1096.72	0.0281389
1096.85	0.0281389
1096.99	0.0272844
1097.12	0.0274065
1097.25	0.028322
1097.39	0.0276506
1097.52	0.0272844
1097.65	0.0280779
1097.79	0.0273454
1097.92	0.0277727
1098.06	0.0277117
1098.19	0.0280168
1098.32	0.0276506
1098.46	0.0273454
1098.59	0.0280168
1098.72	0.0279558
1098.86	0.0282
1098.99	0.0272844
1099.12	0.0277117
1099.26	0.0274675
1099.39	0.0273454
1099.53	0.0270402
1099.66	0.0270402
1099.79	0.0272844
1099.93	0.0277727
1100.06	0.0275896
1100.19	0.0275285
1100.33	0.0265519
1100.46	0.0272233
1100.59	0.0280779
1100.73	0.026735
1100.86	0.0277727
1100.99	0.0280168
1101.13	0.0268571
1101.26	0.0273454
1101.4	0.0275896
1101.53	0.0279558
1101.66	0.0277117
1101.8	0.0275285
1101.93	0.0269792
1102.06	0.0274675
1102.2	0.0279558
1102.33	0.0263078
1102.46	0.0281389
1102.6	0.0273454
1102.73	0.0275285
1102.87	0.0272233
1103	0.0274065
1103.13	0.0286883
1103.27	0.0278948
1103.4	0.0272844
1103.53	0.0278948
1103.67	0.0275896
1103.8	0.0271013
1103.93	0.0269792
1104.07	0.0268571
1104.2	0.0285662
1104.34	0.0269792
1104.47	0.0273454
1104.6	0.0269792
1104.74	0.0272844
1104.87	0.0274675
1105	0.0272844
1105.14	0.0274675
1105.27	0.0272844
1105.4	0.0272233
1105.54	0.0282
1105.67	0.0275896
1105.8	0.0277727
1105.94	0.0264298
1106.07	0.0273454
1106.21	0.0273454
1106.34	0.0272233
1106.47	0.0272844
1106.61	0.0273454
1106.74	0.0267961
1106.87	0.0275285
1107.01	0.0271623
1107.14	0.0271623
1107.27	0.0277727
1107.41	0.0280779
1107.54	0.0268571

