Source: Spectrum Viewer

Chart: Pulse Spectrum

Series: 
Wavelength (nm)	S (a.u.)
617.638	0.0274675
617.773	0.0272233
617.908	0.0275896
618.043	0.028261
618.178	0.0277727
618.313	0.0272844
618.448	0.0280168
618.583	0.0278948
618.718	0.028322
618.853	0.0271623
618.988	0.0276506
619.123	0.0268571
619.258	0.0272233
619.394	0.026613
619.529	0.0269181
619.664	0.0274675
619.799	0.0277727
619.934	0.0269792
620.069	0.0275896
620.204	0.0274675
620.339	0.0274065
620.474	0.0269181
620.609	0.0264298
620.744	0.0274675
620.879	0.0269181
621.014	0.0280779
621.149	0.0278337
621.284	0.0275285
621.419	0.0273454
621.554	0.0276506
621.689	0.0274065
621.825	0.0272844
621.96	0.0272844
622.095	0.026735
622.23	0.0273454
622.365	0.0274675
622.5	0.0269792
622.635	0.0274675
622.77	0.0279558
622.905	0.0280168
623.04	0.0272844
623.175	0.0271623
623.31	0.0274065
623.445	0.0268571
623.58	0.0273454
623.715	0.0272844
623.85	0.0282
623.985	0.0275285
624.12	0.0274065
624.255	0.0275285
624.39	0.0274675
624.525	0.0272844
624.661	0.0274065
624.796	0.0272233
624.931	0.0271623
625.066	0.026674
625.201	0.0279558
625.336	0.0275285
625.471	0.0271623
625.606	0.0277117
625.741	0.0280779
625.876	0.0271013
626.011	0.0280168
626.146	0.0268571
626.281	0.0276506
626.416	0.0273454
626.551	0.0269792
626.686	0.0272844
626.821	0.0274675
626.956	0.0277727
627.091	0.0269792
627.226	0.0269792
627.361	0.0267961
627.496	0.028322
627.631	0.0278948
627.766	0.0272844
627.901	0.0270402
628.036	0.0286883
628.171	0.0267961
628.307	0.0278337
628.442	0.0281389
628.577	0.0272233
628.712	0.0271623
628.847	0.0279558
628.982	0.0272233
629.117	0.0278337
629.252	0.0280779
629.387	0.0274675
629.522	0.0275285
629.657	0.0272233
629.792	0.0277117
629.927	0.0272233
630.062	0.0288104
630.197	0.0272844
630.332	0.0267961
630.467	0.026613
630.602	0.0271623
630.737	0.0276506
630.872	0.0274675
631.007	0.0271013
631.142	0.0274675
631.277	0.026613
631.412	0.0284441
631.547	0.0275285
631.682	0.0271623
631.817	0.0275285
631.952	0.0277117
632.087	0.0275285
632.222	0.026735
632.357	0.0273454
632.492	0.0277117
632.627	0.0271623
632.762	0.0282
632.897	0.0278337
633.032	0.0275896
633.167	0.0272844
633.302	0.0269792
633.437	0.0277117
633.572	0.0272233
633.707	0.0272844
633.842	0.0282
633.978	0.0278948
634.113	0.0269792
634.248	0.0271623
634.383	0.0275285
634.518	0.0265519
634.653	0.0275896
634.788	0.0274065
634.923	0.0270402
635.058	0.0272233
635.193	0.0272844
635.328	0.0272233
635.463	0.0271623
635.598	0.0267961
635.733	0.0278948
635.868	0.0275285
636.003	0.026674
636.138	0.028322
636.273	0.0270402
636.408	0.0271623
636.543	0.0265519
636.678	0.0271013
636.813	0.0275896
636.948	0.0275285
637.083	0.0280168
637.218	0.0281389
637.353	0.0277117
637.488	0.0272844
637.623	0.0273454
637.758	0.0271623
637.893	0.0271013
638.028	0.0275896
638.163	0.0270402
638.298	0.0272844
638.433	0.0274065
638.568	0.0281389
638.703	0.0278948
638.838	0.0278948
638.973	0.0273454
639.108	0.0272844
639.243	0.0275896
639.378	0.0277117
639.513	0.0280168
639.648	0.0275285
639.783	0.0277117
639.918	0.0288714
640.053	0.0281389
640.188	0.0276506
640.323	0.0271013
640.458	0.0269792
640.593	0.0285662
640.728	0.0274065
640.863	0.0279558
640.998	0.0275896
641.133	0.0270402
641.268	0.0278337
641.403	0.0272844
641.538	0.0271623
641.673	0.0280168
641.808	0.0278337
641.943	0.0288104
642.078	0.0273454
642.213	0.0271623
642.348	0.0274065
642.483	0.0279558
642.618	0.0269181
642.753	0.0270402
642.888	0.0267961
643.023	0.0274675
643.158	0.0276506
643.293	0.0280168
643.428	0.0271623
643.563	0.0279558
643.698	0.0275285
643.833	0.0279558
643.968	0.0274675
644.103	0.0274675
644.237	0.0275285
644.372	0.0272844
644.507	0.0281389
644.642	0.0278948
644.777	0.0275285
644.912	0.0277117
645.047	0.0270402
645.182	0.0271623
645.317	0.0274675
645.452	0.0272844
645.587	0.0274675
645.722	0.0276506
645.857	0.028261
645.992	0.0272844
646.127	0.0275285
646.262	0.0278948
646.397	0.0271623
646.532	0.0274065
646.667	0.0274675
646.802	0.0278948
646.937	0.0272844
647.072	0.0272844
647.207	0.0270402
647.342	0.0274675
647.477	0.0269792
647.612	0.0269792
647.747	0.0273454
647.882	0.0272233
648.017	0.0275285
648.152	0.0273454
648.287	0.0269181
648.422	0.0278337
648.557	0.0275285
648.692	0.0271623
648.827	0.0272844
648.962	0.0276506
649.097	0.0272233
649.232	0.0269181
649.367	0.0275285
649.502	0.0274065
649.637	0.0273454
649.772	0.0280779
649.906	0.0275285
650.041	0.0275285
650.176	0.0284441
650.311	0.026674
650.446	0.0276506
650.581	0.0274675
650.716	0.0280168
650.851	0.0278337
650.986	0.0277727
651.121	0.0260636
651.256	0.0268571
651.391	0.0274675
651.526	0.0277117
651.661	0.0280168
651.796	0.0271623
651.931	0.026674
652.066	0.0277727
652.201	0.0272844
652.336	0.0269792
652.471	0.0280168
652.606	0.0278337
652.741	0.0269181
652.876	0.0280168
653.011	0.0278337
653.146	0.0274065
653.281	0.0271623
653.415	0.0275896
653.55	0.0272233
653.685	0.0272844
653.82	0.028261
653.955	0.0274065
654.09	0.0271623
654.225	0.0272233
654.36	0.0277117
654.495	0.0278337
654.63	0.0271013
654.765	0.0274065
654.9	0.0275896
655.035	0.0278948
655.17	0.0282
655.305	0.028261
655.44	0.026613
655.575	0.0273454
655.71	0.0273454
655.845	0.0274675
655.98	0.0272233
656.115	0.0271013
656.25	0.0268571
656.384	0.0275285
656.519	0.028322
656.654	0.0276506
656.789	0.0275896
656.924	0.0274675
657.059	0.0280168
657.194	0.0274675
657.329	0.0273454
657.464	0.0269792
657.599	0.0278337
657.734	0.026735
657.869	0.0271013
658.004	0.0271623
658.139	0.0274065
658.274	0.0274065
658.409	0.0280168
658.544	0.0277727
658.679	0.0271623
658.813	0.0274675
658.948	0.0272233
659.083	0.0279558
659.218	0.0282
659.353	0.0277117
659.488	0.0274675
659.623	0.0278337
659.758	0.0279558
659.893	0.0279558
660.028	0.0271013
660.163	0.0269181
660.298	0.0271623
660.433	0.0277727
660.568	0.0278337
660.703	0.0279558
660.838	0.0277727
660.972	0.0264298
661.107	0.0269181
661.242	0.0268571
661.377	0.0270402
661.512	0.0277727
661.647	0.0278337
661.782	0.0272233
661.917	0.0277117
662.052	0.0274065
662.187	0.0278337
662.322	0.0271623
662.457	0.0280168
662.592	0.0275896
662.727	0.0267961
662.862	0.0269792
662.996	0.0278337
663.131	0.0273454
663.266	0.0267961
663.401	0.0269181
663.536	0.0285052
663.671	0.0278948
663.806	0.0269792
663.941	0.0278337
664.076	0.0281389
664.211	0.028322
664.346	0.0278337
664.481	0.0277727
664.616	0.0283831
664.75	0.0262467
664.885	0.0281389
665.02	0.0274675
665.155	0.0280168
665.29	0.0271623
665.425	0.0281389
665.56	0.026613
665.695	0.0278948
665.83	0.0277117
665.965	0.026735
666.1	0.0272233
666.235	0.0279558
666.37	0.0282
666.504	0.0269792
666.639	0.0280168
666.774	0.0275285
666.909	0.0275285
667.044	0.0276506
667.179	0.0272233
667.314	0.0277117
667.449	0.0273454
667.584	0.0271623
667.719	0.0273454
667.854	0.0274065
667.989	0.0281389
668.123	0.0279558
668.258	0.0274065
668.393	0.0276506
668.528	0.0274675
668.663	0.0272233
668.798	0.0270402
668.933	0.0272233
669.068	0.0275896
669.203	0.0271013
669.338	0.0278337
669.473	0.0275285
669.607	0.0277727
669.742	0.0267961
669.877	0.0283831
670.012	0.0284441
670.147	0.0279558
670.282	0.0271623
670.417	0.0275285
670.552	0.0280168
670.687	0.0275285
670.822	0.0282
670.957	0.0277117
671.091	0.0269792
671.226	0.0274675
671.361	0.0274675
671.496	0.0271013
671.631	0.0280168
671.766	0.0277117
671.901	0.0270402
672.036	0.026735
672.171	0.0275285
672.306	0.0271623
672.44	0.0268571
672.575	0.0277727
672.71	0.0267961
672.845	0.0268571
672.98	0.0268571
673.115	0.026735
673.25	0.0269792
673.385	0.0270402
673.52	0.0282
673.655	0.0280779
673.789	0.0264909
673.924	0.0272844
674.059	0.0277117
674.194	0.0274065
674.329	0.0270402
674.464	0.0275896
674.599	0.0275896
674.734	0.0274675
674.869	0.0277117
675.003	0.0277117
675.138	0.0279558
675.273	0.0269181
675.408	0.0269792
675.543	0.0269181
675.678	0.0274065
675.813	0.0272844
675.948	0.0268571
676.083	0.0275285
676.217	0.0280779
676.352	0.0264298
676.487	0.026674
676.622	0.0274675
676.757	0.0280168
676.892	0.0268571
677.027	0.0268571
677.162	0.0272233
677.297	0.0282
677.431	0.0274675
677.566	0.0275285
677.701	0.0268571
677.836	0.0271623
677.971	0.0279558
678.106	0.0274065
678.241	0.0269181
678.376	0.0273454
678.511	0.0264909
678.645	0.0285052
678.78	0.0272844
678.915	0.0272844
679.05	0.0276506
679.185	0.0272844
679.32	0.0278337
679.455	0.0275896
679.59	0.0272844
679.724	0.0279558
679.859	0.0273454
679.994	0.0272844
680.129	0.0277117
680.264	0.0274675
680.399	0.0275285
680.534	0.0280779
680.669	0.0285052
680.803	0.0272844
680.938	0.0284441
681.073	0.0277117
681.208	0.0280779
681.343	0.0274675
681.478	0.0271623
681.613	0.0277117
681.748	0.0277727
681.882	0.0286272
682.017	0.0277727
682.152	0.0265519
682.287	0.026674
682.422	0.0278948
682.557	0.0272233
682.692	0.0274065
682.827	0.0270402
682.961	0.0271623
683.096	0.0275896
683.231	0.0275896
683.366	0.0272233
683.501	0.0282
683.636	0.0279558
683.771	0.0273454
683.906	0.0271623
684.04	0.0270402
684.175	0.0276506
684.31	0.0276506
684.445	0.0265519
684.58	0.0280168
684.715	0.0270402
684.85	0.0273454
684.984	0.0272233
685.119	0.0280168
685.254	0.0275896
685.389	0.0282
685.524	0.0274065
685.659	0.0272844
685.794	0.0279558
685.928	0.0277727
686.063	0.0280168
686.198	0.0279558
686.333	0.0278337
686.468	0.0282
686.603	0.0277727
686.738	0.0274675
686.872	0.0276506
687.007	0.0275896
687.142	0.028261
687.277	0.0273454
687.412	0.0275896
687.547	0.0272844
687.682	0.0271623
687.816	0.0275896
687.951	0.0280168
688.086	0.0286883
688.221	0.0280779
688.356	0.0276506
688.491	0.0272844
688.626	0.0279558
688.76	0.0282
688.895	0.0269181
689.03	0.0278948
689.165	0.0275896
689.3	0.0274675
689.435	0.0274065
689.57	0.026735
689.704	0.0273454
689.839	0.0270402
689.974	0.026735
690.109	0.028322
690.244	0.0276506
690.379	0.0275896
690.513	0.0265519
690.648	0.0276506
690.783	0.0271623
690.918	0.0275285
691.053	0.0282
691.188	0.0278337
691.323	0.0275285
691.457	0.0273454
691.592	0.028322
691.727	0.0280779
691.862	0.0273454
691.997	0.0275896
692.132	0.0271623
692.266	0.0274065
692.401	0.0273454
692.536	0.0270402
692.671	0.0274065
692.806	0.0269181
692.941	0.0285662
693.075	0.026735
693.21	0.0272844
693.345	0.0277117
693.48	0.0271623
693.615	0.0267961
693.75	0.0272844
693.885	0.0272844
694.019	0.0273454
694.154	0.0273454
694.289	0.028261
694.424	0.0272844
694.559	0.028261
694.694	0.0277117
694.828	0.0281389
694.963	0.0272233
695.098	0.0272233
695.233	0.0280779
695.368	0.0277117
695.503	0.0272844
695.637	0.0277727
695.772	0.0274065
695.907	0.0273454
696.042	0.026613
696.177	0.0274675
696.312	0.0273454
696.446	0.0267961
696.581	0.0269181
696.716	0.028261
696.851	0.0277727
696.986	0.0275896
697.12	0.0273454
697.255	0.0271013
697.39	0.0277727
697.525	0.0274675
697.66	0.0280779
697.795	0.0275285
697.929	0.0277117
698.064	0.0276506
698.199	0.026674
698.334	0.028322
698.469	0.0275896
698.604	0.0284441
698.738	0.0275285
698.873	0.0278948
699.008	0.0279558
699.143	0.0275285
699.278	0.0277117
699.412	0.0270402
699.547	0.0280168
699.682	0.0270402
699.817	0.028261
699.952	0.0270402
700.087	0.0271013
700.221	0.0274065
700.356	0.0278948
700.491	0.0271623
700.626	0.0269181
700.761	0.0280779
700.895	0.0278948
701.03	0.0270402
701.165	0.028261
701.3	0.0277727
701.435	0.0274065
701.57	0.0274065
701.704	0.0267961
701.839	0.0281389
701.974	0.0274675
702.109	0.0277727
702.244	0.028261
702.378	0.0271013
702.513	0.0275896
702.648	0.0268571
702.783	0.0282
702.918	0.0275896
703.052	0.0272844
703.187	0.0280168
703.322	0.0275285
703.457	0.0275896
703.592	0.0277117
703.727	0.0277727
703.861	0.0270402
703.996	0.0271013
704.131	0.0274675
704.266	0.0276506
704.401	0.0275285
704.535	0.0274675
704.67	0.028261
704.805	0.0282
704.94	0.0272233
705.075	0.0277727
705.209	0.0273454
705.344	0.0270402
705.479	0.0270402
705.614	0.0268571
705.749	0.0271013
705.883	0.0274065
706.018	0.0278948
706.153	0.0277727
706.288	0.0280779
706.423	0.0278948
706.557	0.0272233
706.692	0.0273454
706.827	0.0277727
706.962	0.026674
707.097	0.0274065
707.231	0.0273454
707.366	0.0276506
707.501	0.0275285
707.636	0.0280168
707.771	0.0277117
707.905	0.0273454
708.04	0.0274675
708.175	0.0277117
708.31	0.026674
708.445	0.0285052
708.579	0.0280779
708.714	0.0275896
708.849	0.0277727
708.984	0.0277727
709.118	0.0268571
709.253	0.0273454
709.388	0.0270402
709.523	0.0283831
709.658	0.0267961
709.792	0.0278948
709.927	0.0282
710.062	0.0278337
710.197	0.0269792
710.332	0.0274065
710.466	0.0272233
710.601	0.0268571
710.736	0.0278337
710.871	0.0277727
711.006	0.0277727
711.14	0.026674
711.275	0.0278948
711.41	0.0271623
711.545	0.0278337
711.679	0.0275285
711.814	0.0274675
711.949	0.0271623
712.084	0.0271013
712.219	0.0269792
712.353	0.0275285
712.488	0.026674
712.623	0.0269792
712.758	0.0270402
712.892	0.0271623
713.027	0.0273454
713.162	0.0264909
713.297	0.0272844
713.432	0.0279558
713.566	0.026735
713.701	0.0274675
713.836	0.026735
713.971	0.0278948
714.105	0.0277117
714.24	0.0268571
714.375	0.0272233
714.51	0.0270402
714.645	0.0269792
714.779	0.0278948
714.914	0.0274065
715.049	0.0275896
715.184	0.0270402
715.318	0.0264298
715.453	0.0278337
715.588	0.0275896
715.723	0.0273454
715.858	0.0273454
715.992	0.0271623
716.127	0.0278948
716.262	0.0268571
716.397	0.0275285
716.531	0.0274675
716.666	0.028322
716.801	0.0274675
716.936	0.0274675
717.07	0.0283831
717.205	0.0273454
717.34	0.0286272
717.475	0.0280168
717.61	0.026613
717.744	0.0277117
717.879	0.026613
718.014	0.0277727
718.149	0.0278337
718.283	0.0284441
718.418	0.0283831
718.553	0.0269792
718.688	0.0269181
718.822	0.0284441
718.957	0.0278337
719.092	0.0272233
719.227	0.0277117
719.361	0.0274065
719.496	0.0270402
719.631	0.0279558
719.766	0.0277117
719.9	0.0275285
720.035	0.026613
720.17	0.0274065
720.305	0.0274675
720.44	0.0275285
720.574	0.0273454
720.709	0.0278948
720.844	0.0281389
720.979	0.0282
721.113	0.0283831
721.248	0.0277117
721.383	0.0271623
721.518	0.0274675
721.652	0.0275896
721.787	0.0277727
721.922	0.0279558
722.057	0.0271623
722.191	0.0269792
722.326	0.0272844
722.461	0.0274065
722.596	0.0282
722.73	0.0275285
722.865	0.0285052
723	0.0280779
723.135	0.0277117
723.269	0.0272844
723.404	0.0280168
723.539	0.0272233
723.674	0.0272233
723.808	0.0267961
723.943	0.0277117
724.078	0.0276506
724.213	0.0277117
724.347	0.0275285
724.482	0.0270402
724.617	0.0282
724.752	0.0280168
724.886	0.0269181
725.021	0.0272233
725.156	0.0282
725.291	0.0272233
725.425	0.026735
725.56	0.0280779
725.695	0.0275896
725.829	0.0272844
725.964	0.026735
726.099	0.0288714
726.234	0.028322
726.368	0.0275285
726.503	0.0271013
726.638	0.0268571
726.773	0.026735
726.907	0.0274065
727.042	0.0269181
727.177	0.0272233
727.312	0.0280168
727.446	0.0285052
727.581	0.0277117
727.716	0.0272844
727.851	0.0276506
727.985	0.0271013
728.12	0.0281389
728.255	0.026613
728.389	0.0274675
728.524	0.0274675
728.659	0.0268571
728.794	0.0281389
728.928	0.0279558
729.063	0.0269792
729.198	0.0277117
729.333	0.0275896
729.467	0.0273454
729.602	0.0280168
729.737	0.0281389
729.872	0.0274065
730.006	0.0272844
730.141	0.0269181
730.276	0.0278337
730.41	0.0269181
730.545	0.0277727
730.68	0.0272233
730.815	0.0274675
730.949	0.0280168
731.084	0.0271623
731.219	0.0278337
731.354	0.0278948
731.488	0.0277727
731.623	0.0272233
731.758	0.0278337
731.892	0.028322
732.027	0.0279558
732.162	0.0274065
732.297	0.0270402
732.431	0.0265519
732.566	0.0282
732.701	0.0269181
732.835	0.0277117
732.97	0.0268571
733.105	0.0272233
733.24	0.026674
733.374	0.0275896
733.509	0.0269181
733.644	0.0271623
733.779	0.0279558
733.913	0.0277117
734.048	0.0275285
734.183	0.0277727
734.317	0.0277117
734.452	0.028261
734.587	0.0282
734.722	0.0275285
734.856	0.0269181
734.991	0.0271013
735.126	0.0275896
735.26	0.0276506
735.395	0.0275285
735.53	0.0273454
735.665	0.0279558
735.799	0.0272233
735.934	0.0272233
736.069	0.0279558
736.203	0.0273454
736.338	0.0288714
736.473	0.0277727
736.607	0.0278337
736.742	0.0275285
736.877	0.0275285
737.012	0.0277117
737.146	0.0273454
737.281	0.0270402
737.416	0.0269792
737.55	0.0275896
737.685	0.0277117
737.82	0.0278948
737.955	0.0275896
738.089	0.0272844
738.224	0.0275896
738.359	0.0276506
738.493	0.0277727
738.628	0.0285662
738.763	0.0280168
738.897	0.0280168
739.032	0.0285662
739.167	0.0275285
739.302	0.0284441
739.436	0.0272844
739.571	0.0276506
739.706	0.0274675
739.84	0.0275285
739.975	0.0278948
740.11	0.0277117
740.244	0.0277117
740.379	0.0275285
740.514	0.0278948
740.649	0.0272844
740.783	0.0269792
740.918	0.0274675
741.053	0.0272844
741.187	0.0273454
741.322	0.0285052
741.457	0.028261
741.591	0.0280779
741.726	0.0277727
741.861	0.0272844
741.996	0.0269181
742.13	0.0280779
742.265	0.0272233
742.4	0.0274675
742.534	0.0280168
742.669	0.0272233
742.804	0.0271623
742.938	0.0277727
743.073	0.0272844
743.208	0.0267961
743.342	0.0278337
743.477	0.0272233
743.612	0.0277727
743.747	0.028261
743.881	0.0277117
744.016	0.0275285
744.151	0.0271623
744.285	0.0278337
744.42	0.0272233
744.555	0.0263688
744.689	0.0267961
744.824	0.0275896
744.959	0.0281389
745.093	0.0277727
745.228	0.0277727
745.363	0.0274675
745.497	0.0275285
745.632	0.0274675
745.767	0.0280779
745.901	0.0276506
746.036	0.028261
746.171	0.0274065
746.305	0.0277727
746.44	0.0272233
746.575	0.0277117
746.71	0.0279558
746.844	0.0280779
746.979	0.0273454
747.114	0.0268571
747.248	0.0276506
747.383	0.0283831
747.518	0.0272233
747.652	0.0274065
747.787	0.0263688
747.922	0.0283831
748.056	0.0277117
748.191	0.0274065
748.326	0.0280779
748.46	0.0275896
748.595	0.0275285
748.73	0.0274675
748.864	0.0274065
748.999	0.0268571
749.134	0.0275285
749.268	0.0279558
749.403	0.0280779
749.538	0.0280168
749.672	0.0267961
749.807	0.028322
749.942	0.0278337
750.076	0.0281389
750.211	0.0274675
750.346	0.0275896
750.48	0.0269181
750.615	0.0272844
750.75	0.0272233
750.884	0.028261
751.019	0.0280779
751.154	0.0272844
751.288	0.0275896
751.423	0.0273454
751.558	0.0272844
751.692	0.0271013
751.827	0.0271013
751.962	0.0277117
752.096	0.026613
752.231	0.0275896
752.366	0.0276506
752.5	0.0261246
752.635	0.0271013
752.77	0.0275896
752.904	0.0280779
753.039	0.0277727
753.174	0.0270402
753.308	0.0278948
753.443	0.0274675
753.578	0.026735
753.712	0.0276506
753.847	0.0274065
753.982	0.0283831
754.116	0.0270402
754.251	0.0268571
754.386	0.0280168
754.52	0.0274065
754.655	0.0271623
754.79	0.0274065
754.924	0.0269792
755.059	0.0275896
755.194	0.0270402
755.328	0.0273454
755.463	0.028261
755.597	0.0270402
755.732	0.0284441
755.867	0.0270402
756.001	0.0277727
756.136	0.0278948
756.271	0.0269181
756.405	0.0276506
756.54	0.0278948
756.675	0.0277727
756.809	0.0263078
756.944	0.0275285
757.079	0.0274675
757.213	0.0272844
757.348	0.0269181
757.483	0.0275285
757.617	0.0277727
757.752	0.026613
757.887	0.0275285
758.021	0.0282
758.156	0.0271623
758.29	0.0282
758.425	0.0272844
758.56	0.026735
758.694	0.028261
758.829	0.0271623
758.964	0.0280779
759.098	0.0271623
759.233	0.0275285
759.368	0.0277117
759.502	0.0280168
759.637	0.0271623
759.772	0.0284441
759.906	0.0269181
760.041	0.0271623
760.175	0.0269792
760.31	0.0272233
760.445	0.0277117
760.579	0.0278337
760.714	0.0275285
760.849	0.026735
760.983	0.0276506
761.118	0.0268571
761.253	0.0272233
761.387	0.0279558
761.522	0.0275285
761.656	0.0277727
761.791	0.0272844
761.926	0.0272233
762.06	0.0274675
762.195	0.0278948
762.33	0.0279558
762.464	0.0275896
762.599	0.0275285
762.733	0.0271013
762.868	0.0273454
763.003	0.028261
763.137	0.0274675
763.272	0.0281389
763.407	0.0274065
763.541	0.0271013
763.676	0.0275285
763.811	0.0271623
763.945	0.0273454
764.08	0.0270402
764.214	0.0278337
764.349	0.0272233
764.484	0.0274065
764.618	0.0279558
764.753	0.0271623
764.888	0.0273454
765.022	0.0272844
765.157	0.0272844
765.291	0.0279558
765.426	0.0268571
765.561	0.0286272
765.695	0.0277117
765.83	0.0273454
765.965	0.0275896
766.099	0.0272844
766.234	0.0269181
766.368	0.0278948
766.503	0.0277727
766.638	0.0274065
766.772	0.0274675
766.907	0.0275896
767.041	0.0277117
767.176	0.0278337
767.311	0.0271623
767.445	0.0275896
767.58	0.0280779
767.715	0.0273454
767.849	0.0270402
767.984	0.0280168
768.118	0.0268571
768.253	0.0272233
768.388	0.0277117
768.522	0.026735
768.657	0.0277117
768.791	0.0272233
768.926	0.0275285
769.061	0.0272233
769.195	0.0283831
769.33	0.0277117
769.465	0.0275896
769.599	0.0278337
769.734	0.0280779
769.868	0.0274065
770.003	0.0270402
770.138	0.0275896
770.272	0.0278948
770.407	0.0273454
770.541	0.0272233
770.676	0.0273454
770.811	0.0263688
770.945	0.0274065
771.08	0.0288714
771.214	0.0275896
771.349	0.0277727
771.484	0.0269792
771.618	0.028261
771.753	0.0275285
771.887	0.0272233
772.022	0.0275896
772.157	0.0278948
772.291	0.0261857
772.426	0.0276506
772.56	0.0276506
772.695	0.0271623
772.83	0.0272844
772.964	0.026735
773.099	0.0280168
773.233	0.028322
773.368	0.0274675
773.503	0.0274065
773.637	0.0274065
773.772	0.0278337
773.906	0.0286272
774.041	0.0273454
774.176	0.0275285
774.31	0.0270402
774.445	0.0272844
774.579	0.0276506
774.714	0.0281389
774.849	0.028261
774.983	0.0272233
775.118	0.0274675
775.252	0.0272233
775.387	0.0271013
775.522	0.0274675
775.656	0.0278948
775.791	0.0274065
775.925	0.026735
776.06	0.026674
776.195	0.0281389
776.329	0.0274675
776.464	0.0269181
776.598	0.0263078
776.733	0.0280168
776.868	0.0281389
777.002	0.0276506
777.137	0.0278337
777.271	0.0274675
777.406	0.0278948
777.54	0.0276506
777.675	0.0277727
777.81	0.0275285
777.944	0.0265519
778.079	0.0271623
778.213	0.0277727
778.348	0.0282
778.483	0.0263078
778.617	0.0272233
778.752	0.0275896
778.886	0.0278948
779.021	0.0278948
779.155	0.0288104
779.29	0.028261
779.425	0.0280168
779.559	0.0274065
779.694	0.0274675
779.828	0.0275285
779.963	0.0269181
780.098	0.0276506
780.232	0.0281389
780.367	0.0278948
780.501	0.0280168
780.636	0.0268571
780.77	0.0278337
780.905	0.0281389
781.04	0.0264909
781.174	0.0285052
781.309	0.0271013
781.443	0.0285052
781.578	0.0271623
781.712	0.0277727
781.847	0.0277117
781.982	0.0276506
782.116	0.0275896
782.251	0.0271623
782.385	0.026613
782.52	0.0281389
782.654	0.0280779
782.789	0.0275285
782.924	0.0276506
783.058	0.0270402
783.193	0.0282
783.327	0.0271013
783.462	0.0269792
783.596	0.0268571
783.731	0.028322
783.866	0.0277727
784	0.0275896
784.135	0.0274065
784.269	0.0270402
784.404	0.0278337
784.538	0.0275285
784.673	0.0280779
784.808	0.0271013
784.942	0.0272233
785.077	0.0277117
785.211	0.0282
785.346	0.0278337
785.48	0.0277727
785.615	0.0271623
785.75	0.0271623
785.884	0.0269792
786.019	0.0277727
786.153	0.0283831
786.288	0.0275896
786.422	0.0274065
786.557	0.0275896
786.691	0.0269181
786.826	0.0269792
786.961	0.0276506
787.095	0.0282
787.23	0.0277117
787.364	0.0272233
787.499	0.0273454
787.633	0.0264909
787.768	0.0275896
787.902	0.0280168
788.037	0.0277117
788.172	0.0283831
788.306	0.0279558
788.441	0.0278337
788.575	0.0273454
788.71	0.0278337
788.844	0.0275285
788.979	0.0269181
789.113	0.0275896
789.248	0.0277727
789.383	0.0271623
789.517	0.0278948
789.652	0.0276506
789.786	0.0280779
789.921	0.0271013
790.055	0.0269792
790.19	0.0275896
790.324	0.0273454
790.459	0.0271623
790.594	0.0271623
790.728	0.0283831
790.863	0.0274065
790.997	0.0271013
791.132	0.0277117
791.266	0.028322
791.401	0.0272233
791.535	0.0282
791.67	0.0275285
791.804	0.0280779
791.939	0.0272233
792.074	0.0275285
792.208	0.0272844
792.343	0.0268571
792.477	0.0283831
792.612	0.0277117
792.746	0.0268571
792.881	0.0278948
793.015	0.0277727
793.15	0.0274065
793.284	0.0277727
793.419	0.0272233
793.553	0.0276506
793.688	0.0275285
793.823	0.0278948
793.957	0.0277727
794.092	0.0275896
794.226	0.0275896
794.361	0.0276506
794.495	0.0276506
794.63	0.0269181
794.764	0.0280168
794.899	0.0282
795.033	0.0278948
795.168	0.0274675
795.302	0.0274675
795.437	0.0269181
795.572	0.0272233
795.706	0.0274065
795.841	0.0274065
795.975	0.0271623
796.11	0.0275285
796.244	0.0275285
796.379	0.026613
796.513	0.0280779
796.648	0.0279558
796.782	0.0272233
796.917	0.0273454
797.051	0.0284441
797.186	0.0287493
797.32	0.0275285
797.455	0.0275896
797.589	0.0284441
797.724	0.0272233
797.859	0.0274065
797.993	0.0275896
798.128	0.0274065
798.262	0.0269181
798.397	0.0272233
798.531	0.028322
798.666	0.0280168
798.8	0.0285052
798.935	0.0283831
799.069	0.0278337
799.204	0.0292987
799.338	0.0286272
799.473	0.0280779
799.607	0.0287493
799.742	0.0281389
799.876	0.0285662
800.011	0.0280168
800.145	0.0275285
800.28	0.028322
800.414	0.0285662
800.549	0.0282
800.683	0.028322
800.818	0.0286272
800.953	0.0278337
801.087	0.0286272
801.222	0.0274675
801.356	0.0280779
801.491	0.0273454
801.625	0.0285052
801.76	0.0290545
801.894	0.028261
802.029	0.0284441
802.163	0.028261
802.298	0.0287493
802.432	0.0287493
802.567	0.0286883
802.701	0.0284441
802.836	0.0301532
802.97	0.0286272
803.105	0.0286272
803.239	0.0285052
803.374	0.0288714
803.508	0.0289935
803.643	0.0291766
803.777	0.0294207
803.912	0.0300311
804.046	0.029787
804.181	0.029848
804.315	0.0294818
804.45	0.0296649
804.584	0.0292987
804.719	0.0302142
804.853	0.0303974
804.988	0.0308246
805.122	0.0310688
805.257	0.0287493
805.391	0.0315571
805.526	0.0307026
805.66	0.0309467
805.795	0.031374
805.929	0.0321675
806.064	0.0323506
806.198	0.0320454
806.333	0.0323506
806.467	0.0322896
806.602	0.032961
806.736	0.0334493
806.871	0.0340597
807.005	0.0338155
807.14	0.0353415
807.274	0.0349753
807.409	0.0366233
807.543	0.037722
807.678	0.0378441
807.812	0.0388207
807.947	0.0405909
808.081	0.0425441
808.216	0.0441311
808.35	0.0451077
808.485	0.0474883
808.619	0.050174
808.754	0.0523714
808.888	0.137948
809.023	0.217543
809.157	1
809.292	1
809.426	1
809.561	1
809.695	1
809.83	1
809.964	1
810.099	1
810.233	1
810.368	1
810.502	1
810.637	1
810.771	1
810.906	0.995971
811.04	0.997803
811.175	0.992065
811.309	0.991271
811.444	0.983703
811.578	0.982909
811.713	0.974852
811.847	0.964842
811.982	0.95477
812.116	0.418605
812.251	0.144296
812.385	0.0703778
812.519	0.0490142
812.654	0.0466947
812.788	0.0427883
812.923	0.0416285
813.057	0.0397974
813.192	0.0374779
813.326	0.0379051
813.461	0.0363181
813.595	0.0350363
813.73	0.0347922
813.864	0.0352805
813.999	0.0343649
814.133	0.0343649
814.268	0.0333883
814.402	0.0324727
814.537	0.0326558
814.671	0.0320454
814.806	0.0308246
814.94	0.0315571
815.075	0.0320454
815.209	0.0315571
815.344	0.0316181
815.478	0.0307636
815.612	0.0319233
815.747	0.0310688
815.881	0.0303974
816.016	0.0310688
816.15	0.0307636
816.285	0.0311298
816.419	0.0304584
816.554	0.0294818
816.688	0.0292376
816.823	0.0304584
816.957	0.0286883
817.092	0.0286272
817.226	0.0292987
817.361	0.0285662
817.495	0.0278337
817.63	0.0289935
817.764	0.0288714
817.898	0.0289935
818.033	0.0281389
818.167	0.0283831
818.302	0.0283831
818.436	0.0292987
818.571	0.0277117
818.705	0.0296649
818.84	0.0280779
818.974	0.0278948
819.109	0.0287493
819.243	0.0294818
819.378	0.0274065
819.512	0.028261
819.646	0.0288714
819.781	0.0278337
819.915	0.0280779
820.05	0.0277727
820.184	0.0275896
820.319	0.0286272
820.453	0.0283831
820.588	0.0280168
820.722	0.0279558
820.857	0.0279558
820.991	0.0278948
821.126	0.028322
821.26	0.0279558
821.394	0.0287493
821.529	0.028261
821.663	0.0280168
821.798	0.0285662
821.932	0.0277727
822.067	0.0279558
822.201	0.0287493
822.336	0.0282
822.47	0.0277117
822.605	0.0280168
822.739	0.0284441
822.873	0.0285662
823.008	0.028261
823.142	0.0268571
823.277	0.0280779
823.411	0.0285052
823.546	0.0280779
823.68	0.0277117
823.815	0.0277117
823.949	0.0269181
824.083	0.0274675
824.218	0.0274675
824.352	0.0276506
824.487	0.0275285
824.621	0.0272233
824.756	0.0281389
824.89	0.0289324
825.025	0.0285052
825.159	0.0270402
825.293	0.0270402
825.428	0.0278948
825.562	0.026674
825.697	0.0273454
825.831	0.0280168
825.966	0.0275896
826.1	0.0279558
826.235	0.0280168
826.369	0.0275285
826.503	0.0279558
826.638	0.0277117
826.772	0.0278337
826.907	0.0269792
827.041	0.0269792
827.176	0.0273454
827.31	0.0281389
827.445	0.028261
827.579	0.0277117
827.713	0.0281389
827.848	0.0277117
827.982	0.0275896
828.117	0.0271623
828.251	0.0277727
828.386	0.0281389
828.52	0.0271013
828.654	0.0267961
828.789	0.028261
828.923	0.0272844
829.058	0.0277727
829.192	0.0274065
829.327	0.0271623
829.461	0.0269181
829.596	0.0272233
829.73	0.0274675
829.864	0.0279558
829.999	0.0277727
830.133	0.0274675
830.268	0.0280168
830.402	0.026735
830.537	0.0273454
830.671	0.0269181
830.805	0.0277117
830.94	0.0267961
831.074	0.028261
831.209	0.0267961
831.343	0.0282
831.478	0.0271013
831.612	0.0278337
831.746	0.0283831
831.881	0.0275285
832.015	0.0269792
832.15	0.0272844
832.284	0.0269792
832.418	0.0275285
832.553	0.0275896
832.687	0.0277117
832.822	0.0281389
832.956	0.0280168
833.091	0.0279558
833.225	0.0277117
833.359	0.0277727
833.494	0.0280168
833.628	0.0283831
833.763	0.0272844
833.897	0.0280168
834.032	0.0278948
834.166	0.0275896
834.3	0.0276506
834.435	0.0268571
834.569	0.0283831
834.704	0.0277727
834.838	0.0273454
834.972	0.0273454
835.107	0.0282
835.241	0.0275285
835.376	0.0269181
835.51	0.0272233
835.645	0.0278337
835.779	0.0270402
835.913	0.0277117
836.048	0.0264909
836.182	0.0277727
836.317	0.0277727
836.451	0.0280168
836.585	0.0272233
836.72	0.0280168
836.854	0.026735
836.989	0.0278337
837.123	0.0280168
837.257	0.0274065
837.392	0.028261
837.526	0.0281389
837.661	0.0274065
837.795	0.0280168
837.929	0.0274675
838.064	0.0275896
838.198	0.0274065
838.333	0.0278948
838.467	0.0265519
838.602	0.028261
838.736	0.026735
838.87	0.0277727
839.005	0.0280779
839.139	0.0272844
839.274	0.0270402
839.408	0.0276506
839.542	0.0273454
839.677	0.0275896
839.811	0.0277117
839.946	0.0272844
840.08	0.0272233
840.214	0.0279558
840.349	0.0273454
840.483	0.0269792
840.618	0.0275896
840.752	0.0278337
840.886	0.026735
841.021	0.028322
841.155	0.0274065
841.29	0.0272844
841.424	0.0269792
841.558	0.0276506
841.693	0.0274675
841.827	0.0273454
841.961	0.0280168
842.096	0.0277727
842.23	0.0272233
842.365	0.0277117
842.499	0.0278948
842.633	0.0277727
842.768	0.026613
842.902	0.0277727
843.037	0.0281389
843.171	0.0278948
843.305	0.0275285
843.44	0.0279558
843.574	0.0280168
843.709	0.0274675
843.843	0.0269792
843.977	0.0269792
844.112	0.0278337
844.246	0.0272844
844.381	0.0270402
844.515	0.028261
844.649	0.0271013
844.784	0.0275285
844.918	0.0268571
845.052	0.0272844
845.187	0.0277727
845.321	0.0272233
845.456	0.0279558
845.59	0.0278337
845.724	0.0277117
845.859	0.0280168
845.993	0.0279558
846.128	0.0270402
846.262	0.0275285
846.396	0.0267961
846.531	0.0274065
846.665	0.0273454
846.799	0.0280168
846.934	0.0280168
847.068	0.0272844
847.203	0.0261857
847.337	0.0277727
847.471	0.0277117
847.606	0.0268571
847.74	0.0273454
847.874	0.0277727
848.009	0.0278337
848.143	0.0279558
848.278	0.0277117
848.412	0.0279558
848.546	0.0265519
848.681	0.0272844
848.815	0.0268571
848.949	0.0275285
849.084	0.028322
849.218	0.026735
849.353	0.0269792
849.487	0.0278948
849.621	0.0286272
849.756	0.0278337
849.89	0.0272844
850.024	0.0274065
850.159	0.0267961
850.293	0.0269792
850.428	0.0274675
850.562	0.0280168
850.696	0.0282
850.831	0.0274065
850.965	0.0273454
851.099	0.0275285
851.234	0.0274065
851.368	0.0278948
851.502	0.0275285
851.637	0.0276506
851.771	0.0272233
851.906	0.0279558
852.04	0.0272233
852.174	0.0272233
852.309	0.0272233
852.443	0.0272844
852.577	0.0277727
852.712	0.0271013
852.846	0.028261
852.98	0.0280168
853.115	0.0278337
853.249	0.0274065
853.384	0.0269792
853.518	0.0271623
853.652	0.0277727
853.787	0.0275896
853.921	0.0276506
854.055	0.0280168
854.19	0.0275896
854.324	0.0278337
854.458	0.0274675
854.593	0.0269792
854.727	0.0273454
854.861	0.0271013
854.996	0.0285052
855.13	0.0277117
855.265	0.0272233
855.399	0.0278337
855.533	0.0275285
855.668	0.0274065
855.802	0.0278337
855.936	0.0276506
856.071	0.0271623
856.205	0.0271623
856.339	0.0274675
856.474	0.0286272
856.608	0.0280168
856.742	0.0269181
856.877	0.0274675
857.011	0.0272233
857.145	0.0269792
857.28	0.0275285
857.414	0.0276506
857.549	0.0274675
857.683	0.028322
857.817	0.0272844
857.952	0.0268571
858.086	0.0271013
858.22	0.0275285
858.355	0.0275285
858.489	0.0271013
858.623	0.0277117
858.758	0.0264298
858.892	0.0275896
859.026	0.0273454
859.161	0.0274065
859.295	0.0269792
859.429	0.0278337
859.564	0.0272844
859.698	0.0265519
859.832	0.0271013
859.967	0.0278948
860.101	0.0274065
860.235	0.0269792
860.37	0.0271623
860.504	0.0281389
860.638	0.0276506
860.773	0.0271013
860.907	0.0278948
861.041	0.0268571
861.176	0.0271623
861.31	0.0277727
861.444	0.0276506
861.579	0.0277727
861.713	0.0273454
861.847	0.0274065
861.982	0.0283831
862.116	0.0269181
862.25	0.0277117
862.385	0.028261
862.519	0.0271623
862.653	0.0278948
862.788	0.0277117
862.922	0.0274065
863.056	0.0281389
863.191	0.026674
863.325	0.0276506
863.459	0.0279558
863.594	0.0274675
863.728	0.0275896
863.862	0.0269181
863.997	0.0273454
864.131	0.0272233
864.265	0.0274675
864.4	0.0270402
864.534	0.0272233
864.668	0.0271013
864.803	0.0270402
864.937	0.0277117
865.071	0.0276506
865.206	0.0275285
865.34	0.0276506
865.474	0.026674
865.609	0.0272844
865.743	0.026735
865.877	0.028322
866.012	0.0267961
866.146	0.026674
866.28	0.0277727
866.415	0.0272233
866.549	0.0285052
866.683	0.0270402
866.818	0.0276506
866.952	0.0275896
867.086	0.026735
867.221	0.0275896
867.355	0.026735
867.489	0.0274065
867.623	0.0282
867.758	0.0278948
867.892	0.0278337
868.026	0.0272233
868.161	0.0288104
868.295	0.0281389
868.429	0.0272844
868.564	0.0280168
868.698	0.0279558
868.832	0.0275896
868.967	0.028322
869.101	0.0285662
869.235	0.0277727
869.37	0.0276506
869.504	0.0270402
869.638	0.026613
869.773	0.0271013
869.907	0.0278948
870.041	0.0277117
870.175	0.0280168
870.31	0.0280779
870.444	0.0278337
870.578	0.0268571
870.713	0.0277117
870.847	0.0269792
870.981	0.0277117
871.116	0.0276506
871.25	0.0277117
871.384	0.0272233
871.519	0.0278948
871.653	0.0267961
871.787	0.0279558
871.921	0.0277727
872.056	0.0275285
872.19	0.0267961
872.324	0.0274675
872.459	0.0272233
872.593	0.0264298
872.727	0.0274675
872.862	0.0282
872.996	0.0273454
873.13	0.0277117
873.264	0.0271013
873.399	0.0281389
873.533	0.0275896
873.667	0.0271623
873.802	0.0275896
873.936	0.0271623
874.07	0.0275896
874.205	0.0271623
874.339	0.0273454
874.473	0.026674
874.607	0.0276506
874.742	0.0269792
874.876	0.0276506
875.01	0.0269181
875.145	0.0268571
875.279	0.0280168
875.413	0.0275285
875.548	0.0278337
875.682	0.0283831
875.816	0.0277727
875.95	0.0279558
876.085	0.0275285
876.219	0.0279558
876.353	0.028261
876.488	0.0269181
876.622	0.0274065
876.756	0.0278337
876.89	0.0278948
877.025	0.0274065
877.159	0.026735
877.293	0.0269792
877.428	0.0274065
877.562	0.0274675
877.696	0.0286272
877.83	0.028261
877.965	0.0269792
878.099	0.0276506
878.233	0.0277727
878.368	0.0278948
878.502	0.0277117
878.636	0.0272233
878.77	0.0276506
878.905	0.0278948
879.039	0.0277117
879.173	0.0279558
879.308	0.0277117
879.442	0.0280779
879.576	0.0275285
879.71	0.0279558
879.845	0.0275285
879.979	0.0271013
880.113	0.0278948
880.248	0.0280779
880.382	0.0272233
880.516	0.0275285
880.65	0.0273454
880.785	0.0279558
880.919	0.0280168
881.053	0.0271623
881.188	0.0279558
881.322	0.0271623
881.456	0.028261
881.59	0.0277117
881.725	0.0275285
881.859	0.0277117
881.993	0.0270402
882.127	0.0276506
882.262	0.0272844
882.396	0.0275285
882.53	0.0274065
882.665	0.0275896
882.799	0.0271013
882.933	0.0278948
883.067	0.0275285
883.202	0.0274065
883.336	0.0278337
883.47	0.0285662
883.604	0.0286883
883.739	0.0269792
883.873	0.0268571
884.007	0.0272233
884.142	0.0280168
884.276	0.026674
884.41	0.0279558
884.544	0.0280168
884.679	0.0276506
884.813	0.0279558
884.947	0.0272233
885.081	0.0278337
885.216	0.0271623
885.35	0.0279558
885.484	0.0281389
885.618	0.0274065
885.753	0.0274065
885.887	0.0278337
886.021	0.0269181
886.155	0.0280168
886.29	0.0271013
886.424	0.0277117
886.558	0.0272233
886.693	0.0280168
886.827	0.0271013
886.961	0.0278337
887.095	0.0280168
887.23	0.0274065
887.364	0.0267961
887.498	0.0272844
887.632	0.0274675
887.767	0.028261
887.901	0.0272844
888.035	0.0271013
888.169	0.0271013
888.304	0.0269792
888.438	0.0272844
888.572	0.0270402
888.706	0.0275896
888.841	0.0264909
888.975	0.0271013
889.109	0.0284441
889.243	0.0272233
889.378	0.0273454
889.512	0.0274675
889.646	0.0272233
889.78	0.0278948
889.915	0.0270402
890.049	0.0274675
890.183	0.0274065
890.317	0.0272233
890.452	0.028322
890.586	0.0271013
890.72	0.0274065
890.854	0.0280779
890.989	0.0274065
891.123	0.0271623
891.257	0.0274675
891.391	0.0272844
891.526	0.0272844
891.66	0.0281389
891.794	0.0274065
891.928	0.0275896
892.063	0.0284441
892.197	0.0272233
892.331	0.0277727
892.465	0.0273454
892.6	0.0269792
892.734	0.0274675
892.868	0.0269181
893.002	0.0270402
893.137	0.0268571
893.271	0.0280168
893.405	0.0268571
893.539	0.0264909
893.674	0.0272233
893.808	0.0269181
893.942	0.0271623
894.076	0.0276506
894.21	0.0278948
894.345	0.0269181
894.479	0.0274065
894.613	0.0281389
894.747	0.0275896
894.882	0.0274065
895.016	0.0274065
895.15	0.0275285
895.284	0.0278948
895.419	0.0276506
895.553	0.0273454
895.687	0.0275285
895.821	0.026735
895.956	0.0276506
896.09	0.0269792
896.224	0.0277727
896.358	0.0278337
896.492	0.0271623
896.627	0.0279558
896.761	0.0275896
896.895	0.0274065
897.029	0.0274675
897.164	0.0273454
897.298	0.0278337
897.432	0.0276506
897.566	0.0275896
897.701	0.0274675
897.835	0.0268571
897.969	0.0278948
898.103	0.0269792
898.237	0.0275285
898.372	0.0272233
898.506	0.0270402
898.64	0.0270402
898.774	0.0280779
898.909	0.0273454
899.043	0.0277727
899.177	0.0272844
899.311	0.0271013
899.445	0.0278337
899.58	0.0279558
899.714	0.0260026
899.848	0.0277117
899.982	0.0269792
900.117	0.0275896
900.251	0.0275896
900.385	0.0277727
900.519	0.0280168
900.653	0.0275285
900.788	0.0282
900.922	0.0280168
901.056	0.0269792
901.19	0.0280168
901.325	0.0280779
901.459	0.0282
901.593	0.0278337
901.727	0.0270402
901.861	0.0271013
901.996	0.0270402
902.13	0.0280168
902.264	0.0280779
902.398	0.0275285
902.532	0.0276506
902.667	0.0268571
902.801	0.0275285
902.935	0.0274675
903.069	0.0280779
903.204	0.0272844
903.338	0.0270402
903.472	0.0267961
903.606	0.0277727
903.74	0.0272233
903.875	0.0271623
904.009	0.0278948
904.143	0.0268571
904.277	0.0273454
904.411	0.0276506
904.546	0.0282
904.68	0.0271013
904.814	0.0287493
904.948	0.0274065
905.082	0.0269181
905.217	0.0271013
905.351	0.0270402
905.485	0.0277117
905.619	0.026735
905.753	0.0273454
905.888	0.0264298
906.022	0.0275285
906.156	0.0278337
906.29	0.0276506
906.424	0.0275285
906.559	0.0277727
906.693	0.0269792
906.827	0.0276506
906.961	0.0275896
907.095	0.0282
907.23	0.0279558
907.364	0.0274065
907.498	0.0271013
907.632	0.0277117
907.766	0.0270402
907.901	0.0270402
908.035	0.0272233
908.169	0.0279558
908.303	0.0275285
908.437	0.0274065
908.572	0.0275285
908.706	0.028261
908.84	0.026674
908.974	0.0274065
909.108	0.0272233
909.243	0.0272844
909.377	0.0273454
909.511	0.0269181
909.645	0.0276506
909.779	0.0274675
909.914	0.0269792
910.048	0.0274065
910.182	0.0274065
910.316	0.0274065
910.45	0.0271623
910.585	0.0275285
910.719	0.0269181
910.853	0.0275285
910.987	0.0270402
911.121	0.0278948
911.255	0.0270402
911.39	0.0284441
911.524	0.0277727
911.658	0.0272233
911.792	0.0277117
911.926	0.0276506
912.061	0.0273454
912.195	0.0269181
912.329	0.0282
912.463	0.0277117
912.597	0.0276506
912.732	0.0280168
912.866	0.0276506
913	0.0274065
913.134	0.0269181
913.268	0.0274675
913.402	0.026735
913.537	0.0275896
913.671	0.0273454
913.805	0.0272233
913.939	0.0282
914.073	0.0282
914.208	0.0279558
914.342	0.0276506
914.476	0.0275896
914.61	0.0275896
914.744	0.0274065
914.878	0.0276506
915.013	0.0275285
915.147	0.0272233
915.281	0.028322
915.415	0.026674
915.549	0.0265519
915.683	0.0273454
915.818	0.0278337
915.952	0.0271013
916.086	0.0275896
916.22	0.0274675
916.354	0.0278948
916.488	0.0273454
916.623	0.0275285
916.757	0.0274675
916.891	0.0277727
917.025	0.0279558
917.159	0.0271013
917.293	0.028322
917.428	0.0279558
917.562	0.0279558
917.696	0.0278337
917.83	0.0280779
917.964	0.0278948
918.098	0.0277727
918.233	0.0275285
918.367	0.0272844
918.501	0.0282
918.635	0.0278948
918.769	0.0273454
918.903	0.0274675
919.038	0.0272844
919.172	0.0272233
919.306	0.0270402
919.44	0.0275896
919.574	0.0277727
919.708	0.0272233
919.843	0.0275896
919.977	0.0273454
920.111	0.0269792
920.245	0.0270402
920.379	0.0280168
920.513	0.0269792
920.648	0.026674
920.782	0.0275285
920.916	0.0277117
921.05	0.0277117
921.184	0.0277117
921.318	0.0272844
921.453	0.0269181
921.587	0.0277117
921.721	0.026613
921.855	0.0278337
921.989	0.0275285
922.123	0.0269792
922.257	0.0279558
922.392	0.0274065
922.526	0.0272233
922.66	0.0286272
922.794	0.0281389
922.928	0.0269792
923.062	0.0273454
923.197	0.0272844
923.331	0.0273454
923.465	0.0275285
923.599	0.0278948
923.733	0.0272233
923.867	0.0287493
924.001	0.028322
924.136	0.0275896
924.27	0.0278948
924.404	0.0271013
924.538	0.0275896
924.672	0.0268571
924.806	0.0272844
924.94	0.0272233
925.075	0.0269181
925.209	0.0277727
925.343	0.026735
925.477	0.0274675
925.611	0.0278948
925.745	0.0276506
925.879	0.0278948
926.014	0.0274065
926.148	0.0273454
926.282	0.0272233
926.416	0.0272233
926.55	0.0270402
926.684	0.0273454
926.818	0.0277727
926.953	0.0272844
927.087	0.0274675
927.221	0.0274675
927.355	0.0281389
927.489	0.0277727
927.623	0.0271013
927.757	0.026613
927.892	0.0274675
928.026	0.0268571
928.16	0.0269181
928.294	0.0278337
928.428	0.0267961
928.562	0.0271623
928.696	0.0272844
928.831	0.0277727
928.965	0.0276506
929.099	0.0288104
929.233	0.0271623
929.367	0.0273454
929.501	0.0271013
929.635	0.0277117
929.769	0.0277117
929.904	0.0273454
930.038	0.0272844
930.172	0.0280168
930.306	0.0277727
930.44	0.0276506
930.574	0.0275896
930.708	0.0274675
930.843	0.0270402
930.977	0.0275285
931.111	0.0271623
931.245	0.0267961
931.379	0.0275896
931.513	0.0269792
931.647	0.0271013
931.781	0.0277117
931.916	0.0277117
932.05	0.0278337
932.184	0.0272844
932.318	0.0274675
932.452	0.0275285
932.586	0.0274675
932.72	0.0263688
932.854	0.0275896
932.989	0.0269181
933.123	0.0280779
933.257	0.026613
933.391	0.0269792
933.525	0.0275896
933.659	0.0277117
933.793	0.026613
933.927	0.0271623
934.061	0.0277117
934.196	0.0278337
934.33	0.0275896
934.464	0.0280168
934.598	0.0275285
934.732	0.0272844
934.866	0.0264298
935	0.0279558
935.134	0.0280168
935.269	0.0280779
935.403	0.0272844
935.537	0.0275896
935.671	0.0273454
935.805	0.0275896
935.939	0.0262467
936.073	0.0273454
936.207	0.0268571
936.341	0.0270402
936.476	0.0275896
936.61	0.0274065
936.744	0.0276506
936.878	0.0270402
937.012	0.0275285
937.146	0.0278337
937.28	0.026674
937.414	0.0273454
937.548	0.0278337
937.683	0.0288714
937.817	0.0276506
937.951	0.0272844
938.085	0.0276506
938.219	0.0275285
938.353	0.0269181
938.487	0.0275896
938.621	0.0271013
938.755	0.0273454
938.889	0.0263078
939.024	0.0269792
939.158	0.0267961
939.292	0.0275896
939.426	0.0263078
939.56	0.0269181
939.694	0.0280779
939.828	0.0274065
939.962	0.0274675
940.096	0.0275896
940.231	0.0270402
940.365	0.0271013
940.499	0.0270402
940.633	0.0275285
940.767	0.0280168
940.901	0.0278948
941.035	0.0277117
941.169	0.0274675
941.303	0.0276506
941.437	0.0283831
941.571	0.0282
941.706	0.0267961
941.84	0.0274675
941.974	0.0263078
942.108	0.0277727
942.242	0.028322
942.376	0.0271013
942.51	0.0280779
942.644	0.0272844
942.778	0.0273454
942.912	0.026613
943.047	0.0274675
943.181	0.0271623
943.315	0.0274675
943.449	0.0270402
943.583	0.028322
943.717	0.0277117
943.851	0.028261
943.985	0.0271013
944.119	0.0286272
944.253	0.0280779
944.387	0.0279558
944.522	0.0276506
944.656	0.0278948
944.79	0.0280168
944.924	0.0268571
945.058	0.0270402
945.192	0.0277727
945.326	0.0275285
945.46	0.0288104
945.594	0.0272233
945.728	0.0274675
945.862	0.0272844
945.996	0.0276506
946.131	0.0280168
946.265	0.0277117
946.399	0.0267961
946.533	0.0273454
946.667	0.0270402
946.801	0.0270402
946.935	0.0272233
947.069	0.0274065
947.203	0.0281389
947.337	0.028261
947.471	0.0272844
947.605	0.0267961
947.739	0.0270402
947.874	0.028261
948.008	0.0260026
948.142	0.0277727
948.276	0.0274675
948.41	0.0276506
948.544	0.0272233
948.678	0.0287493
948.812	0.0281389
948.946	0.0275896
949.08	0.0267961
949.214	0.0277117
949.348	0.0274675
949.482	0.0274675
949.617	0.0278948
949.751	0.0271013
949.885	0.0273454
950.019	0.0274065
950.153	0.0271623
950.287	0.0279558
950.421	0.0274675
950.555	0.0271623
950.689	0.0265519
950.823	0.0278337
950.957	0.0271013
951.091	0.0270402
951.225	0.0269792
951.359	0.0270402
951.493	0.0275896
951.628	0.0268571
951.762	0.0281389
951.896	0.0269792
952.03	0.026613
952.164	0.0272844
952.298	0.0270402
952.432	0.0261857
952.566	0.026674
952.7	0.0277117
952.834	0.0272844
952.968	0.0286883
953.102	0.0275896
953.236	0.0272844
953.37	0.0276506
953.504	0.0279558
953.639	0.026674
953.773	0.0272844
953.907	0.0267961
954.041	0.0270402
954.175	0.0271013
954.309	0.028261
954.443	0.0280779
954.577	0.0278337
954.711	0.0282
954.845	0.0272844
954.979	0.0280168
955.113	0.0280168
955.247	0.0280168
955.381	0.0275285
955.515	0.0271013
955.649	0.0273454
955.783	0.0280168
955.917	0.0274065
956.052	0.0271013
956.186	0.0282
956.32	0.0278337
956.454	0.0282
956.588	0.0285052
956.722	0.0270402
956.856	0.0272233
956.99	0.0279558
957.124	0.0278948
957.258	0.0277117
957.392	0.0275896
957.526	0.0268571
957.66	0.0280168
957.794	0.0276506
957.928	0.0276506
958.062	0.0277117
958.196	0.0277117
958.33	0.0272844
958.464	0.0275896
958.598	0.0277727
958.733	0.0273454
958.867	0.0273454
959.001	0.0271623
959.135	0.0269792
959.269	0.0271013
959.403	0.0275285
959.537	0.0269181
959.671	0.0275285
959.805	0.0272844
959.939	0.0275285
960.073	0.0277117
960.207	0.0273454
960.341	0.0274675
960.475	0.0282
960.609	0.0275896
960.743	0.0268571
960.877	0.0271013
961.011	0.0269181
961.145	0.0273454
961.279	0.0281389
961.413	0.0274065
961.547	0.0277117
961.681	0.0272233
961.815	0.0274065
961.949	0.0274065
962.083	0.0267961
962.218	0.0269792
962.352	0.0270402
962.486	0.0272233
962.62	0.026674
962.754	0.0274065
962.888	0.0275896
963.022	0.0274675
963.156	0.0271623
963.29	0.0278948
963.424	0.0272233
963.558	0.026674
963.692	0.026735
963.826	0.0281389
963.96	0.0277727
964.094	0.0276506
964.228	0.0280779
964.362	0.026735
964.496	0.0267961
964.63	0.0272233
964.764	0.0271013
964.898	0.0274675
965.032	0.0270402
965.166	0.026613
965.3	0.0277727
965.434	0.0275896
965.568	0.0273454
965.702	0.0282
965.836	0.0273454
965.97	0.0273454
966.104	0.026735
966.238	0.0269181
966.372	0.0270402
966.506	0.0276506
966.64	0.0268571
966.774	0.0278948
966.908	0.0277117
967.043	0.028261
967.177	0.0274065
967.311	0.0276506
967.445	0.0271013
967.579	0.0281389
967.713	0.0277727
967.847	0.0276506
967.981	0.0277117
968.115	0.0268571
968.249	0.0272233
968.383	0.0272233
968.517	0.0277727
968.651	0.0274675
968.785	0.0275285
968.919	0.0272844
969.053	0.0269181
969.187	0.0278337
969.321	0.0275285
969.455	0.0273454
969.589	0.0275285
969.723	0.0272844
969.857	0.0276506
969.991	0.0274675
970.125	0.0282
970.259	0.0275896
970.393	0.0276506
970.527	0.0277117
970.661	0.0285662
970.795	0.0275896
970.929	0.0275896
971.063	0.0278337
971.197	0.0273454
971.331	0.0271623
971.465	0.0284441
971.599	0.0269792
971.733	0.0268571
971.867	0.0270402
972.001	0.0273454
972.135	0.026674
972.269	0.0278337
972.403	0.0272233
972.537	0.0279558
972.671	0.0272233
972.805	0.0275285
972.939	0.0269792
973.073	0.0269181
973.207	0.0279558
973.341	0.0283831
973.475	0.0278337
973.609	0.0274065
973.743	0.0275285
973.877	0.0270402
974.011	0.028261
974.145	0.0280168
974.279	0.0277117
974.413	0.0268571
974.547	0.0276506
974.681	0.0274065
974.815	0.0275285
974.949	0.0282
975.083	0.026674
975.217	0.0272233
975.351	0.0274065
975.485	0.0274065
975.619	0.0273454
975.753	0.0275285
975.887	0.0277727
976.021	0.0275896
976.155	0.0277117
976.289	0.0271013
976.423	0.026735
976.557	0.0274675
976.691	0.0286883
976.825	0.0274675
976.959	0.0278337
977.093	0.0273454
977.227	0.026613
977.361	0.0275285
977.495	0.0273454
977.629	0.0275896
977.763	0.0264909
977.897	0.0280168
978.031	0.0271623
978.165	0.0271013
978.299	0.0282
978.433	0.028322
978.567	0.0275896
978.701	0.0274065
978.835	0.026674
978.969	0.026674
979.103	0.0271013
979.237	0.0275896
979.371	0.0269181
979.505	0.0272233
979.639	0.0274065
979.773	0.0271013
979.907	0.0269181
980.041	0.028261
980.175	0.0274065
980.308	0.0280779
980.442	0.0278337
980.576	0.0278337
980.71	0.0275285
980.844	0.0274675
980.978	0.028322
981.112	0.0280168
981.246	0.0271013
981.38	0.0277727
981.514	0.0272233
981.648	0.0272233
981.782	0.0269792
981.916	0.0275896
982.05	0.0275285
982.184	0.0269181
982.318	0.0278948
982.452	0.0282
982.586	0.0281389
982.72	0.0269792
982.854	0.0273454
982.988	0.0278337
983.122	0.0277117
983.256	0.028322
983.39	0.0273454
983.524	0.0275285
983.658	0.0275285
983.792	0.0279558
983.926	0.0274675
984.06	0.0269792
984.194	0.0272233
984.328	0.0281389
984.462	0.0271623
984.596	0.0272233
984.73	0.0278337
984.864	0.0273454
984.998	0.0269181
985.132	0.0269181
985.265	0.0277727
985.399	0.0271623
985.533	0.0279558
985.667	0.0280168
985.801	0.0274675
985.935	0.0275896
986.069	0.0276506
986.203	0.0274675
986.337	0.0272844
986.471	0.0284441
986.605	0.0272233
986.739	0.0277117
986.873	0.0277727
987.007	0.0271623
987.141	0.0277117
987.275	0.0272844
987.409	0.0270402
987.543	0.0275285
987.677	0.0271623
987.811	0.0264298
987.945	0.0279558
988.079	0.026674
988.213	0.0271013
988.347	0.0280779
988.481	0.0260026
988.614	0.0277727
988.748	0.0272844
988.882	0.0277117
989.016	0.0267961
989.15	0.0272844
989.284	0.0280779
989.418	0.0276506
989.552	0.0279558
989.686	0.0273454
989.82	0.026674
989.954	0.0274675
990.088	0.0272233
990.222	0.0277727
990.356	0.0267961
990.49	0.0271623
990.624	0.0285052
990.758	0.0269792
990.892	0.0272844
991.026	0.0276506
991.16	0.0276506
991.294	0.0278337
991.427	0.026735
991.561	0.0274065
991.695	0.0275285
991.829	0.0278948
991.963	0.0271623
992.097	0.0278337
992.231	0.0269792
992.365	0.0273454
992.499	0.0269181
992.633	0.0272844
992.767	0.0269792
992.901	0.0272233
993.035	0.0276506
993.169	0.0280779
993.303	0.026613
993.437	0.0274675
993.571	0.0278337
993.704	0.0269792
993.838	0.0276506
993.972	0.028322
994.106	0.0273454
994.24	0.0274065
994.374	0.0273454
994.508	0.0272844
994.642	0.0270402
994.776	0.0282
994.91	0.0272844
995.044	0.0279558
995.178	0.0280779
995.312	0.0277117
995.446	0.0277727
995.58	0.0274675
995.714	0.026674
995.847	0.0271623
995.981	0.0276506
996.115	0.0269792
996.249	0.0265519
996.383	0.0262467
996.517	0.0283831
996.651	0.0272233
996.785	0.0278948
996.919	0.0275285
997.053	0.0275896
997.187	0.0276506
997.321	0.0273454
997.455	0.0275285
997.589	0.028322
997.722	0.0278337
997.856	0.0277727
997.99	0.0275896
998.124	0.0275285
998.258	0.0272844
998.392	0.0289324
998.526	0.0274065
998.66	0.0276506
998.794	0.0275285
998.928	0.026735
999.062	0.0274065
999.196	0.0272844
999.33	0.0269792
999.464	0.0268571
999.597	0.0278337
999.731	0.0274675
999.865	0.0271623
999.999	0.0272233
1000.13	0.0270402
1000.27	0.0271623
1000.4	0.0270402
1000.53	0.0272844
1000.67	0.0274065
1000.8	0.0275896
1000.94	0.0271013
1001.07	0.0270402
1001.2	0.0283831
1001.34	0.0277727
1001.47	0.028261
1001.61	0.0267961
1001.74	0.0277117
1001.87	0.0278337
1002.01	0.0267961
1002.14	0.0273454
1002.28	0.0281389
1002.41	0.0272233
1002.54	0.0272233
1002.68	0.026735
1002.81	0.028322
1002.95	0.0279558
1003.08	0.0276506
1003.21	0.0279558
1003.35	0.0280779
1003.48	0.0275896
1003.61	0.0275285
1003.75	0.0275285
1003.88	0.0277117
1004.02	0.0264909
1004.15	0.0278948
1004.28	0.0269181
1004.42	0.0269792
1004.55	0.0273454
1004.69	0.0263688
1004.82	0.0272233
1004.95	0.0279558
1005.09	0.0265519
1005.22	0.0276506
1005.36	0.0272233
1005.49	0.0268571
1005.62	0.0271623
1005.76	0.0284441
1005.89	0.0274675
1006.03	0.0279558
1006.16	0.0277727
1006.29	0.0274675
1006.43	0.0276506
1006.56	0.0280779
1006.69	0.0274675
1006.83	0.0269792
1006.96	0.0271013
1007.1	0.0278337
1007.23	0.0274065
1007.36	0.0272233
1007.5	0.0274065
1007.63	0.0284441
1007.77	0.028261
1007.9	0.026613
1008.03	0.0277117
1008.17	0.0279558
1008.3	0.0286883
1008.44	0.0278948
1008.57	0.0275896
1008.7	0.0269181
1008.84	0.0275896
1008.97	0.0274675
1009.1	0.0271013
1009.24	0.0275896
1009.37	0.0269181
1009.51	0.0271623
1009.64	0.0277117
1009.77	0.0275285
1009.91	0.0273454
1010.04	0.0269792
1010.18	0.0273454
1010.31	0.0272844
1010.44	0.0277117
1010.58	0.0279558
1010.71	0.0282
1010.85	0.0268571
1010.98	0.0280168
1011.11	0.0284441
1011.25	0.0265519
1011.38	0.0279558
1011.51	0.0273454
1011.65	0.0279558
1011.78	0.0275285
1011.92	0.0277727
1012.05	0.0272844
1012.18	0.0275285
1012.32	0.0274675
1012.45	0.028261
1012.59	0.0276506
1012.72	0.0264909
1012.85	0.0272233
1012.99	0.0278337
1013.12	0.0275896
1013.26	0.0278337
1013.39	0.0278337
1013.52	0.0278337
1013.66	0.0274065
1013.79	0.0269792
1013.92	0.0272233
1014.06	0.0278337
1014.19	0.0271013
1014.33	0.0272844
1014.46	0.0272233
1014.59	0.0269181
1014.73	0.0278948
1014.86	0.0271623
1015	0.0272844
1015.13	0.0277727
1015.26	0.0273454
1015.4	0.0270402
1015.53	0.0272233
1015.67	0.0278948
1015.8	0.0278337
1015.93	0.0275896
1016.07	0.0280168
1016.2	0.0278948
1016.33	0.0277727
1016.47	0.028261
1016.6	0.026674
1016.74	0.0272233
1016.87	0.026735
1017	0.0275896
1017.14	0.0275896
1017.27	0.0272844
1017.41	0.0271623
1017.54	0.0269792
1017.67	0.0274065
1017.81	0.0278948
1017.94	0.0277117
1018.07	0.0269792
1018.21	0.0275896
1018.34	0.0279558
1018.48	0.0278337
1018.61	0.0274675
1018.74	0.028322
1018.88	0.0271013
1019.01	0.0278337
1019.15	0.0264909
1019.28	0.0279558
1019.41	0.0267961
1019.55	0.0272233
1019.68	0.0284441
1019.82	0.0278337
1019.95	0.0272844
1020.08	0.0271623
1020.22	0.0275896
1020.35	0.0272844
1020.48	0.028322
1020.62	0.0280779
1020.75	0.0280779
1020.89	0.0274065
1021.02	0.0280168
1021.15	0.026735
1021.29	0.0277117
1021.42	0.0272844
1021.56	0.0278948
1021.69	0.0269792
1021.82	0.0276506
1021.96	0.0278948
1022.09	0.0284441
1022.22	0.026613
1022.36	0.0280779
1022.49	0.0271623
1022.63	0.0279558
1022.76	0.0270402
1022.89	0.0277727
1023.03	0.0263078
1023.16	0.0275285
1023.3	0.0269792
1023.43	0.0275285
1023.56	0.0270402
1023.7	0.026674
1023.83	0.0275285
1023.96	0.0272844
1024.1	0.0274675
1024.23	0.0282
1024.37	0.0271623
1024.5	0.0275285
1024.63	0.0275285
1024.77	0.0272844
1024.9	0.0267961
1025.04	0.0274065
1025.17	0.0272233
1025.3	0.0272844
1025.44	0.0278337
1025.57	0.0280168
1025.7	0.028261
1025.84	0.0269181
1025.97	0.0275285
1026.11	0.0277117
1026.24	0.0271013
1026.37	0.0269181
1026.51	0.0269181
1026.64	0.028261
1026.78	0.0273454
1026.91	0.0285662
1027.04	0.0269181
1027.18	0.0273454
1027.31	0.026674
1027.44	0.0273454
1027.58	0.0275285
1027.71	0.0269792
1027.85	0.0280168
1027.98	0.0272233
1028.11	0.0277117
1028.25	0.0272844
1028.38	0.0262467
1028.52	0.0275285
1028.65	0.026613
1028.78	0.0272844
1028.92	0.0275896
1029.05	0.0276506
1029.18	0.0274065
1029.32	0.0267961
1029.45	0.0277727
1029.59	0.0264909
1029.72	0.0277727
1029.85	0.0278948
1029.99	0.0268571
1030.12	0.0265519
1030.26	0.0275285
1030.39	0.0277117
1030.52	0.0276506
1030.66	0.0273454
1030.79	0.026674
1030.92	0.0272233
1031.06	0.0278948
1031.19	0.0272233
1031.33	0.0282
1031.46	0.0272844
1031.59	0.0274065
1031.73	0.0274065
1031.86	0.0277727
1031.99	0.0277727
1032.13	0.0277117
1032.26	0.0267961
1032.4	0.0269181
1032.53	0.0272844
1032.66	0.0269792
1032.8	0.0274675
1032.93	0.0268571
1033.07	0.028261
1033.2	0.0274675
1033.33	0.0277117
1033.47	0.0282
1033.6	0.0278337
1033.73	0.0281389
1033.87	0.026613
1034	0.0278337
1034.14	0.0276506
1034.27	0.0271623
1034.4	0.0272233
1034.54	0.0275285
1034.67	0.0268571
1034.81	0.0269181
1034.94	0.0272233
1035.07	0.0275285
1035.21	0.0274065
1035.34	0.0278948
1035.47	0.0264909
1035.61	0.0274065
1035.74	0.0274065
1035.88	0.0281389
1036.01	0.0278337
1036.14	0.0271013
1036.28	0.0272844
1036.41	0.0275896
1036.54	0.026735
1036.68	0.0270402
1036.81	0.0277117
1036.95	0.0281389
1037.08	0.0273454
1037.21	0.0278337
1037.35	0.0269181
1037.48	0.0278337
1037.62	0.0278337
1037.75	0.0280779
1037.88	0.0270402
1038.02	0.0270402
1038.15	0.0288104
1038.28	0.0271013
1038.42	0.0271013
1038.55	0.0275896
1038.69	0.0272844
1038.82	0.0273454
1038.95	0.0280779
1039.09	0.0277727
1039.22	0.0272233
1039.35	0.0265519
1039.49	0.0271013
1039.62	0.0276506
1039.76	0.0288714
1039.89	0.0269181
1040.02	0.0270402
1040.16	0.0274675
1040.29	0.0267961
1040.43	0.0264909
1040.56	0.0279558
1040.69	0.0267961
1040.83	0.0281389
1040.96	0.0273454
1041.09	0.0275285
1041.23	0.0277117
1041.36	0.0272233
1041.5	0.0282
1041.63	0.0275896
1041.76	0.0270402
1041.9	0.0276506
1042.03	0.0271623
1042.16	0.0271623
1042.3	0.0264909
1042.43	0.0278948
1042.57	0.0276506
1042.7	0.026613
1042.83	0.0269181
1042.97	0.0274065
1043.1	0.0275285
1043.23	0.0271623
1043.37	0.0274065
1043.5	0.0275896
1043.64	0.0271623
1043.77	0.0273454
1043.9	0.0274065
1044.04	0.026613
1044.17	0.0278337
1044.31	0.0274675
1044.44	0.0273454
1044.57	0.0269792
1044.71	0.0272233
1044.84	0.0275896
1044.97	0.0275285
1045.11	0.0281389
1045.24	0.0284441
1045.38	0.0278948
1045.51	0.0268571
1045.64	0.0272844
1045.78	0.0279558
1045.91	0.0277727
1046.04	0.0271623
1046.18	0.026613
1046.31	0.0270402
1046.45	0.0277727
1046.58	0.0272844
1046.71	0.0280779
1046.85	0.0280168
1046.98	0.0271623
1047.11	0.026674
1047.25	0.0271013
1047.38	0.0275896
1047.52	0.0269792
1047.65	0.0277117
1047.78	0.0275896
1047.92	0.0274675
1048.05	0.0276506
1048.18	0.0280168
1048.32	0.0277727
1048.45	0.0279558
1048.59	0.0275896
1048.72	0.0271013
1048.85	0.0280168
1048.99	0.0273454
1049.12	0.0275285
1049.25	0.0277117
1049.39	0.0278337
1049.52	0.0271623
1049.66	0.0277117
1049.79	0.0274065
1049.92	0.0275285
1050.06	0.0277727
1050.19	0.0271013
1050.33	0.0272844
1050.46	0.0285052
1050.59	0.0275285
1050.73	0.0276506
1050.86	0.0280779
1050.99	0.0274675
1051.13	0.0274065
1051.26	0.028261
1051.4	0.0274065
1051.53	0.0277727
1051.66	0.0271623
1051.8	0.0279558
1051.93	0.0277727
1052.06	0.0274675
1052.2	0.0274675
1052.33	0.0269792
1052.47	0.0278337
1052.6	0.0278948
1052.73	0.0279558
1052.87	0.0265519
1053	0.0277117
1053.13	0.0271623
1053.27	0.0270402
1053.4	0.0270402
1053.54	0.0280168
1053.67	0.0271013
1053.8	0.0275896
1053.94	0.0277727
1054.07	0.0265519
1054.2	0.0286272
1054.34	0.0271623
1054.47	0.0281389
1054.61	0.0272233
1054.74	0.0280168
1054.87	0.0276506
1055.01	0.0275896
1055.14	0.0272844
1055.27	0.0272233
1055.41	0.0277727
1055.54	0.0278948
1055.68	0.0269181
1055.81	0.0277117
1055.94	0.0284441
1056.08	0.0270402
1056.21	0.0272844
1056.34	0.0275896
1056.48	0.0275285
1056.61	0.0269792
1056.75	0.0273454
1056.88	0.0274065
1057.01	0.0285052
1057.15	0.0272844
1057.28	0.0272844
1057.41	0.0280779
1057.55	0.0277117
1057.68	0.0286883
1057.82	0.0276506
1057.95	0.0270402
1058.08	0.0275285
1058.22	0.0277727
1058.35	0.0275285
1058.48	0.0271623
1058.62	0.0275896
1058.75	0.0275285
1058.89	0.0276506
1059.02	0.0285662
1059.15	0.0282
1059.29	0.0280779
1059.42	0.0279558
1059.55	0.0269181
1059.69	0.0280168
1059.82	0.0263688
1059.96	0.0273454
1060.09	0.0279558
1060.22	0.0267961
1060.36	0.0274065
1060.49	0.0274675
1060.62	0.0279558
1060.76	0.0272233
1060.89	0.0274675
1061.03	0.0282
1061.16	0.0282
1061.29	0.0277117
1061.43	0.0271623
1061.56	0.0278948
1061.69	0.0277117
1061.83	0.026674
1061.96	0.0277727
1062.1	0.0282
1062.23	0.0277117
1062.36	0.026674
1062.5	0.0273454
1062.63	0.0267961
1062.76	0.0277117
1062.9	0.0274675
1063.03	0.0278337
1063.17	0.0282
1063.3	0.0276506
1063.43	0.026674
1063.57	0.0272233
1063.7	0.0268571
1063.83	0.0269792
1063.97	0.0275896
1064.1	0.0268571
1064.23	0.0271623
1064.37	0.0282
1064.5	0.0267961
1064.64	0.0272844
1064.77	0.0269181
1064.9	0.0269792
1065.04	0.0269792
1065.17	0.0272233
1065.3	0.0274065
1065.44	0.0274675
1065.57	0.0274065
1065.71	0.0272233
1065.84	0.0280168
1065.97	0.0271013
1066.11	0.0274065
1066.24	0.0275896
1066.37	0.0273454
1066.51	0.0280168
1066.64	0.0269181
1066.78	0.0275285
1066.91	0.0274065
1067.04	0.0272233
1067.18	0.0267961
1067.31	0.0277727
1067.44	0.0272233
1067.58	0.0278948
1067.71	0.0280168
1067.85	0.0276506
1067.98	0.0273454
1068.11	0.0273454
1068.25	0.0271013
1068.38	0.0280168
1068.51	0.0272233
1068.65	0.0264909
1068.78	0.0281389
1068.92	0.0272233
1069.05	0.0275896
1069.18	0.0275285
1069.32	0.0279558
1069.45	0.0270402
1069.58	0.0278337
1069.72	0.0280168
1069.85	0.0275285
1069.98	0.0271623
1070.12	0.026674
1070.25	0.0270402
1070.39	0.0281389
1070.52	0.0284441
1070.65	0.0273454
1070.79	0.0274065
1070.92	0.0271623
1071.05	0.0276506
1071.19	0.0269792
1071.32	0.0267961
1071.46	0.0280168
1071.59	0.0277117
1071.72	0.0277727
1071.86	0.0275896
1071.99	0.0273454
1072.12	0.0275285
1072.26	0.0276506
1072.39	0.0274675
1072.53	0.0277117
1072.66	0.0278948
1072.79	0.0274065
1072.93	0.0271623
1073.06	0.0279558
1073.19	0.0271013
1073.33	0.0269181
1073.46	0.0272233
1073.59	0.0278337
1073.73	0.0274065
1073.86	0.0278948
1074	0.0275896
1074.13	0.0265519
1074.26	0.0277117
1074.4	0.0279558
1074.53	0.0274675
1074.66	0.0271013
1074.8	0.0269181
1074.93	0.0270402
1075.07	0.0264298
1075.2	0.0278337
1075.33	0.0282
1075.47	0.0269792
1075.6	0.0274065
1075.73	0.0275896
1075.87	0.0270402
1076	0.0274065
1076.14	0.0290545
1076.27	0.0282
1076.4	0.0273454
1076.54	0.0271013
1076.67	0.0282
1076.8	0.0281389
1076.94	0.0277727
1077.07	0.0263688
1077.2	0.0282
1077.34	0.0274675
1077.47	0.0276506
1077.61	0.0278337
1077.74	0.026735
1077.87	0.0274675
1078.01	0.026674
1078.14	0.0275285
1078.27	0.0274065
1078.41	0.0282
1078.54	0.0275896
1078.68	0.0278337
1078.81	0.0268571
1078.94	0.0286272
1079.08	0.0269792
1079.21	0.0273454
1079.34	0.0274675
1079.48	0.0280168
1079.61	0.0275285
1079.74	0.0276506
1079.88	0.0285662
1080.01	0.0280168
1080.15	0.0276506
1080.28	0.0275896
1080.41	0.0272844
1080.55	0.0269181
1080.68	0.0277117
1080.81	0.0285052
1080.95	0.0264909
1081.08	0.0272233
1081.22	0.0272844
1081.35	0.0273454
1081.48	0.0276506
1081.62	0.0280168
1081.75	0.0275896
1081.88	0.0271623
1082.02	0.0277117
1082.15	0.0278337
1082.28	0.0275285
1082.42	0.0278337
1082.55	0.026735
1082.69	0.0279558
1082.82	0.0272844
1082.95	0.0272233
1083.09	0.0278948
1083.22	0.0262467
1083.35	0.0274675
1083.49	0.0278337
1083.62	0.0277727
1083.75	0.0271623
1083.89	0.0271013
1084.02	0.0284441
1084.16	0.0274065
1084.29	0.0279558
1084.42	0.0278948
1084.56	0.0272233
1084.69	0.0272233
1084.82	0.026674
1084.96	0.0277727
1085.09	0.0280168
1085.23	0.0268571
1085.36	0.0277117
1085.49	0.0275896
1085.63	0.0273454
1085.76	0.0281389
1085.89	0.0267961
1086.03	0.0275285
1086.16	0.026735
1086.29	0.0269792
1086.43	0.0272844
1086.56	0.0276506
1086.7	0.0277117
1086.83	0.0268571
1086.96	0.0261857
1087.1	0.0286272
1087.23	0.0267961
1087.36	0.0271013
1087.5	0.0276506
1087.63	0.0281389
1087.76	0.0272844
1087.9	0.0277117
1088.03	0.0274675
1088.17	0.0278337
1088.3	0.0276506
1088.43	0.0280168
1088.57	0.0275896
1088.7	0.0270402
1088.83	0.0276506
1088.97	0.0270402
1089.1	0.0276506
1089.24	0.0277117
1089.37	0.0263078
1089.5	0.0273454
1089.64	0.0283831
1089.77	0.0271013
1089.9	0.0264298
1090.04	0.0272844
1090.17	0.0277727
1090.3	0.0273454
1090.44	0.0277727
1090.57	0.0284441
1090.71	0.0273454
1090.84	0.0274065
1090.97	0.0269792
1091.11	0.0272844
1091.24	0.0277727
1091.37	0.0270402
1091.51	0.0279558
1091.64	0.0271623
1091.77	0.0279558
1091.91	0.0274065
1092.04	0.0271013
1092.18	0.0281389
1092.31	0.0274675
1092.44	0.0269792
1092.58	0.0277117
1092.71	0.0277727
1092.84	0.0272233
1092.98	0.0280168
1093.11	0.0270402
1093.24	0.0275896
1093.38	0.028261
1093.51	0.0278948
1093.65	0.0271013
1093.78	0.0278948
1093.91	0.0278948
1094.05	0.0277117
1094.18	0.0272844
1094.31	0.0270402
1094.45	0.0275896
1094.58	0.028261
1094.71	0.0275285
1094.85	0.0277117
1094.98	0.026735
1095.12	0.0274675
1095.25	0.0280779
1095.38	0.0280779
1095.52	0.0274675
1095.65	0.0277727
1095.78	0.0270402
1095.92	0.0274065
1096.05	0.0275285
1096.18	0.0282
1096.32	0.0277727
1096.45	0.0270402
1096.59	0.0279558
1096.72	0.0286883
1096.85	0.0277117
1096.99	0.0277117
1097.12	0.0277117
1097.25	0.0271623
1097.39	0.0269792
1097.52	0.0272233
1097.65	0.0272233
1097.79	0.0273454
1097.92	0.0273454
1098.06	0.0286883
1098.19	0.0271623
1098.32	0.0280168
1098.46	0.0276506
1098.59	0.0276506
1098.72	0.0271623
1098.86	0.028322
1098.99	0.0278337
1099.12	0.0279558
1099.26	0.0264298
1099.39	0.0274675
1099.53	0.0281389
1099.66	0.0278337
1099.79	0.0273454
1099.93	0.0277727
1100.06	0.0278337
1100.19	0.0274065
1100.33	0.0274675
1100.46	0.0272844
1100.59	0.0278948
1100.73	0.0277727
1100.86	0.0280779
1100.99	0.0274675
1101.13	0.0272844
1101.26	0.0274065
1101.4	0.0279558
1101.53	0.0274675
1101.66	0.026735
1101.8	0.0274065
1101.93	0.0274065
1102.06	0.0282
1102.2	0.0271623
1102.33	0.0272233
1102.46	0.0282
1102.6	0.0271623
1102.73	0.0275896
1102.87	0.0274675
1103	0.0271013
1103.13	0.0278337
1103.27	0.0274675
1103.4	0.0272844
1103.53	0.0275285
1103.67	0.0269181
1103.8	0.0272844
1103.93	0.0279558
1104.07	0.0274675
1104.2	0.0272233
1104.34	0.0278948
1104.47	0.0270402
1104.6	0.0268571
1104.74	0.0281389
1104.87	0.0277117
1105	0.0272844
1105.14	0.0269792
1105.27	0.0278948
1105.4	0.0269792
1105.54	0.028261
1105.67	0.0273454
1105.8	0.0269181
1105.94	0.0269181
1106.07	0.0275896
1106.21	0.0274065
1106.34	0.0275896
1106.47	0.0271623
1106.61	0.026674
1106.74	0.0277727
1106.87	0.026735
1107.01	0.0278337
1107.14	0.0277727
1107.27	0.0272844
1107.41	0.0273454
1107.54	0.0282

