Source: Spectrum Viewer

Chart: Pulse Spectrum

Series: 
Wavelength (nm)	S (a.u.)
617.638	0.0272844
617.773	0.0274675
617.908	0.0280168
618.043	0.0277727
618.178	0.0280779
618.313	0.0275285
618.448	0.0274065
618.583	0.0281389
618.718	0.0277117
618.853	0.0269792
618.988	0.0286272
619.123	0.0274065
619.258	0.028261
619.394	0.0277117
619.529	0.0269181
619.664	0.0268571
619.799	0.0277727
619.934	0.0281389
620.069	0.0281389
620.204	0.0277117
620.339	0.0272844
620.474	0.0271623
620.609	0.0278337
620.744	0.026613
620.879	0.0274675
621.014	0.026674
621.149	0.0280779
621.284	0.028261
621.419	0.028322
621.554	0.0272844
621.689	0.0279558
621.825	0.0272233
621.96	0.0277117
622.095	0.0277727
622.23	0.0282
622.365	0.0274675
622.5	0.0275285
622.635	0.026613
622.77	0.028322
622.905	0.0275285
623.04	0.0282
623.175	0.0278948
623.31	0.0277727
623.445	0.0271623
623.58	0.0272233
623.715	0.0289935
623.85	0.0277117
623.985	0.0277117
624.12	0.028322
624.255	0.0283831
624.39	0.0272233
624.525	0.0275285
624.661	0.0272844
624.796	0.0278337
624.931	0.0275285
625.066	0.0278948
625.201	0.0274675
625.336	0.0285052
625.471	0.0271623
625.606	0.0278948
625.741	0.0283831
625.876	0.0271623
626.011	0.0281389
626.146	0.0278948
626.281	0.0278337
626.416	0.0275285
626.551	0.0278337
626.686	0.0271623
626.821	0.0281389
626.956	0.0276506
627.091	0.0282
627.226	0.0280779
627.361	0.0274675
627.496	0.0281389
627.631	0.0278337
627.766	0.0291155
627.901	0.0277727
628.036	0.0280779
628.171	0.0279558
628.307	0.0277117
628.442	0.0277117
628.577	0.0271623
628.712	0.0280779
628.847	0.0273454
628.982	0.0277117
629.117	0.0277727
629.252	0.0271623
629.387	0.0280779
629.522	0.0273454
629.657	0.0283831
629.792	0.0278948
629.927	0.0278337
630.062	0.0269792
630.197	0.0278948
630.332	0.0274065
630.467	0.0277727
630.602	0.0274675
630.737	0.0278948
630.872	0.0272233
631.007	0.0275285
631.142	0.0278337
631.277	0.0274065
631.412	0.0281389
631.547	0.0272233
631.682	0.0274065
631.817	0.0272233
631.952	0.0276506
632.087	0.0283831
632.222	0.0279558
632.357	0.0277727
632.492	0.0282
632.627	0.0275285
632.762	0.0270402
632.897	0.0274675
633.032	0.0274065
633.167	0.0276506
633.302	0.0273454
633.437	0.0282
633.572	0.0283831
633.707	0.0265519
633.842	0.0286883
633.978	0.0276506
634.113	0.0280779
634.248	0.0270402
634.383	0.0276506
634.518	0.0277117
634.653	0.0280168
634.788	0.0269792
634.923	0.028261
635.058	0.0282
635.193	0.028322
635.328	0.0274675
635.463	0.0275896
635.598	0.0273454
635.733	0.0283831
635.868	0.0278337
636.003	0.0270402
636.138	0.0277117
636.273	0.0276506
636.408	0.0270402
636.543	0.0276506
636.678	0.0278948
636.813	0.0272233
636.948	0.0282
637.083	0.0274675
637.218	0.0279558
637.353	0.0277117
637.488	0.026613
637.623	0.0269792
637.758	0.0277727
637.893	0.0278948
638.028	0.028322
638.163	0.0276506
638.298	0.0278948
638.433	0.0275285
638.568	0.0274065
638.703	0.0273454
638.838	0.026735
638.973	0.0273454
639.108	0.0274675
639.243	0.0278337
639.378	0.0275285
639.513	0.0274675
639.648	0.0269181
639.783	0.028322
639.918	0.0280779
640.053	0.0275285
640.188	0.0277117
640.323	0.0269792
640.458	0.0271013
640.593	0.0292376
640.728	0.0277727
640.863	0.0275285
640.998	0.0277117
641.133	0.0277727
641.268	0.0282
641.403	0.0275285
641.538	0.0269792
641.673	0.0289324
641.808	0.028261
641.943	0.0285662
642.078	0.0277727
642.213	0.0279558
642.348	0.0277727
642.483	0.0275896
642.618	0.0285662
642.753	0.0278948
642.888	0.026674
643.023	0.0277117
643.158	0.028261
643.293	0.0278337
643.428	0.0272233
643.563	0.0280168
643.698	0.0277727
643.833	0.0275896
643.968	0.0283831
644.103	0.0269792
644.237	0.0277727
644.372	0.0275896
644.507	0.0278948
644.642	0.0275896
644.777	0.0274675
644.912	0.0276506
645.047	0.0280779
645.182	0.0280168
645.317	0.0275896
645.452	0.0275896
645.587	0.0276506
645.722	0.026613
645.857	0.0273454
645.992	0.0276506
646.127	0.0277117
646.262	0.0274675
646.397	0.0278948
646.532	0.0281389
646.667	0.0290545
646.802	0.0270402
646.937	0.0271623
647.072	0.0273454
647.207	0.0275285
647.342	0.0277117
647.477	0.0276506
647.612	0.028322
647.747	0.0275896
647.882	0.0273454
648.017	0.0281389
648.152	0.0282
648.287	0.0275285
648.422	0.0268571
648.557	0.0273454
648.692	0.0281389
648.827	0.0272844
648.962	0.0272844
649.097	0.0269792
649.232	0.0275896
649.367	0.0273454
649.502	0.0279558
649.637	0.0280168
649.772	0.0277727
649.906	0.0274675
650.041	0.0279558
650.176	0.0278948
650.311	0.0278337
650.446	0.0285662
650.581	0.0272233
650.716	0.0276506
650.851	0.0280779
650.986	0.0272844
651.121	0.0278337
651.256	0.0277117
651.391	0.0273454
651.526	0.0275896
651.661	0.0278337
651.796	0.0280168
651.931	0.0272844
652.066	0.0280168
652.201	0.0281389
652.336	0.0272233
652.471	0.0283831
652.606	0.0280168
652.741	0.0276506
652.876	0.0272844
653.011	0.028322
653.146	0.0274065
653.281	0.0279558
653.415	0.0272844
653.55	0.0276506
653.685	0.0267961
653.82	0.0277727
653.955	0.0271013
654.09	0.0275896
654.225	0.0273454
654.36	0.0275896
654.495	0.0277727
654.63	0.0267961
654.765	0.026735
654.9	0.0278337
655.035	0.0278337
655.17	0.0280168
655.305	0.0269792
655.44	0.0269792
655.575	0.0281389
655.71	0.0274675
655.845	0.0285052
655.98	0.0281389
656.115	0.0272844
656.25	0.0275896
656.384	0.0270402
656.519	0.0276506
656.654	0.0277727
656.789	0.0277117
656.924	0.0280168
657.059	0.0275896
657.194	0.0272233
657.329	0.0283831
657.464	0.0276506
657.599	0.0277117
657.734	0.0277117
657.869	0.0267961
658.004	0.0285052
658.139	0.0280168
658.274	0.0275896
658.409	0.0271623
658.544	0.0277727
658.679	0.0275896
658.813	0.0277117
658.948	0.028261
659.083	0.0289935
659.218	0.0263688
659.353	0.0277117
659.488	0.0277117
659.623	0.0277727
659.758	0.0285662
659.893	0.026613
660.028	0.0277727
660.163	0.0275285
660.298	0.026613
660.433	0.0276506
660.568	0.0277727
660.703	0.0269181
660.838	0.0273454
660.972	0.0278948
661.107	0.0280779
661.242	0.028261
661.377	0.028261
661.512	0.0275896
661.647	0.0275285
661.782	0.0275896
661.917	0.0273454
662.052	0.0275896
662.187	0.0283831
662.322	0.0274065
662.457	0.0278948
662.592	0.0271623
662.727	0.0274675
662.862	0.0289935
662.996	0.0277727
663.131	0.0275896
663.266	0.0274065
663.401	0.0267961
663.536	0.0272233
663.671	0.0267961
663.806	0.028261
663.941	0.0278337
664.076	0.0282
664.211	0.0277117
664.346	0.0274675
664.481	0.0277117
664.616	0.0284441
664.75	0.0277727
664.885	0.0276506
665.02	0.0275285
665.155	0.0279558
665.29	0.028261
665.425	0.0280779
665.56	0.0279558
665.695	0.0275896
665.83	0.0278337
665.965	0.0279558
666.1	0.0280168
666.235	0.0268571
666.37	0.0275285
666.504	0.0275285
666.639	0.0277117
666.774	0.0277117
666.909	0.0278948
667.044	0.0281389
667.179	0.0280779
667.314	0.0272233
667.449	0.0277117
667.584	0.0277727
667.719	0.0275285
667.854	0.0277727
667.989	0.0289324
668.123	0.0274675
668.258	0.0271623
668.393	0.0271623
668.528	0.0284441
668.663	0.0282
668.798	0.0281389
668.933	0.0278948
669.068	0.0274675
669.203	0.0280779
669.338	0.0275285
669.473	0.0280168
669.607	0.0279558
669.742	0.0278948
669.877	0.0280168
670.012	0.028261
670.147	0.0285662
670.282	0.0274065
670.417	0.0276506
670.552	0.0285662
670.687	0.0267961
670.822	0.0275896
670.957	0.0275896
671.091	0.0279558
671.226	0.0272233
671.361	0.0285052
671.496	0.0277117
671.631	0.0278337
671.766	0.0273454
671.901	0.0276506
672.036	0.0282
672.171	0.0277117
672.306	0.0276506
672.44	0.028322
672.575	0.0290545
672.71	0.0282
672.845	0.0280779
672.98	0.0278337
673.115	0.0276506
673.25	0.0278948
673.385	0.0271623
673.52	0.0278948
673.655	0.0278337
673.789	0.0270402
673.924	0.0274065
674.059	0.0280168
674.194	0.0278337
674.329	0.0264909
674.464	0.0281389
674.599	0.0282
674.734	0.0277727
674.869	0.0281389
675.003	0.0284441
675.138	0.0272233
675.273	0.0277727
675.408	0.0278948
675.543	0.0280779
675.678	0.0270402
675.813	0.0276506
675.948	0.0278337
676.083	0.0274675
676.217	0.0282
676.352	0.0272233
676.487	0.0277117
676.622	0.0276506
676.757	0.0271013
676.892	0.0277727
677.027	0.0286272
677.162	0.0279558
677.297	0.0274675
677.431	0.0287493
677.566	0.0271013
677.701	0.028261
677.836	0.0269792
677.971	0.0268571
678.106	0.0271013
678.241	0.0279558
678.376	0.0272233
678.511	0.0285052
678.645	0.0269181
678.78	0.0274675
678.915	0.0284441
679.05	0.0280168
679.185	0.0276506
679.32	0.0275896
679.455	0.0278948
679.59	0.0276506
679.724	0.0274065
679.859	0.0275285
679.994	0.0275896
680.129	0.0280168
680.264	0.0272233
680.399	0.0272844
680.534	0.0275285
680.669	0.028261
680.803	0.0274675
680.938	0.0277727
681.073	0.0276506
681.208	0.0267961
681.343	0.0274065
681.478	0.0275896
681.613	0.0277117
681.748	0.0273454
681.882	0.0283831
682.017	0.0275285
682.152	0.0275896
682.287	0.0277117
682.422	0.0274675
682.557	0.0268571
682.692	0.028261
682.827	0.0285052
682.961	0.0267961
683.096	0.0283831
683.231	0.0275285
683.366	0.0280168
683.501	0.028261
683.636	0.0272233
683.771	0.0278337
683.906	0.0274675
684.04	0.0275896
684.175	0.0275285
684.31	0.028261
684.445	0.0275285
684.58	0.0272233
684.715	0.0279558
684.85	0.0277727
684.984	0.0278337
685.119	0.0292376
685.254	0.0273454
685.389	0.0274065
685.524	0.0277727
685.659	0.0274675
685.794	0.0275285
685.928	0.0277727
686.063	0.0278337
686.198	0.0280779
686.333	0.0270402
686.468	0.0274675
686.603	0.0271623
686.738	0.0280779
686.872	0.0278948
687.007	0.0277117
687.142	0.0279558
687.277	0.0277117
687.412	0.0261857
687.547	0.0271013
687.682	0.0274675
687.816	0.0279558
687.951	0.0281389
688.086	0.0277117
688.221	0.0272844
688.356	0.026735
688.491	0.0274675
688.626	0.0277727
688.76	0.026735
688.895	0.0272233
689.03	0.0276506
689.165	0.0275285
689.3	0.0288104
689.435	0.0275896
689.57	0.0280779
689.704	0.0268571
689.839	0.0269181
689.974	0.0285052
690.109	0.0279558
690.244	0.0277117
690.379	0.0280779
690.513	0.0279558
690.648	0.0277727
690.783	0.0282
690.918	0.0278337
691.053	0.0283831
691.188	0.0281389
691.323	0.0271623
691.457	0.0286883
691.592	0.0275285
691.727	0.0273454
691.862	0.0275285
691.997	0.0277117
692.132	0.0279558
692.266	0.0271623
692.401	0.0269792
692.536	0.0272233
692.671	0.0275285
692.806	0.0278948
692.941	0.0276506
693.075	0.0278337
693.21	0.0280779
693.345	0.0272233
693.48	0.0278948
693.615	0.0280779
693.75	0.0276506
693.885	0.0281389
694.019	0.0274675
694.154	0.0274065
694.289	0.0274065
694.424	0.0280168
694.559	0.0273454
694.694	0.0286883
694.828	0.0280168
694.963	0.0275896
695.098	0.0280779
695.233	0.0275285
695.368	0.0272844
695.503	0.0274675
695.637	0.0277117
695.772	0.0269181
695.907	0.0273454
696.042	0.0281389
696.177	0.0270402
696.312	0.0264298
696.446	0.0269181
696.581	0.0271623
696.716	0.0278948
696.851	0.0277117
696.986	0.0284441
697.12	0.0270402
697.255	0.0280779
697.39	0.0274065
697.525	0.0280168
697.66	0.0267961
697.795	0.0282
697.929	0.0281389
698.064	0.026735
698.199	0.0269792
698.334	0.0269181
698.469	0.0275896
698.604	0.0280168
698.738	0.0272844
698.873	0.0283831
699.008	0.0282
699.143	0.0274065
699.278	0.0269792
699.412	0.0278337
699.547	0.0275285
699.682	0.0280779
699.817	0.0280779
699.952	0.0273454
700.087	0.0280168
700.221	0.0274065
700.356	0.0271623
700.491	0.0277727
700.626	0.0280779
700.761	0.0280779
700.895	0.0277727
701.03	0.0280168
701.165	0.0277727
701.3	0.0278337
701.435	0.0281389
701.57	0.0265519
701.704	0.0272233
701.839	0.0280779
701.974	0.0272233
702.109	0.0275285
702.244	0.0277727
702.378	0.0272233
702.513	0.0270402
702.648	0.0269181
702.783	0.0280168
702.918	0.0271623
703.052	0.0274675
703.187	0.0280779
703.322	0.0267961
703.457	0.0278337
703.592	0.0274065
703.727	0.0275896
703.861	0.0284441
703.996	0.0285052
704.131	0.0275896
704.266	0.0277727
704.401	0.0277727
704.535	0.0280779
704.67	0.0274065
704.805	0.0275896
704.94	0.0269181
705.075	0.0278948
705.209	0.0273454
705.344	0.0282
705.479	0.0287493
705.614	0.0277117
705.749	0.0274065
705.883	0.0277727
706.018	0.028261
706.153	0.0273454
706.288	0.0276506
706.423	0.0280168
706.557	0.0278337
706.692	0.0275896
706.827	0.0270402
706.962	0.0269181
707.097	0.0278337
707.231	0.0280168
707.366	0.0277727
707.501	0.028261
707.636	0.0276506
707.771	0.0281389
707.905	0.0278948
708.04	0.0276506
708.175	0.0272233
708.31	0.0272233
708.445	0.0274675
708.579	0.0280168
708.714	0.0275896
708.849	0.0280168
708.984	0.0279558
709.118	0.028322
709.253	0.0283831
709.388	0.0274065
709.523	0.0268571
709.658	0.0280779
709.792	0.0265519
709.927	0.0275285
710.062	0.0274675
710.197	0.0275896
710.332	0.0272844
710.466	0.0277117
710.601	0.0285052
710.736	0.0268571
710.871	0.0273454
711.006	0.0273454
711.14	0.0274675
711.275	0.0278948
711.41	0.0272844
711.545	0.0278948
711.679	0.0272844
711.814	0.0270402
711.949	0.0274675
712.084	0.0277727
712.219	0.026735
712.353	0.0280779
712.488	0.0273454
712.623	0.0271013
712.758	0.0279558
712.892	0.0279558
713.027	0.0278337
713.162	0.0273454
713.297	0.0268571
713.432	0.0279558
713.566	0.026735
713.701	0.0271623
713.836	0.026735
713.971	0.028261
714.105	0.0274675
714.24	0.0277727
714.375	0.0274065
714.51	0.0279558
714.645	0.0272844
714.779	0.0278948
714.914	0.0279558
715.049	0.0275896
715.184	0.0277727
715.318	0.0279558
715.453	0.0282
715.588	0.0282
715.723	0.0279558
715.858	0.0277727
715.992	0.0274065
716.127	0.028261
716.262	0.028322
716.397	0.0273454
716.531	0.0277117
716.666	0.0277727
716.801	0.0280779
716.936	0.0277727
717.07	0.0272233
717.205	0.0279558
717.34	0.026674
717.475	0.0277117
717.61	0.0274675
717.744	0.0277117
717.879	0.0280168
718.014	0.0279558
718.149	0.0280168
718.283	0.0282
718.418	0.0279558
718.553	0.0273454
718.688	0.0274675
718.822	0.0281389
718.957	0.0275896
719.092	0.0277117
719.227	0.0277727
719.361	0.0277727
719.496	0.026735
719.631	0.0282
719.766	0.0275285
719.9	0.0276506
720.035	0.0272844
720.17	0.0284441
720.305	0.0274675
720.44	0.0272844
720.574	0.0271623
720.709	0.0273454
720.844	0.0280168
720.979	0.0281389
721.113	0.0277727
721.248	0.0279558
721.383	0.0280168
721.518	0.0280168
721.652	0.0280168
721.787	0.0275285
721.922	0.0277727
722.057	0.0276506
722.191	0.0282
722.326	0.028261
722.461	0.0271623
722.596	0.0273454
722.73	0.0281389
722.865	0.0274675
723	0.0276506
723.135	0.028322
723.269	0.0283831
723.404	0.0280168
723.539	0.0272844
723.674	0.026613
723.808	0.0267961
723.943	0.0277117
724.078	0.0273454
724.213	0.0275896
724.347	0.0275896
724.482	0.0276506
724.617	0.028322
724.752	0.0274065
724.886	0.0268571
725.021	0.0272233
725.156	0.0272844
725.291	0.0272844
725.425	0.0276506
725.56	0.0282
725.695	0.0272233
725.829	0.0272233
725.964	0.0275285
726.099	0.0271623
726.234	0.0275285
726.368	0.0275285
726.503	0.0272844
726.638	0.0272233
726.773	0.0285052
726.907	0.0273454
727.042	0.026674
727.177	0.028322
727.312	0.0270402
727.446	0.0279558
727.581	0.0268571
727.716	0.0278948
727.851	0.0280168
727.985	0.0278337
728.12	0.0273454
728.255	0.0274675
728.389	0.0272233
728.524	0.0275285
728.659	0.0278948
728.794	0.0272844
728.928	0.0278337
729.063	0.0269792
729.198	0.0269181
729.333	0.0278337
729.467	0.026613
729.602	0.0274675
729.737	0.0280168
729.872	0.0281389
730.006	0.0275285
730.141	0.0284441
730.276	0.0274675
730.41	0.0274065
730.545	0.0277117
730.68	0.0274065
730.815	0.0277117
730.949	0.0272844
731.084	0.0277727
731.219	0.0280779
731.354	0.0278337
731.488	0.028322
731.623	0.0274065
731.758	0.0277117
731.892	0.0274065
732.027	0.0270402
732.162	0.0275896
732.297	0.0277727
732.431	0.0278337
732.566	0.0274065
732.701	0.0280168
732.835	0.0278948
732.97	0.0279558
733.105	0.0283831
733.24	0.0273454
733.374	0.0272233
733.509	0.0271623
733.644	0.0268571
733.779	0.0276506
733.913	0.0277117
734.048	0.0276506
734.183	0.0276506
734.317	0.0281389
734.452	0.0286883
734.587	0.0272233
734.722	0.0268571
734.856	0.0273454
734.991	0.0275896
735.126	0.0271013
735.26	0.0272233
735.395	0.0264298
735.53	0.0278337
735.665	0.0264909
735.799	0.0276506
735.934	0.0280168
736.069	0.0280168
736.203	0.0277727
736.338	0.0275896
736.473	0.0280168
736.607	0.0283831
736.742	0.028322
736.877	0.0280168
737.012	0.0274675
737.146	0.0277117
737.281	0.0277117
737.416	0.0269181
737.55	0.028261
737.685	0.0277117
737.82	0.0277117
737.955	0.0278948
738.089	0.0273454
738.224	0.0284441
738.359	0.0280168
738.493	0.0280168
738.628	0.0278337
738.763	0.0280168
738.897	0.0271623
739.032	0.0278337
739.167	0.026674
739.302	0.0279558
739.436	0.0283831
739.571	0.0269792
739.706	0.026735
739.84	0.0275285
739.975	0.0277117
740.11	0.0280779
740.244	0.0275285
740.379	0.0278337
740.514	0.0278948
740.649	0.0279558
740.783	0.0274675
740.918	0.0272844
741.053	0.0277727
741.187	0.0281389
741.322	0.0282
741.457	0.0278337
741.591	0.0274675
741.726	0.0278948
741.861	0.0274675
741.996	0.0274675
742.13	0.0278337
742.265	0.0277727
742.4	0.0281389
742.534	0.0269792
742.669	0.0276506
742.804	0.0277727
742.938	0.0277117
743.073	0.0280168
743.208	0.0279558
743.342	0.0278948
743.477	0.0277117
743.612	0.0278337
743.747	0.0278948
743.881	0.0282
744.016	0.0269792
744.151	0.0277727
744.285	0.0277727
744.42	0.0286272
744.555	0.0279558
744.689	0.0273454
744.824	0.0275285
744.959	0.0276506
745.093	0.0270402
745.228	0.0270402
745.363	0.0274065
745.497	0.028261
745.632	0.0278337
745.767	0.0281389
745.901	0.0271623
746.036	0.0271623
746.171	0.0280779
746.305	0.0272233
746.44	0.0278948
746.575	0.0280779
746.71	0.0272233
746.844	0.0277117
746.979	0.028322
747.114	0.0274675
747.248	0.0275896
747.383	0.0280779
747.518	0.0276506
747.652	0.0271013
747.787	0.0277117
747.922	0.0278948
748.056	0.0278948
748.191	0.0285662
748.326	0.0278948
748.46	0.0280168
748.595	0.0270402
748.73	0.0280168
748.864	0.0275285
748.999	0.0278948
749.134	0.0273454
749.268	0.0278948
749.403	0.0272844
749.538	0.0275896
749.672	0.0277117
749.807	0.0288104
749.942	0.0287493
750.076	0.0271013
750.211	0.0273454
750.346	0.0277117
750.48	0.0283831
750.615	0.0269181
750.75	0.0277727
750.884	0.0274065
751.019	0.0280168
751.154	0.0278948
751.288	0.0277727
751.423	0.0275896
751.558	0.0274065
751.692	0.0272233
751.827	0.0279558
751.962	0.0272233
752.096	0.0277727
752.231	0.0272233
752.366	0.0285052
752.5	0.0285662
752.635	0.0276506
752.77	0.0279558
752.904	0.0274675
753.039	0.0277117
753.174	0.0277727
753.308	0.0278948
753.443	0.0272233
753.578	0.0273454
753.712	0.0282
753.847	0.0282
753.982	0.0275285
754.116	0.0287493
754.251	0.0267961
754.386	0.0280779
754.52	0.0285662
754.655	0.0276506
754.79	0.0277727
754.924	0.0277117
755.059	0.0277727
755.194	0.0274675
755.328	0.0273454
755.463	0.0275896
755.597	0.0274675
755.732	0.0280168
755.867	0.0272844
756.001	0.0276506
756.136	0.0274065
756.271	0.0272233
756.405	0.0276506
756.54	0.0278337
756.675	0.0275285
756.809	0.0273454
756.944	0.0285662
757.079	0.026735
757.213	0.0274675
757.348	0.0277727
757.483	0.0286272
757.617	0.0275896
757.752	0.0277727
757.887	0.0276506
758.021	0.0284441
758.156	0.0276506
758.29	0.0271623
758.425	0.0285662
758.56	0.0277117
758.694	0.0279558
758.829	0.0269181
758.964	0.0274675
759.098	0.0277117
759.233	0.0278948
759.368	0.028261
759.502	0.0278337
759.637	0.0281389
759.772	0.0276506
759.906	0.0271623
760.041	0.0274065
760.175	0.028322
760.31	0.028261
760.445	0.0272844
760.579	0.0279558
760.714	0.028322
760.849	0.028322
760.983	0.0280168
761.118	0.0273454
761.253	0.0276506
761.387	0.0279558
761.522	0.0279558
761.656	0.0279558
761.791	0.0270402
761.926	0.0272233
762.06	0.0273454
762.195	0.0279558
762.33	0.0269792
762.464	0.0283831
762.599	0.0282
762.733	0.0278948
762.868	0.0278948
763.003	0.0280168
763.137	0.0279558
763.272	0.0280168
763.407	0.0274065
763.541	0.0276506
763.676	0.0265519
763.811	0.0270402
763.945	0.0275896
764.08	0.0276506
764.214	0.0270402
764.349	0.0270402
764.484	0.0271623
764.618	0.0280168
764.753	0.0275285
764.888	0.028261
765.022	0.0275285
765.157	0.0276506
765.291	0.0277727
765.426	0.0280168
765.561	0.0275896
765.695	0.0278948
765.83	0.0274065
765.965	0.0268571
766.099	0.0277117
766.234	0.0278948
766.368	0.0272844
766.503	0.0278948
766.638	0.0277117
766.772	0.0279558
766.907	0.0280168
767.041	0.0275896
767.176	0.0277117
767.311	0.0275285
767.445	0.026674
767.58	0.0285052
767.715	0.0275896
767.849	0.0280779
767.984	0.0280779
768.118	0.0281389
768.253	0.028261
768.388	0.0284441
768.522	0.0274675
768.657	0.0277727
768.791	0.0278337
768.926	0.0279558
769.061	0.0279558
769.195	0.0271623
769.33	0.0272233
769.465	0.0272844
769.599	0.0275285
769.734	0.0282
769.868	0.0278337
770.003	0.0274065
770.138	0.0274675
770.272	0.0275285
770.407	0.0275285
770.541	0.0280168
770.676	0.0271623
770.811	0.0274675
770.945	0.0276506
771.08	0.0267961
771.214	0.028322
771.349	0.0264298
771.484	0.0269792
771.618	0.0283831
771.753	0.0277727
771.887	0.0280779
772.022	0.026674
772.157	0.0271013
772.291	0.0274675
772.426	0.0278948
772.56	0.0280168
772.695	0.0278948
772.83	0.0278948
772.964	0.0269792
773.099	0.0280168
773.233	0.0279558
773.368	0.0271013
773.503	0.0278337
773.637	0.0273454
773.772	0.028322
773.906	0.0276506
774.041	0.0281389
774.176	0.0278337
774.31	0.0275896
774.445	0.0273454
774.579	0.0277727
774.714	0.0273454
774.849	0.0277727
774.983	0.0280779
775.118	0.0277727
775.252	0.0281389
775.387	0.0277727
775.522	0.0275896
775.656	0.0281389
775.791	0.0280168
775.925	0.0271623
776.06	0.0267961
776.195	0.0276506
776.329	0.0280168
776.464	0.026735
776.598	0.0273454
776.733	0.0284441
776.868	0.0278337
777.002	0.0273454
777.137	0.0277117
777.271	0.0274675
777.406	0.0281389
777.54	0.0275896
777.675	0.0282
777.81	0.0281389
777.944	0.0271013
778.079	0.0282
778.213	0.0282
778.348	0.0274675
778.483	0.0271623
778.617	0.0279558
778.752	0.0275896
778.886	0.0281389
779.021	0.0287493
779.155	0.026735
779.29	0.0280168
779.425	0.0275285
779.559	0.0276506
779.694	0.0278948
779.828	0.0288714
779.963	0.0274675
780.098	0.0278948
780.232	0.0274675
780.367	0.0280168
780.501	0.0274675
780.636	0.0279558
780.77	0.0282
780.905	0.0271623
781.04	0.028261
781.174	0.0287493
781.309	0.0275285
781.443	0.0275896
781.578	0.0277727
781.712	0.0277117
781.847	0.0278948
781.982	0.0269792
782.116	0.0284441
782.251	0.026735
782.385	0.028322
782.52	0.0277117
782.654	0.0274065
782.789	0.0278337
782.924	0.0264298
783.058	0.0272233
783.193	0.0274675
783.327	0.0285662
783.462	0.0282
783.596	0.0274065
783.731	0.0269181
783.866	0.0281389
784	0.0277727
784.135	0.0274065
784.269	0.0280168
784.404	0.0279558
784.538	0.0280779
784.673	0.0280168
784.808	0.0277727
784.942	0.0275896
785.077	0.0270402
785.211	0.0283831
785.346	0.0278948
785.48	0.0283831
785.615	0.0277727
785.75	0.0277727
785.884	0.0278337
786.019	0.0273454
786.153	0.026613
786.288	0.0270402
786.422	0.0278948
786.557	0.0271013
786.691	0.0279558
786.826	0.0283831
786.961	0.026735
787.095	0.0282
787.23	0.0278337
787.364	0.0277727
787.499	0.0285052
787.633	0.0284441
787.768	0.0274065
787.902	0.0281389
788.037	0.0275285
788.172	0.0275285
788.306	0.0273454
788.441	0.0281389
788.575	0.026735
788.71	0.0268571
788.844	0.0277117
788.979	0.0268571
789.113	0.0269181
789.248	0.0278948
789.383	0.0274065
789.517	0.028261
789.652	0.0283831
789.786	0.0274675
789.921	0.0260026
790.055	0.0272233
790.19	0.026735
790.324	0.0288104
790.459	0.0281389
790.594	0.0274675
790.728	0.0277727
790.863	0.0276506
790.997	0.028322
791.132	0.0276506
791.266	0.028261
791.401	0.0272844
791.535	0.0280779
791.67	0.0280168
791.804	0.0271623
791.939	0.0278948
792.074	0.0274065
792.208	0.0275285
792.343	0.0278948
792.477	0.0276506
792.612	0.0277727
792.746	0.0272233
792.881	0.0278948
793.015	0.0278948
793.15	0.0273454
793.284	0.0269181
793.419	0.028261
793.553	0.0271623
793.688	0.0282
793.823	0.0272844
793.957	0.0283831
794.092	0.0288104
794.226	0.0276506
794.361	0.0280168
794.495	0.0271623
794.63	0.0273454
794.764	0.0280779
794.899	0.0283831
795.033	0.0264298
795.168	0.0285662
795.302	0.0282
795.437	0.0281389
795.572	0.0278337
795.706	0.0287493
795.841	0.0282
795.975	0.028322
796.11	0.0275896
796.244	0.0282
796.379	0.0284441
796.513	0.0277117
796.648	0.0278337
796.782	0.0286883
796.917	0.0275896
797.051	0.0274065
797.186	0.0274675
797.32	0.0272844
797.455	0.0284441
797.589	0.0272844
797.724	0.028261
797.859	0.0280779
797.993	0.0282
798.128	0.0280168
798.262	0.0275285
798.397	0.0275285
798.531	0.028261
798.666	0.0272844
798.8	0.0280168
798.935	0.0283831
799.069	0.0283831
799.204	0.0271013
799.338	0.0278948
799.473	0.0271623
799.607	0.0283831
799.742	0.0274065
799.876	0.0290545
800.011	0.0276506
800.145	0.0284441
800.28	0.0278337
800.414	0.0280168
800.549	0.0277117
800.683	0.0279558
800.818	0.0274065
800.953	0.0269792
801.087	0.0279558
801.222	0.0285052
801.356	0.0280779
801.491	0.0290545
801.625	0.0279558
801.76	0.0277117
801.894	0.0282
802.029	0.0286883
802.163	0.0285052
802.298	0.0283831
802.432	0.0278948
802.567	0.0281389
802.701	0.0286272
802.836	0.0280779
802.97	0.028322
803.105	0.0275285
803.239	0.028322
803.374	0.0283831
803.508	0.0279558
803.643	0.028261
803.777	0.0276506
803.912	0.0281389
804.046	0.0286883
804.181	0.0275285
804.315	0.0283831
804.45	0.0283831
804.584	0.0280168
804.719	0.0288714
804.853	0.0286883
804.988	0.0278337
805.122	0.0285052
805.257	0.0287493
805.391	0.0278337
805.526	0.0294207
805.66	0.0280779
805.795	0.0287493
805.929	0.0291766
806.064	0.0290545
806.198	0.0283831
806.333	0.0283831
806.467	0.0292987
806.602	0.0286272
806.736	0.0297259
806.871	0.0288714
807.005	0.0291155
807.14	0.0296039
807.274	0.029787
807.409	0.0289935
807.543	0.0293597
807.678	0.0289935
807.812	0.0296649
807.947	0.0291155
808.081	0.0296039
808.216	0.0299091
808.35	0.0299091
808.485	0.0303363
808.619	0.0315571
808.754	0.0301532
808.888	0.0305805
809.023	0.0311909
809.157	0.031435
809.292	0.0318623
809.426	0.0324116
809.561	0.0325337
809.695	0.0327779
809.83	0.0334493
809.964	0.034609
810.099	0.0352805
810.233	0.034548
810.368	0.0358298
810.502	0.0373558
810.637	0.0365013
810.771	0.0401636
810.906	0.0390038
811.04	0.0412623
811.175	0.0430324
811.309	0.0450467
811.444	0.0466947
811.578	0.0496246
811.713	0.0557895
811.847	0.0621986
811.982	0.647439
812.116	0.634682
812.251	0.998047
812.385	1
812.519	0.99237
812.654	0.997314
812.788	0.986449
812.923	0.991577
813.057	0.976622
813.192	0.982055
813.326	0.958005
813.461	0.964781
813.595	0.854422
813.73	0.371238
813.864	0.33492
813.999	0.532076
814.133	0.669474
814.268	0.608375
814.402	0.453153
814.537	0.195202
814.671	0.0597571
814.806	0.0424831
814.94	0.0395532
815.075	0.0365623
815.209	0.0375389
815.344	0.0355246
815.478	0.0343039
815.612	0.0329
815.747	0.0325948
815.881	0.0324116
816.016	0.0330831
816.15	0.0319233
816.285	0.0318623
816.419	0.0311909
816.554	0.0311909
816.688	0.0312519
816.823	0.0304584
816.957	0.0310078
817.092	0.0299701
817.226	0.0306415
817.361	0.029848
817.495	0.0306415
817.63	0.029787
817.764	0.0300311
817.898	0.0300311
818.033	0.0286883
818.167	0.0294818
818.302	0.0294207
818.436	0.0299091
818.571	0.0289935
818.705	0.0296649
818.84	0.0293597
818.974	0.0296649
819.109	0.0288104
819.243	0.0286272
819.378	0.0290545
819.512	0.0284441
819.646	0.0286883
819.781	0.0288714
819.915	0.0286883
820.05	0.028261
820.184	0.0286272
820.319	0.0284441
820.453	0.0280168
820.588	0.0282
820.722	0.0286883
820.857	0.028261
820.991	0.0282
821.126	0.0279558
821.26	0.0284441
821.394	0.0278948
821.529	0.0282
821.663	0.028261
821.798	0.0283831
821.932	0.0279558
822.067	0.0288104
822.201	0.0285052
822.336	0.0279558
822.47	0.0278337
822.605	0.0283831
822.739	0.0284441
822.873	0.0281389
823.008	0.0282
823.142	0.0280168
823.277	0.0279558
823.411	0.0277727
823.546	0.028322
823.68	0.0275896
823.815	0.0274675
823.949	0.0284441
824.083	0.0280168
824.218	0.0278337
824.352	0.0280779
824.487	0.0276506
824.621	0.0279558
824.756	0.0288104
824.89	0.0281389
825.025	0.0282
825.159	0.0281389
825.293	0.0282
825.428	0.0274065
825.562	0.0277727
825.697	0.0281389
825.831	0.0272233
825.966	0.0271013
826.1	0.0270402
826.235	0.0284441
826.369	0.0286272
826.503	0.0283831
826.638	0.0275896
826.772	0.0278948
826.907	0.0277727
827.041	0.028261
827.176	0.0278948
827.31	0.028322
827.445	0.0279558
827.579	0.0284441
827.713	0.0284441
827.848	0.0285052
827.982	0.0280168
828.117	0.0272844
828.251	0.028261
828.386	0.0282
828.52	0.0275285
828.654	0.0274675
828.789	0.028322
828.923	0.0280168
829.058	0.0268571
829.192	0.0283831
829.327	0.0275896
829.461	0.0280168
829.596	0.028261
829.73	0.0287493
829.864	0.0272233
829.999	0.0277727
830.133	0.0274675
830.268	0.028261
830.402	0.0277727
830.537	0.0276506
830.671	0.0276506
830.805	0.0273454
830.94	0.0277117
831.074	0.0281389
831.209	0.0281389
831.343	0.0280779
831.478	0.0277727
831.612	0.0271013
831.746	0.028261
831.881	0.0282
832.015	0.0285662
832.15	0.0280168
832.284	0.028261
832.418	0.0282
832.553	0.0277117
832.687	0.028322
832.822	0.0280779
832.956	0.0275896
833.091	0.0284441
833.225	0.0277117
833.359	0.0287493
833.494	0.028261
833.628	0.0278337
833.763	0.028261
833.897	0.0280168
834.032	0.0281389
834.166	0.0280779
834.3	0.0274675
834.435	0.0271623
834.569	0.0275285
834.704	0.0274065
834.838	0.0279558
834.972	0.0278948
835.107	0.0281389
835.241	0.028322
835.376	0.0276506
835.51	0.0277117
835.645	0.0287493
835.779	0.0271013
835.913	0.0271013
836.048	0.0277727
836.182	0.028261
836.317	0.028322
836.451	0.0282
836.585	0.0275896
836.72	0.0278948
836.854	0.0287493
836.989	0.0275285
837.123	0.0273454
837.257	0.0276506
837.392	0.0272233
837.526	0.0286883
837.661	0.0275896
837.795	0.0277117
837.929	0.0273454
838.064	0.0282
838.198	0.0280779
838.333	0.028261
838.467	0.028322
838.602	0.0275896
838.736	0.0277727
838.87	0.0278337
839.005	0.0277727
839.139	0.0278948
839.274	0.0276506
839.408	0.0274675
839.542	0.0271013
839.677	0.0272844
839.811	0.0285052
839.946	0.0280779
840.08	0.0275285
840.214	0.0274065
840.349	0.0270402
840.483	0.0275285
840.618	0.0281389
840.752	0.0278948
840.886	0.026674
841.021	0.026674
841.155	0.0275285
841.29	0.0284441
841.424	0.0269181
841.558	0.0272844
841.693	0.0272844
841.827	0.0285052
841.961	0.0273454
842.096	0.028261
842.23	0.0272233
842.365	0.0280168
842.499	0.0275896
842.633	0.0277727
842.768	0.0278948
842.902	0.0277727
843.037	0.0287493
843.171	0.0274065
843.305	0.0275896
843.44	0.0277727
843.574	0.0272844
843.709	0.0279558
843.843	0.0274675
843.977	0.0278948
844.112	0.0261857
844.246	0.0280779
844.381	0.0272233
844.515	0.0273454
844.649	0.0282
844.784	0.0279558
844.918	0.0272233
845.052	0.0278948
845.187	0.028322
845.321	0.0280168
845.456	0.0280779
845.59	0.0275285
845.724	0.0272844
845.859	0.0276506
845.993	0.0270402
846.128	0.0273454
846.262	0.0285052
846.396	0.0275896
846.531	0.0278337
846.665	0.0284441
846.799	0.0279558
846.934	0.0280779
847.068	0.0271013
847.203	0.0277727
847.337	0.0275285
847.471	0.0274065
847.606	0.0273454
847.74	0.0281389
847.874	0.0277117
848.009	0.0283831
848.143	0.0277117
848.278	0.0277727
848.412	0.0286883
848.546	0.0271013
848.681	0.028322
848.815	0.0282
848.949	0.026735
849.084	0.0277727
849.218	0.0275896
849.353	0.026735
849.487	0.0281389
849.621	0.0279558
849.756	0.0273454
849.89	0.0269181
850.024	0.0269792
850.159	0.0279558
850.293	0.0282
850.428	0.0276506
850.562	0.0280779
850.696	0.0280779
850.831	0.0271623
850.965	0.0267961
851.099	0.026735
851.234	0.0271623
851.368	0.0272233
851.502	0.0277727
851.637	0.0283831
851.771	0.0279558
851.906	0.0270402
852.04	0.0277727
852.174	0.0279558
852.309	0.0281389
852.443	0.0277117
852.577	0.0268571
852.712	0.0280779
852.846	0.0280168
852.98	0.0271623
853.115	0.0277117
853.249	0.0272233
853.384	0.0290545
853.518	0.0275285
853.652	0.0274065
853.787	0.0282
853.921	0.0279558
854.055	0.0271013
854.19	0.0280168
854.324	0.0272233
854.458	0.028322
854.593	0.028322
854.727	0.0281389
854.861	0.0278948
854.996	0.0262467
855.13	0.0271623
855.265	0.0275896
855.399	0.0281389
855.533	0.0276506
855.668	0.0280779
855.802	0.0274675
855.936	0.0280779
856.071	0.028322
856.205	0.0269792
856.339	0.0269181
856.474	0.0277727
856.608	0.028322
856.742	0.0268571
856.877	0.0277727
857.011	0.0275896
857.145	0.0275285
857.28	0.026613
857.414	0.0276506
857.549	0.0273454
857.683	0.0277727
857.817	0.0280168
857.952	0.028261
858.086	0.0280168
858.22	0.0281389
858.355	0.0276506
858.489	0.0275285
858.623	0.0277727
858.758	0.0282
858.892	0.0278948
859.026	0.028261
859.161	0.0278948
859.295	0.026735
859.429	0.0271623
859.564	0.0270402
859.698	0.0276506
859.832	0.0279558
859.967	0.0273454
860.101	0.0280168
860.235	0.0270402
860.37	0.0278337
860.504	0.0275896
860.638	0.0284441
860.773	0.0273454
860.907	0.0264909
861.041	0.0282
861.176	0.0275896
861.31	0.0285662
861.444	0.0283831
861.579	0.0271623
861.713	0.0285052
861.847	0.0278337
861.982	0.0276506
862.116	0.0275896
862.25	0.0277727
862.385	0.0280779
862.519	0.0271013
862.653	0.0287493
862.788	0.0274065
862.922	0.0272233
863.056	0.028261
863.191	0.0293597
863.325	0.0280168
863.459	0.0278948
863.594	0.0277727
863.728	0.0274675
863.862	0.0276506
863.997	0.0277727
864.131	0.0280168
864.265	0.0268571
864.4	0.0272844
864.534	0.0275285
864.668	0.0275896
864.803	0.0274675
864.937	0.0273454
865.071	0.028261
865.206	0.0275285
865.34	0.028261
865.474	0.0285052
865.609	0.0273454
865.743	0.028322
865.877	0.0282
866.012	0.0279558
866.146	0.0271013
866.28	0.0277117
866.415	0.0269792
866.549	0.0283831
866.683	0.0270402
866.818	0.0273454
866.952	0.0271623
867.086	0.0285052
867.221	0.0272844
867.355	0.0271623
867.489	0.0280168
867.623	0.0274675
867.758	0.0273454
867.892	0.0272233
868.026	0.0272233
868.161	0.0271013
868.295	0.0278337
868.429	0.0279558
868.564	0.0275896
868.698	0.0271623
868.832	0.0276506
868.967	0.0275896
869.101	0.0272233
869.235	0.026735
869.37	0.0280168
869.504	0.0281389
869.638	0.0277727
869.773	0.0277117
869.907	0.0274675
870.041	0.0275285
870.175	0.0277117
870.31	0.0281389
870.444	0.0271623
870.578	0.0283831
870.713	0.0273454
870.847	0.0283831
870.981	0.026674
871.116	0.0276506
871.25	0.0268571
871.384	0.0275896
871.519	0.0274675
871.653	0.028322
871.787	0.0286883
871.921	0.0279558
872.056	0.0277117
872.19	0.0272844
872.324	0.0276506
872.459	0.0267961
872.593	0.0285052
872.727	0.0275285
872.862	0.0282
872.996	0.0271623
873.13	0.0275285
873.264	0.0274065
873.399	0.0275285
873.533	0.0278948
873.667	0.0283831
873.802	0.0271013
873.936	0.0275285
874.07	0.0270402
874.205	0.0277117
874.339	0.0277117
874.473	0.028322
874.607	0.0275896
874.742	0.0283831
874.876	0.0279558
875.01	0.0277727
875.145	0.0282
875.279	0.0277727
875.413	0.0271013
875.548	0.0274675
875.682	0.0283831
875.816	0.0274675
875.95	0.0277117
876.085	0.0277727
876.219	0.0275285
876.353	0.0279558
876.488	0.0275896
876.622	0.0271623
876.756	0.0269792
876.89	0.0271013
877.025	0.0275285
877.159	0.028261
877.293	0.0282
877.428	0.0274065
877.562	0.0281389
877.696	0.026735
877.83	0.0274065
877.965	0.0278337
878.099	0.0275896
878.233	0.0286883
878.368	0.0272844
878.502	0.0271013
878.636	0.0277117
878.77	0.0275285
878.905	0.0272233
879.039	0.0272844
879.173	0.0274065
879.308	0.0271013
879.442	0.0275285
879.576	0.0271013
879.71	0.0272233
879.845	0.0285052
879.979	0.0274065
880.113	0.0272233
880.248	0.0286883
880.382	0.0277117
880.516	0.0273454
880.65	0.0277727
880.785	0.0267961
880.919	0.0274065
881.053	0.0274675
881.188	0.0274065
881.322	0.0279558
881.456	0.0272233
881.59	0.0280779
881.725	0.0289935
881.859	0.0280779
881.993	0.0272844
882.127	0.0275896
882.262	0.0283831
882.396	0.0279558
882.53	0.0275285
882.665	0.0274065
882.799	0.0275285
882.933	0.0278337
883.067	0.0274065
883.202	0.028261
883.336	0.0280779
883.47	0.0274065
883.604	0.0273454
883.739	0.0279558
883.873	0.0278948
884.007	0.0285052
884.142	0.0273454
884.276	0.0278948
884.41	0.0272844
884.544	0.0280779
884.679	0.0282
884.813	0.0285052
884.947	0.0272233
885.081	0.0281389
885.216	0.0277117
885.35	0.0278337
885.484	0.0281389
885.618	0.028322
885.753	0.0278337
885.887	0.0276506
886.021	0.0276506
886.155	0.0282
886.29	0.0274675
886.424	0.0268571
886.558	0.0275896
886.693	0.0274065
886.827	0.0275896
886.961	0.0283831
887.095	0.0279558
887.23	0.0273454
887.364	0.0278948
887.498	0.0281389
887.632	0.0276506
887.767	0.0282
887.901	0.0271013
888.035	0.0279558
888.169	0.0275896
888.304	0.0272233
888.438	0.028322
888.572	0.0274675
888.706	0.0282
888.841	0.0270402
888.975	0.0275896
889.109	0.0277727
889.243	0.0277727
889.378	0.0274675
889.512	0.0280168
889.646	0.0283831
889.78	0.0280779
889.915	0.0278948
890.049	0.0279558
890.183	0.0280168
890.317	0.0270402
890.452	0.0278337
890.586	0.0274065
890.72	0.0275896
890.854	0.0278948
890.989	0.0275896
891.123	0.0275285
891.257	0.0272844
891.391	0.0278948
891.526	0.028322
891.66	0.0275285
891.794	0.0278337
891.928	0.0275285
892.063	0.0269181
892.197	0.028261
892.331	0.0277117
892.465	0.0269181
892.6	0.028261
892.734	0.0276506
892.868	0.0277727
893.002	0.0278337
893.137	0.0274065
893.271	0.0278948
893.405	0.0278948
893.539	0.0277727
893.674	0.0278337
893.808	0.0272233
893.942	0.0280779
894.076	0.0269792
894.21	0.0279558
894.345	0.0275285
894.479	0.0274675
894.613	0.0279558
894.747	0.0274675
894.882	0.0277117
895.016	0.0277727
895.15	0.0285052
895.284	0.0270402
895.419	0.0278337
895.553	0.0280168
895.687	0.0275896
895.821	0.0277117
895.956	0.0284441
896.09	0.0272233
896.224	0.0278337
896.358	0.0274675
896.492	0.0273454
896.627	0.0269792
896.761	0.0275285
896.895	0.0277117
897.029	0.0285052
897.164	0.0285662
897.298	0.0270402
897.432	0.0275896
897.566	0.0288714
897.701	0.0278948
897.835	0.0273454
897.969	0.0275285
898.103	0.0274065
898.237	0.0274675
898.372	0.0267961
898.506	0.0280779
898.64	0.0275896
898.774	0.0281389
898.909	0.0290545
899.043	0.0273454
899.177	0.0281389
899.311	0.0275285
899.445	0.0272233
899.58	0.0272233
899.714	0.0274675
899.848	0.0276506
899.982	0.0282
900.117	0.0277117
900.251	0.0271013
900.385	0.0274675
900.519	0.0287493
900.653	0.0276506
900.788	0.0275285
900.922	0.0275896
901.056	0.0269792
901.19	0.0279558
901.325	0.0273454
901.459	0.0272844
901.593	0.0269181
901.727	0.0272844
901.861	0.0278948
901.996	0.0272233
902.13	0.0271013
902.264	0.0284441
902.398	0.0273454
902.532	0.0273454
902.667	0.0275896
902.801	0.0276506
902.935	0.0277117
903.069	0.0277727
903.204	0.0285052
903.338	0.0278948
903.472	0.0275285
903.606	0.0271013
903.74	0.0276506
903.875	0.028261
904.009	0.0277117
904.143	0.0282
904.277	0.0264909
904.411	0.0280168
904.546	0.0278948
904.68	0.0282
904.814	0.0274065
904.948	0.0272233
905.082	0.0288714
905.217	0.0277727
905.351	0.0271623
905.485	0.0277117
905.619	0.0274675
905.753	0.0279558
905.888	0.0277117
906.022	0.0279558
906.156	0.0276506
906.29	0.0274065
906.424	0.0273454
906.559	0.0274675
906.693	0.0275285
906.827	0.0280779
906.961	0.0271013
907.095	0.0283831
907.23	0.028322
907.364	0.0275896
907.498	0.0281389
907.632	0.0274675
907.766	0.0274675
907.901	0.0278337
908.035	0.0277727
908.169	0.0280168
908.303	0.0271013
908.437	0.0276506
908.572	0.0277727
908.706	0.026674
908.84	0.0274675
908.974	0.0280779
909.108	0.0277727
909.243	0.0280779
909.377	0.0272233
909.511	0.0280168
909.645	0.0272233
909.779	0.0275285
909.914	0.0271013
910.048	0.0272844
910.182	0.0272233
910.316	0.0277727
910.45	0.0274675
910.585	0.0281389
910.719	0.0273454
910.853	0.0278948
910.987	0.0275896
911.121	0.0279558
911.255	0.0273454
911.39	0.0279558
911.524	0.0278948
911.658	0.0277117
911.792	0.0278337
911.926	0.0278948
912.061	0.0275896
912.195	0.0283831
912.329	0.0274675
912.463	0.0274065
912.597	0.0276506
912.732	0.0278948
912.866	0.028322
913	0.0281389
913.134	0.0278948
913.268	0.0277727
913.402	0.0280168
913.537	0.0278337
913.671	0.0271013
913.805	0.0277117
913.939	0.0275285
914.073	0.0283831
914.208	0.0273454
914.342	0.0277727
914.476	0.0272233
914.61	0.0273454
914.744	0.0277117
914.878	0.0278948
915.013	0.0285052
915.147	0.0282
915.281	0.0286272
915.415	0.0280168
915.549	0.0274675
915.683	0.0274065
915.818	0.0281389
915.952	0.0280779
916.086	0.028261
916.22	0.028261
916.354	0.0273454
916.488	0.0279558
916.623	0.0273454
916.757	0.0280779
916.891	0.0272233
917.025	0.0275285
917.159	0.0277117
917.293	0.0283831
917.428	0.0285052
917.562	0.0277117
917.696	0.0276506
917.83	0.0287493
917.964	0.0275896
918.098	0.0271013
918.233	0.0275896
918.367	0.028322
918.501	0.0278337
918.635	0.0279558
918.769	0.0275896
918.903	0.0275285
919.038	0.0275285
919.172	0.0274675
919.306	0.0284441
919.44	0.0275896
919.574	0.0275285
919.708	0.0278948
919.843	0.0271013
919.977	0.0280168
920.111	0.0277727
920.245	0.0279558
920.379	0.0274065
920.513	0.0279558
920.648	0.0278337
920.782	0.0277727
920.916	0.0274065
921.05	0.0275285
921.184	0.0285052
921.318	0.0281389
921.453	0.0268571
921.587	0.0272233
921.721	0.0274675
921.855	0.026613
921.989	0.0279558
922.123	0.0272844
922.257	0.0275285
922.392	0.0271013
922.526	0.0276506
922.66	0.0277117
922.794	0.0280779
922.928	0.0278337
923.062	0.0274065
923.197	0.0269792
923.331	0.0282
923.465	0.0286272
923.599	0.0284441
923.733	0.0274065
923.867	0.0280779
924.001	0.0272233
924.136	0.0280168
924.27	0.0278948
924.404	0.0275896
924.538	0.0271013
924.672	0.026735
924.806	0.0274065
924.94	0.0272844
925.075	0.0272233
925.209	0.0279558
925.343	0.0275285
925.477	0.0274675
925.611	0.0278948
925.745	0.0277117
925.879	0.0276506
926.014	0.0275285
926.148	0.0282
926.282	0.0267961
926.416	0.0270402
926.55	0.0276506
926.684	0.0276506
926.818	0.0279558
926.953	0.0278337
927.087	0.0275285
927.221	0.0281389
927.355	0.0278948
927.489	0.0282
927.623	0.0285052
927.757	0.0280779
927.892	0.0273454
928.026	0.0278337
928.16	0.0275285
928.294	0.0277117
928.428	0.0271623
928.562	0.0278948
928.696	0.0270402
928.831	0.0277727
928.965	0.0264909
929.099	0.0280779
929.233	0.026735
929.367	0.028322
929.501	0.0269792
929.635	0.0275285
929.769	0.0281389
929.904	0.0271623
930.038	0.0278948
930.172	0.0272844
930.306	0.0278337
930.44	0.0275285
930.574	0.0284441
930.708	0.0274065
930.843	0.0278948
930.977	0.0273454
931.111	0.0272844
931.245	0.0277727
931.379	0.026735
931.513	0.0272233
931.647	0.0285052
931.781	0.0275285
931.916	0.0269792
932.05	0.0272844
932.184	0.028261
932.318	0.0276506
932.452	0.0278337
932.586	0.0278337
932.72	0.0277117
932.854	0.0279558
932.989	0.0277117
933.123	0.0278948
933.257	0.0280779
933.391	0.0276506
933.525	0.0274065
933.659	0.0282
933.793	0.0277117
933.927	0.0282
934.061	0.0276506
934.196	0.0277727
934.33	0.028261
934.464	0.0274065
934.598	0.0272233
934.732	0.0268571
934.866	0.0279558
935	0.0274065
935.134	0.0268571
935.269	0.0275285
935.403	0.0279558
935.537	0.0279558
935.671	0.0278948
935.805	0.0271623
935.939	0.0268571
936.073	0.0280168
936.207	0.0282
936.341	0.0278948
936.476	0.0275285
936.61	0.0277727
936.744	0.0269181
936.878	0.0275896
937.012	0.0277727
937.146	0.0281389
937.28	0.0275285
937.414	0.0278337
937.548	0.028322
937.683	0.028261
937.817	0.0272844
937.951	0.0283831
938.085	0.0272233
938.219	0.0280779
938.353	0.0278337
938.487	0.0281389
938.621	0.0272233
938.755	0.0285052
938.889	0.0281389
939.024	0.0281389
939.158	0.0278948
939.292	0.0280168
939.426	0.0271013
939.56	0.028261
939.694	0.0275285
939.828	0.0275896
939.962	0.028261
940.096	0.0274675
940.231	0.0281389
940.365	0.0274065
940.499	0.0274675
940.633	0.0272844
940.767	0.028261
940.901	0.0277117
941.035	0.0264909
941.169	0.0276506
941.303	0.0274675
941.437	0.0279558
941.571	0.0282
941.706	0.0277117
941.84	0.0274675
941.974	0.0279558
942.108	0.0283831
942.242	0.0286272
942.376	0.0274675
942.51	0.0278337
942.644	0.0277117
942.778	0.0279558
942.912	0.0278337
943.047	0.026735
943.181	0.0278948
943.315	0.0272233
943.449	0.0281389
943.583	0.0274675
943.717	0.0277117
943.851	0.0277117
943.985	0.026674
944.119	0.0273454
944.253	0.0278948
944.387	0.0286272
944.522	0.0274065
944.656	0.0281389
944.79	0.0277727
944.924	0.0276506
945.058	0.0276506
945.192	0.0278337
945.326	0.0277117
945.46	0.0281389
945.594	0.0270402
945.728	0.0284441
945.862	0.0271013
945.996	0.0273454
946.131	0.026674
946.265	0.0277727
946.399	0.0273454
946.533	0.0280779
946.667	0.0272844
946.801	0.0286272
946.935	0.028322
947.069	0.026735
947.203	0.0280779
947.337	0.028322
947.471	0.0275896
947.605	0.0278337
947.739	0.0277727
947.874	0.0277117
948.008	0.0269181
948.142	0.0278337
948.276	0.0271013
948.41	0.0275285
948.544	0.0275896
948.678	0.0275896
948.812	0.0277117
948.946	0.0274675
949.08	0.0279558
949.214	0.0277117
949.348	0.0282
949.482	0.026735
949.617	0.0273454
949.751	0.0286883
949.885	0.0275896
950.019	0.0281389
950.153	0.0274065
950.287	0.0277727
950.421	0.0272844
950.555	0.0274675
950.689	0.0272844
950.823	0.0265519
950.957	0.0274065
951.091	0.0273454
951.225	0.0272233
951.359	0.0268571
951.493	0.0282
951.628	0.0273454
951.762	0.0272233
951.896	0.0277727
952.03	0.0273454
952.164	0.0269181
952.298	0.0275896
952.432	0.0274065
952.566	0.0265519
952.7	0.0281389
952.834	0.028261
952.968	0.0275285
953.102	0.0271623
953.236	0.028261
953.37	0.0272233
953.504	0.0276506
953.639	0.0278337
953.773	0.0263688
953.907	0.0269792
954.041	0.0276506
954.175	0.0275285
954.309	0.0277117
954.443	0.0278948
954.577	0.0274065
954.711	0.0271623
954.845	0.0281389
954.979	0.0272233
955.113	0.0281389
955.247	0.0278948
955.381	0.028322
955.515	0.0280168
955.649	0.0278337
955.783	0.0275285
955.917	0.0277117
956.052	0.0269792
956.186	0.0278337
956.32	0.0270402
956.454	0.0277727
956.588	0.0279558
956.722	0.0277727
956.856	0.028261
956.99	0.0275896
957.124	0.0278948
957.258	0.028322
957.392	0.0269792
957.526	0.0275285
957.66	0.0270402
957.794	0.0275896
957.928	0.0274065
958.062	0.0280168
958.196	0.0271623
958.33	0.0275896
958.464	0.0272844
958.598	0.0279558
958.733	0.0275896
958.867	0.0274065
959.001	0.0271623
959.135	0.0275285
959.269	0.0275285
959.403	0.0278337
959.537	0.0277727
959.671	0.0271623
959.805	0.0284441
959.939	0.0279558
960.073	0.0272233
960.207	0.0277117
960.341	0.0281389
960.475	0.0275285
960.609	0.0275285
960.743	0.0276506
960.877	0.0274675
961.011	0.0274065
961.145	0.0281389
961.279	0.0272233
961.413	0.0274065
961.547	0.0277727
961.681	0.0272233
961.815	0.0272233
961.949	0.0269792
962.083	0.0281389
962.218	0.0275896
962.352	0.0274065
962.486	0.0277117
962.62	0.0271013
962.754	0.0270402
962.888	0.0282
963.022	0.0282
963.156	0.0279558
963.29	0.0278948
963.424	0.0280168
963.558	0.0271623
963.692	0.0275285
963.826	0.0278337
963.96	0.0278948
964.094	0.0272844
964.228	0.028261
964.362	0.028261
964.496	0.0274675
964.63	0.0275285
964.764	0.0277117
964.898	0.0287493
965.032	0.0276506
965.166	0.0275896
965.3	0.0275896
965.434	0.0278337
965.568	0.0285052
965.702	0.0265519
965.836	0.0281389
965.97	0.0275285
966.104	0.0270402
966.238	0.0277727
966.372	0.0280779
966.506	0.0278337
966.64	0.0275285
966.774	0.0279558
966.908	0.026735
967.043	0.0285662
967.177	0.0274675
967.311	0.0285662
967.445	0.0276506
967.579	0.0270402
967.713	0.0274065
967.847	0.0271623
967.981	0.0269792
968.115	0.0285662
968.249	0.0278948
968.383	0.0280779
968.517	0.0273454
968.651	0.0286272
968.785	0.0285052
968.919	0.0278337
969.053	0.0280168
969.187	0.0280168
969.321	0.0277117
969.455	0.0279558
969.589	0.026735
969.723	0.028261
969.857	0.0288104
969.991	0.0274675
970.125	0.0280168
970.259	0.0270402
970.393	0.0277727
970.527	0.0285662
970.661	0.0283831
970.795	0.0277117
970.929	0.0279558
971.063	0.0281389
971.197	0.0274675
971.331	0.0277117
971.465	0.0289324
971.599	0.0275285
971.733	0.0277117
971.867	0.0278337
972.001	0.0278948
972.135	0.0269181
972.269	0.0281389
972.403	0.0277117
972.537	0.0269792
972.671	0.0274675
972.805	0.0274675
972.939	0.028261
973.073	0.0275896
973.207	0.0275285
973.341	0.0274065
973.475	0.0272844
973.609	0.0271013
973.743	0.0277117
973.877	0.0280168
974.011	0.0267961
974.145	0.0278948
974.279	0.0277727
974.413	0.0279558
974.547	0.0277117
974.681	0.0279558
974.815	0.0270402
974.949	0.0276506
975.083	0.0270402
975.217	0.0277727
975.351	0.0280779
975.485	0.0275285
975.619	0.0277727
975.753	0.0272233
975.887	0.0279558
976.021	0.0284441
976.155	0.0279558
976.289	0.0278948
976.423	0.0274065
976.557	0.0276506
976.691	0.0274675
976.825	0.0287493
976.959	0.0271623
977.093	0.0267961
977.227	0.0277117
977.361	0.0283831
977.495	0.0278337
977.629	0.0274065
977.763	0.0271013
977.897	0.0277117
978.031	0.0275896
978.165	0.0271623
978.299	0.0285052
978.433	0.0285662
978.567	0.0281389
978.701	0.0280779
978.835	0.0271013
978.969	0.0277727
979.103	0.0284441
979.237	0.0285052
979.371	0.026613
979.505	0.0280168
979.639	0.0280779
979.773	0.0278948
979.907	0.0278337
980.041	0.0274675
980.175	0.0276506
980.308	0.0273454
980.442	0.0277117
980.576	0.0270402
980.71	0.0269181
980.844	0.0272233
980.978	0.0280779
981.112	0.0277117
981.246	0.0283831
981.38	0.0276506
981.514	0.0274065
981.648	0.0276506
981.782	0.0282
981.916	0.0277117
982.05	0.0284441
982.184	0.0267961
982.318	0.0277117
982.452	0.0270402
982.586	0.0278337
982.72	0.0277117
982.854	0.0277727
982.988	0.0278337
983.122	0.0265519
983.256	0.0275896
983.39	0.0278337
983.524	0.0275285
983.658	0.028261
983.792	0.0270402
983.926	0.0280168
984.06	0.0275285
984.194	0.0272233
984.328	0.0278948
984.462	0.0280168
984.596	0.028261
984.73	0.028322
984.864	0.0280779
984.998	0.0278948
985.132	0.0278948
985.265	0.0278948
985.399	0.0282
985.533	0.0277727
985.667	0.026735
985.801	0.0270402
985.935	0.028322
986.069	0.0278337
986.203	0.0282
986.337	0.0275285
986.471	0.0283831
986.605	0.0275285
986.739	0.0286272
986.873	0.0272844
987.007	0.0274675
987.141	0.0282
987.275	0.0278948
987.409	0.0275285
987.543	0.0271623
987.677	0.0275896
987.811	0.0288104
987.945	0.0273454
988.079	0.0277727
988.213	0.0271013
988.347	0.0280779
988.481	0.0278948
988.614	0.0285052
988.748	0.0261857
988.882	0.0283831
989.016	0.0272233
989.15	0.0274065
989.284	0.0276506
989.418	0.0279558
989.552	0.0277727
989.686	0.0281389
989.82	0.0279558
989.954	0.0272233
990.088	0.0275896
990.222	0.0278337
990.356	0.0280779
990.49	0.0283831
990.624	0.0278948
990.758	0.0288714
990.892	0.0274675
991.026	0.0277117
991.16	0.0279558
991.294	0.0272233
991.427	0.0276506
991.561	0.0278337
991.695	0.0271623
991.829	0.0274675
991.963	0.0272844
992.097	0.0274675
992.231	0.0280168
992.365	0.0275896
992.499	0.0284441
992.633	0.0278948
992.767	0.0277117
992.901	0.0274675
993.035	0.0272233
993.169	0.0276506
993.303	0.028261
993.437	0.0275896
993.571	0.0281389
993.704	0.0281389
993.838	0.028322
993.972	0.0282
994.106	0.0286272
994.24	0.0277117
994.374	0.0274675
994.508	0.026735
994.642	0.0283831
994.776	0.0275285
994.91	0.0278948
995.044	0.0275285
995.178	0.0268571
995.312	0.028261
995.446	0.0275896
995.58	0.0278948
995.714	0.0267961
995.847	0.0275896
995.981	0.0271623
996.115	0.0280779
996.249	0.0275896
996.383	0.0280779
996.517	0.0278948
996.651	0.0274675
996.785	0.0280168
996.919	0.0271013
997.053	0.0281389
997.187	0.0280779
997.321	0.0275285
997.455	0.0278948
997.589	0.0271623
997.722	0.0281389
997.856	0.0275896
997.99	0.0277117
998.124	0.0275285
998.258	0.0275896
998.392	0.0280168
998.526	0.0274675
998.66	0.0274675
998.794	0.0271623
998.928	0.0283831
999.062	0.0277117
999.196	0.0275285
999.33	0.0276506
999.464	0.0283831
999.597	0.0280168
999.731	0.0278948
999.865	0.0277727
999.999	0.028322
1000.13	0.0282
1000.27	0.0281389
1000.4	0.0270402
1000.53	0.0278948
1000.67	0.0278948
1000.8	0.0281389
1000.94	0.0285052
1001.07	0.0278948
1001.2	0.0274675
1001.34	0.0285662
1001.47	0.0271013
1001.61	0.0268571
1001.74	0.0277117
1001.87	0.0279558
1002.01	0.0277117
1002.14	0.0272233
1002.28	0.0280168
1002.41	0.0279558
1002.54	0.0285052
1002.68	0.0280779
1002.81	0.0283831
1002.95	0.0277117
1003.08	0.0279558
1003.21	0.0273454
1003.35	0.0277117
1003.48	0.0288714
1003.61	0.0289935
1003.75	0.0272233
1003.88	0.0275896
1004.02	0.0288714
1004.15	0.0283831
1004.28	0.0281389
1004.42	0.0277727
1004.55	0.0281389
1004.69	0.0272844
1004.82	0.0279558
1004.95	0.0276506
1005.09	0.0274675
1005.22	0.0274065
1005.36	0.0280779
1005.49	0.0267961
1005.62	0.0277727
1005.76	0.0269181
1005.89	0.0280168
1006.03	0.0270402
1006.16	0.0274065
1006.29	0.0275896
1006.43	0.0275896
1006.56	0.0277727
1006.69	0.0274065
1006.83	0.0284441
1006.96	0.0280779
1007.1	0.0272844
1007.23	0.0270402
1007.36	0.028261
1007.5	0.0280779
1007.63	0.0268571
1007.77	0.0277727
1007.9	0.0276506
1008.03	0.0273454
1008.17	0.0282
1008.3	0.0273454
1008.44	0.0274065
1008.57	0.026735
1008.7	0.0274065
1008.84	0.026735
1008.97	0.0277117
1009.1	0.0272233
1009.24	0.0277117
1009.37	0.0272844
1009.51	0.0275896
1009.64	0.0280168
1009.77	0.0276506
1009.91	0.0272844
1010.04	0.0276506
1010.18	0.0276506
1010.31	0.0274675
1010.44	0.0272233
1010.58	0.0283831
1010.71	0.0277727
1010.85	0.0275896
1010.98	0.0279558
1011.11	0.0269792
1011.25	0.0267961
1011.38	0.0289935
1011.51	0.0276506
1011.65	0.0271013
1011.78	0.0275285
1011.92	0.0272844
1012.05	0.0277117
1012.18	0.0280168
1012.32	0.0278948
1012.45	0.0279558
1012.59	0.0275896
1012.72	0.0278337
1012.85	0.0275285
1012.99	0.0272844
1013.12	0.0274065
1013.26	0.0272844
1013.39	0.0275896
1013.52	0.0274065
1013.66	0.0275285
1013.79	0.0280168
1013.92	0.0273454
1014.06	0.0278948
1014.19	0.0277117
1014.33	0.0271013
1014.46	0.0277117
1014.59	0.0277117
1014.73	0.028322
1014.86	0.0282
1015	0.0275285
1015.13	0.0277117
1015.26	0.0274065
1015.4	0.028322
1015.53	0.0277117
1015.67	0.0280168
1015.8	0.0280779
1015.93	0.0280168
1016.07	0.0276506
1016.2	0.0284441
1016.33	0.0274065
1016.47	0.0277727
1016.6	0.0280168
1016.74	0.0277727
1016.87	0.0276506
1017	0.0284441
1017.14	0.0274065
1017.27	0.0278948
1017.41	0.0274675
1017.54	0.0278337
1017.67	0.028261
1017.81	0.0275285
1017.94	0.0274675
1018.07	0.0280779
1018.21	0.0275896
1018.34	0.0280779
1018.48	0.0286272
1018.61	0.0280779
1018.74	0.0277727
1018.88	0.0278337
1019.01	0.0271623
1019.15	0.0277117
1019.28	0.0282
1019.41	0.0283831
1019.55	0.0281389
1019.68	0.0279558
1019.82	0.0275896
1019.95	0.0280779
1020.08	0.0269792
1020.22	0.0278948
1020.35	0.0272844
1020.48	0.0274675
1020.62	0.0277117
1020.75	0.0272233
1020.89	0.0276506
1021.02	0.0277727
1021.15	0.0270402
1021.29	0.0290545
1021.42	0.0275285
1021.56	0.0279558
1021.69	0.0279558
1021.82	0.0268571
1021.96	0.0277727
1022.09	0.0273454
1022.22	0.0275896
1022.36	0.0272844
1022.49	0.0272233
1022.63	0.0277727
1022.76	0.0277727
1022.89	0.0277727
1023.03	0.0278948
1023.16	0.0274065
1023.3	0.0272844
1023.43	0.0277727
1023.56	0.0285662
1023.7	0.0283831
1023.83	0.0275896
1023.96	0.0269181
1024.1	0.0274065
1024.23	0.0277727
1024.37	0.0274065
1024.5	0.0277117
1024.63	0.0280168
1024.77	0.0281389
1024.9	0.0280168
1025.04	0.0271623
1025.17	0.0289324
1025.3	0.0277117
1025.44	0.0276506
1025.57	0.0276506
1025.7	0.0275896
1025.84	0.0272844
1025.97	0.0275285
1026.11	0.0276506
1026.24	0.0277117
1026.37	0.0281389
1026.51	0.0280168
1026.64	0.0269181
1026.78	0.0273454
1026.91	0.0274675
1027.04	0.0281389
1027.18	0.0275896
1027.31	0.0282
1027.44	0.0274065
1027.58	0.0280779
1027.71	0.0275285
1027.85	0.0283831
1027.98	0.0274675
1028.11	0.0274065
1028.25	0.0269792
1028.38	0.0271013
1028.52	0.026613
1028.65	0.0274675
1028.78	0.0278337
1028.92	0.0273454
1029.05	0.0271013
1029.18	0.0280168
1029.32	0.0278948
1029.45	0.0277727
1029.59	0.0284441
1029.72	0.0272233
1029.85	0.028261
1029.99	0.0272844
1030.12	0.0275896
1030.26	0.0272233
1030.39	0.0284441
1030.52	0.0276506
1030.66	0.0280779
1030.79	0.0278337
1030.92	0.0280168
1031.06	0.0275896
1031.19	0.0272233
1031.33	0.0274675
1031.46	0.0273454
1031.59	0.028261
1031.73	0.0285662
1031.86	0.0278337
1031.99	0.0277727
1032.13	0.0282
1032.26	0.0278337
1032.4	0.0277727
1032.53	0.0275896
1032.66	0.0267961
1032.8	0.0274675
1032.93	0.028261
1033.07	0.0277727
1033.2	0.0269792
1033.33	0.0275896
1033.47	0.0274065
1033.6	0.0273454
1033.73	0.0270402
1033.87	0.028261
1034	0.0287493
1034.14	0.028261
1034.27	0.0272233
1034.4	0.0271013
1034.54	0.0280779
1034.67	0.0277117
1034.81	0.0280168
1034.94	0.0273454
1035.07	0.0274065
1035.21	0.0280168
1035.34	0.0268571
1035.47	0.0277117
1035.61	0.0274675
1035.74	0.0271623
1035.88	0.0272844
1036.01	0.0275896
1036.14	0.0283831
1036.28	0.0267961
1036.41	0.0263688
1036.54	0.0276506
1036.68	0.0275285
1036.81	0.0274675
1036.95	0.0265519
1037.08	0.0271623
1037.21	0.0271623
1037.35	0.0272233
1037.48	0.0278337
1037.62	0.0269792
1037.75	0.0267961
1037.88	0.0272233
1038.02	0.0281389
1038.15	0.0272844
1038.28	0.0278948
1038.42	0.0281389
1038.55	0.0284441
1038.69	0.0275896
1038.82	0.0280168
1038.95	0.0282
1039.09	0.0276506
1039.22	0.0270402
1039.35	0.0272844
1039.49	0.0278948
1039.62	0.0270402
1039.76	0.0281389
1039.89	0.0277117
1040.02	0.0277727
1040.16	0.0272844
1040.29	0.0284441
1040.43	0.0277117
1040.56	0.0271013
1040.69	0.0283831
1040.83	0.0275285
1040.96	0.0269792
1041.09	0.0280168
1041.23	0.0279558
1041.36	0.0279558
1041.5	0.0277117
1041.63	0.0282
1041.76	0.0276506
1041.9	0.0285052
1042.03	0.0271623
1042.16	0.0271623
1042.3	0.0269181
1042.43	0.028322
1042.57	0.0279558
1042.7	0.0277727
1042.83	0.0278337
1042.97	0.0272233
1043.1	0.0263078
1043.23	0.0274675
1043.37	0.0272233
1043.5	0.0272844
1043.64	0.0268571
1043.77	0.0276506
1043.9	0.0267961
1044.04	0.0274065
1044.17	0.0279558
1044.31	0.0275285
1044.44	0.0270402
1044.57	0.0269792
1044.71	0.0274065
1044.84	0.0271623
1044.97	0.0280779
1045.11	0.0281389
1045.24	0.0274065
1045.38	0.0282
1045.51	0.0277117
1045.64	0.0275285
1045.78	0.028261
1045.91	0.0271013
1046.04	0.0275285
1046.18	0.0276506
1046.31	0.0277117
1046.45	0.0276506
1046.58	0.0275896
1046.71	0.0274675
1046.85	0.0275285
1046.98	0.0270402
1047.11	0.0272233
1047.25	0.0277727
1047.38	0.0277727
1047.52	0.0279558
1047.65	0.0282
1047.78	0.0271013
1047.92	0.0278948
1048.05	0.0276506
1048.18	0.0277727
1048.32	0.0279558
1048.45	0.0280168
1048.59	0.0274065
1048.72	0.0273454
1048.85	0.028261
1048.99	0.0272233
1049.12	0.0270402
1049.25	0.0277727
1049.39	0.0268571
1049.52	0.0275896
1049.66	0.0278948
1049.79	0.0276506
1049.92	0.0268571
1050.06	0.0274675
1050.19	0.0269181
1050.33	0.0277727
1050.46	0.0279558
1050.59	0.0276506
1050.73	0.0279558
1050.86	0.0278337
1050.99	0.0278948
1051.13	0.0268571
1051.26	0.0268571
1051.4	0.0269792
1051.53	0.0278337
1051.66	0.0289935
1051.8	0.0277117
1051.93	0.0274675
1052.06	0.0285052
1052.2	0.0272233
1052.33	0.0285662
1052.47	0.0281389
1052.6	0.0274065
1052.73	0.0277727
1052.87	0.0277117
1053	0.0288104
1053.13	0.0274065
1053.27	0.0272233
1053.4	0.0271623
1053.54	0.0278948
1053.67	0.028322
1053.8	0.0286883
1053.94	0.0273454
1054.07	0.026674
1054.2	0.0288714
1054.34	0.028261
1054.47	0.0274065
1054.61	0.0281389
1054.74	0.0293597
1054.87	0.0274675
1055.01	0.0271623
1055.14	0.0267961
1055.27	0.0280168
1055.41	0.0270402
1055.54	0.0285052
1055.68	0.0291766
1055.81	0.0277727
1055.94	0.028261
1056.08	0.0278337
1056.21	0.0278337
1056.34	0.0286883
1056.48	0.0274065
1056.61	0.0272233
1056.75	0.026613
1056.88	0.0271623
1057.01	0.0275285
1057.15	0.0277727
1057.28	0.0274065
1057.41	0.0276506
1057.55	0.0275896
1057.68	0.0271623
1057.82	0.0277727
1057.95	0.0280168
1058.08	0.0277117
1058.22	0.0278337
1058.35	0.0286883
1058.48	0.0280168
1058.62	0.0286883
1058.75	0.0279558
1058.89	0.0274675
1059.02	0.0278337
1059.15	0.0275285
1059.29	0.0280779
1059.42	0.0273454
1059.55	0.0274065
1059.69	0.0280168
1059.82	0.0277117
1059.96	0.0280168
1060.09	0.0280779
1060.22	0.0267961
1060.36	0.0280779
1060.49	0.0282
1060.62	0.0276506
1060.76	0.0271623
1060.89	0.0274065
1061.03	0.0275285
1061.16	0.0281389
1061.29	0.0275285
1061.43	0.0275896
1061.56	0.0275896
1061.69	0.0274675
1061.83	0.0280779
1061.96	0.028261
1062.1	0.0284441
1062.23	0.0288714
1062.36	0.0275896
1062.5	0.0278337
1062.63	0.0282
1062.76	0.0277727
1062.9	0.0281389
1063.03	0.0275285
1063.17	0.0277727
1063.3	0.0273454
1063.43	0.0270402
1063.57	0.0280168
1063.7	0.0269792
1063.83	0.0284441
1063.97	0.0276506
1064.1	0.0279558
1064.23	0.0279558
1064.37	0.0284441
1064.5	0.0285662
1064.64	0.0269792
1064.77	0.0280168
1064.9	0.0280779
1065.04	0.0278337
1065.17	0.0274065
1065.3	0.0274675
1065.44	0.0280168
1065.57	0.0277727
1065.71	0.0278948
1065.84	0.0278337
1065.97	0.0277117
1066.11	0.0278948
1066.24	0.0277727
1066.37	0.0281389
1066.51	0.0271623
1066.64	0.0275285
1066.78	0.0278948
1066.91	0.0273454
1067.04	0.0284441
1067.18	0.0276506
1067.31	0.0275285
1067.44	0.0276506
1067.58	0.0278948
1067.71	0.0278337
1067.85	0.0278337
1067.98	0.0279558
1068.11	0.0277117
1068.25	0.0282
1068.38	0.0276506
1068.51	0.0280168
1068.65	0.0277117
1068.78	0.0284441
1068.92	0.0274675
1069.05	0.0280779
1069.18	0.0272233
1069.32	0.0271013
1069.45	0.0271013
1069.58	0.0275285
1069.72	0.0274675
1069.85	0.0274675
1069.98	0.0275896
1070.12	0.026735
1070.25	0.0280168
1070.39	0.0269181
1070.52	0.0280168
1070.65	0.0279558
1070.79	0.0263078
1070.92	0.0274065
1071.05	0.0277727
1071.19	0.0275896
1071.32	0.0271013
1071.46	0.0273454
1071.59	0.0272844
1071.72	0.0274675
1071.86	0.0277117
1071.99	0.0278948
1072.12	0.0278337
1072.26	0.0277117
1072.39	0.0272844
1072.53	0.0270402
1072.66	0.0283831
1072.79	0.0273454
1072.93	0.0280779
1073.06	0.0279558
1073.19	0.028322
1073.33	0.0270402
1073.46	0.0280168
1073.59	0.0267961
1073.73	0.0275896
1073.86	0.0275896
1074	0.0280168
1074.13	0.0269792
1074.26	0.0277117
1074.4	0.0278337
1074.53	0.0275285
1074.66	0.0279558
1074.8	0.0280168
1074.93	0.0274675
1075.07	0.0274065
1075.2	0.028322
1075.33	0.0270402
1075.47	0.026613
1075.6	0.0285662
1075.73	0.0277727
1075.87	0.0274675
1076	0.0277727
1076.14	0.0264909
1076.27	0.0270402
1076.4	0.0275285
1076.54	0.0285662
1076.67	0.0281389
1076.8	0.0282
1076.94	0.0275896
1077.07	0.0278948
1077.2	0.0275285
1077.34	0.0282
1077.47	0.0271623
1077.61	0.0275896
1077.74	0.0277727
1077.87	0.0279558
1078.01	0.028261
1078.14	0.0276506
1078.27	0.0272233
1078.41	0.0277727
1078.54	0.0280779
1078.68	0.0278337
1078.81	0.0270402
1078.94	0.028261
1079.08	0.0273454
1079.21	0.0271623
1079.34	0.028261
1079.48	0.0275896
1079.61	0.0275896
1079.74	0.0271013
1079.88	0.0282
1080.01	0.0274065
1080.15	0.0282
1080.28	0.0273454
1080.41	0.0277727
1080.55	0.0275896
1080.68	0.0269792
1080.81	0.0285052
1080.95	0.0268571
1081.08	0.0287493
1081.22	0.0280168
1081.35	0.0275285
1081.48	0.0270402
1081.62	0.0274065
1081.75	0.0278337
1081.88	0.0269792
1082.02	0.0269792
1082.15	0.0275285
1082.28	0.0272844
1082.42	0.0277117
1082.55	0.0278337
1082.69	0.0285662
1082.82	0.0275896
1082.95	0.0273454
1083.09	0.0278948
1083.22	0.0275896
1083.35	0.0271013
1083.49	0.0275285
1083.62	0.0280168
1083.75	0.0276506
1083.89	0.028322
1084.02	0.0268571
1084.16	0.0288104
1084.29	0.0274675
1084.42	0.0278337
1084.56	0.0274065
1084.69	0.0276506
1084.82	0.0274065
1084.96	0.0282
1085.09	0.0275285
1085.23	0.0281389
1085.36	0.026613
1085.49	0.0276506
1085.63	0.0275285
1085.76	0.0277117
1085.89	0.0288714
1086.03	0.028322
1086.16	0.0272844
1086.29	0.0278337
1086.43	0.0277727
1086.56	0.0270402
1086.7	0.0279558
1086.83	0.0283831
1086.96	0.0276506
1087.1	0.0269181
1087.23	0.0277727
1087.36	0.0279558
1087.5	0.0271013
1087.63	0.0274065
1087.76	0.028322
1087.9	0.0272844
1088.03	0.0281389
1088.17	0.0276506
1088.3	0.0284441
1088.43	0.0280168
1088.57	0.0274065
1088.7	0.0277117
1088.83	0.0276506
1088.97	0.0274675
1089.1	0.0278948
1089.24	0.0275896
1089.37	0.0277727
1089.5	0.0265519
1089.64	0.0280168
1089.77	0.0274065
1089.9	0.0274065
1090.04	0.028322
1090.17	0.0279558
1090.3	0.0277117
1090.44	0.0280168
1090.57	0.0280779
1090.71	0.0281389
1090.84	0.0277117
1090.97	0.0274675
1091.11	0.0274065
1091.24	0.028261
1091.37	0.028261
1091.51	0.0278948
1091.64	0.0274675
1091.77	0.0279558
1091.91	0.0278337
1092.04	0.0262467
1092.18	0.0277117
1092.31	0.0277727
1092.44	0.0272233
1092.58	0.0274675
1092.71	0.0281389
1092.84	0.0268571
1092.98	0.0277117
1093.11	0.0274675
1093.24	0.028261
1093.38	0.0278337
1093.51	0.0278337
1093.65	0.0274065
1093.78	0.0276506
1093.91	0.0270402
1094.05	0.0284441
1094.18	0.0274675
1094.31	0.0272844
1094.45	0.026735
1094.58	0.0281389
1094.71	0.0280779
1094.85	0.0274065
1094.98	0.0282
1095.12	0.0271013
1095.25	0.0274675
1095.38	0.0279558
1095.52	0.0286272
1095.65	0.0278948
1095.78	0.0273454
1095.92	0.0272844
1096.05	0.0280168
1096.18	0.0280779
1096.32	0.0279558
1096.45	0.0275896
1096.59	0.0292376
1096.72	0.0279558
1096.85	0.028261
1096.99	0.0277117
1097.12	0.0264298
1097.25	0.0278337
1097.39	0.0273454
1097.52	0.0281389
1097.65	0.0276506
1097.79	0.0290545
1097.92	0.0272844
1098.06	0.0278948
1098.19	0.0275285
1098.32	0.0283831
1098.46	0.0275285
1098.59	0.0275896
1098.72	0.0279558
1098.86	0.0273454
1098.99	0.0276506
1099.12	0.028322
1099.26	0.0274675
1099.39	0.0282
1099.53	0.026735
1099.66	0.0275285
1099.79	0.0283831
1099.93	0.0281389
1100.06	0.0284441
1100.19	0.0278948
1100.33	0.0272233
1100.46	0.0282
1100.59	0.0270402
1100.73	0.0280779
1100.86	0.0278948
1100.99	0.0288714
1101.13	0.026613
1101.26	0.0268571
1101.4	0.0282
1101.53	0.0284441
1101.66	0.0275285
1101.8	0.0282
1101.93	0.0280779
1102.06	0.0275285
1102.2	0.0277727
1102.33	0.0272233
1102.46	0.0277117
1102.6	0.0289324
1102.73	0.0273454
1102.87	0.0274065
1103	0.0281389
1103.13	0.0273454
1103.27	0.0270402
1103.4	0.0277117
1103.53	0.0274675
1103.67	0.0282
1103.8	0.026735
1103.93	0.0278948
1104.07	0.0267961
1104.2	0.0275285
1104.34	0.0271623
1104.47	0.0271623
1104.6	0.0283831
1104.74	0.0271013
1104.87	0.0271623
1105	0.0268571
1105.14	0.0274065
1105.27	0.0284441
1105.4	0.0291155
1105.54	0.0279558
1105.67	0.028261
1105.8	0.0280168
1105.94	0.028261
1106.07	0.0277727
1106.21	0.0276506
1106.34	0.0275285
1106.47	0.0273454
1106.61	0.0279558
1106.74	0.0271623
1106.87	0.0285662
1107.01	0.0282
1107.14	0.0275285
1107.27	0.0274065
1107.41	0.0277727
1107.54	0.0269792

