Source: Spectrum Viewer

Chart: Pulse Spectrum

Series: 
Wavelength (nm)	S (a.u.)
617.638	0.027306
617.773	0.0268784
617.908	0.0280391
618.043	0.0279169
618.178	0.0274893
618.313	0.0277337
618.448	0.027306
618.583	0.0278558
618.718	0.0281002
618.853	0.0275504
618.988	0.027306
619.123	0.0282834
619.258	0.0285278
619.394	0.0270006
619.529	0.0282224
619.664	0.0266341
619.799	0.0288332
619.934	0.0274893
620.069	0.0274282
620.204	0.0270617
620.339	0.0280391
620.474	0.0277337
620.609	0.0277947
620.744	0.0276726
620.879	0.0275504
621.014	0.0274893
621.149	0.0281002
621.284	0.0273671
621.419	0.0279169
621.554	0.0277337
621.689	0.0274893
621.825	0.026573
621.96	0.0281613
622.095	0.0278558
622.23	0.0275504
622.365	0.0281613
622.5	0.0279169
622.635	0.0270617
622.77	0.0274893
622.905	0.0274282
623.04	0.0270006
623.175	0.0274282
623.31	0.0276726
623.445	0.0269395
623.58	0.0269395
623.715	0.0277337
623.85	0.0284667
623.985	0.0268784
624.12	0.0280391
624.255	0.0273671
624.39	0.0277947
624.525	0.0277947
624.661	0.0282224
624.796	0.0282834
624.931	0.0279169
625.066	0.0268173
625.201	0.0281613
625.336	0.0277337
625.471	0.027978
625.606	0.0277947
625.741	0.0284667
625.876	0.0277947
626.011	0.0285889
626.146	0.0276726
626.281	0.0276115
626.416	0.0270617
626.551	0.027978
626.686	0.0274282
626.821	0.0270617
626.956	0.0274893
627.091	0.0285278
627.226	0.02865
627.361	0.0275504
627.496	0.0271839
627.631	0.0275504
627.766	0.027978
627.901	0.0284056
628.036	0.0271839
628.171	0.0276726
628.307	0.0271228
628.442	0.027245
628.577	0.027978
628.712	0.0270006
628.847	0.027978
628.982	0.0270617
629.117	0.0273671
629.252	0.0270617
629.387	0.0277337
629.522	0.0281613
629.657	0.0273671
629.792	0.0277947
629.927	0.0275504
630.062	0.0275504
630.197	0.0287721
630.332	0.0277947
630.467	0.0280391
630.602	0.0276726
630.737	0.0271839
630.872	0.0275504
631.007	0.0277337
631.142	0.0274282
631.277	0.0282224
631.412	0.0275504
631.547	0.0281002
631.682	0.0279169
631.817	0.0278558
631.952	0.0267563
632.087	0.0274893
632.222	0.0284056
632.357	0.0282834
632.492	0.0276115
632.627	0.0274893
632.762	0.027978
632.897	0.0277337
633.032	0.027978
633.167	0.0268173
633.302	0.0281002
633.437	0.0278558
633.572	0.0282834
633.707	0.0280391
633.842	0.0280391
633.978	0.0276726
634.113	0.027245
634.248	0.0274282
634.383	0.0278558
634.518	0.0279169
634.653	0.0271228
634.788	0.027306
634.923	0.0274282
635.058	0.0281613
635.193	0.0277337
635.328	0.0276115
635.463	0.0274282
635.598	0.027245
635.733	0.0273671
635.868	0.027306
636.003	0.027306
636.138	0.0278558
636.273	0.0271839
636.408	0.0277947
636.543	0.0283445
636.678	0.027306
636.813	0.0276726
636.948	0.0276115
637.083	0.0270006
637.218	0.0270617
637.353	0.0290165
637.488	0.0283445
637.623	0.0271839
637.758	0.0278558
637.893	0.027245
638.028	0.0273671
638.163	0.027245
638.298	0.0271228
638.433	0.0277337
638.568	0.0284667
638.703	0.0281613
638.838	0.0276115
638.973	0.0276726
639.108	0.0274893
639.243	0.0273671
639.378	0.0276115
639.513	0.0283445
639.648	0.0281002
639.783	0.0278558
639.918	0.027978
640.053	0.0277337
640.188	0.0268784
640.323	0.0284667
640.458	0.027245
640.593	0.0268784
640.728	0.0281002
640.863	0.0270617
640.998	0.0273671
641.133	0.0288332
641.268	0.0277947
641.403	0.0274282
641.538	0.0277947
641.673	0.0282224
641.808	0.0271228
641.943	0.0283445
642.078	0.027978
642.213	0.027306
642.348	0.0275504
642.483	0.0281002
642.618	0.0275504
642.753	0.0276115
642.888	0.0280391
643.023	0.0277337
643.158	0.0276115
643.293	0.0276115
643.428	0.0279169
643.563	0.0273671
643.698	0.026573
643.833	0.0280391
643.968	0.0274893
644.103	0.027306
644.237	0.0271228
644.372	0.0269395
644.507	0.0270006
644.642	0.0274282
644.777	0.0269395
644.912	0.0282224
645.047	0.0277337
645.182	0.0275504
645.317	0.0278558
645.452	0.0275504
645.587	0.0271228
645.722	0.0280391
645.857	0.0285278
645.992	0.0277337
646.127	0.0274893
646.262	0.0277947
646.397	0.0280391
646.532	0.027306
646.667	0.0270006
646.802	0.0277337
646.937	0.0283445
647.072	0.0282224
647.207	0.0277947
647.342	0.0285278
647.477	0.0280391
647.612	0.0285278
647.747	0.0278558
647.882	0.027245
648.017	0.027245
648.152	0.0274282
648.287	0.0282834
648.422	0.0277337
648.557	0.0275504
648.692	0.0281002
648.827	0.027245
648.962	0.0268784
649.097	0.0278558
649.232	0.0283445
649.367	0.0266341
649.502	0.0278558
649.637	0.0279169
649.772	0.0277947
649.906	0.0265119
650.041	0.0284667
650.176	0.0277947
650.311	0.0282834
650.446	0.0274282
650.581	0.0275504
650.716	0.0275504
650.851	0.0275504
650.986	0.0276726
651.121	0.0281613
651.256	0.0273671
651.391	0.0271839
651.526	0.0275504
651.661	0.0282224
651.796	0.0276115
651.931	0.027306
652.066	0.0278558
652.201	0.0287111
652.336	0.0277337
652.471	0.0285889
652.606	0.0281613
652.741	0.0270617
652.876	0.0270006
653.011	0.0276115
653.146	0.0279169
653.281	0.0283445
653.415	0.0282224
653.55	0.0276726
653.685	0.0281613
653.82	0.0282834
653.955	0.0273671
654.09	0.0277337
654.225	0.0277337
654.36	0.0281613
654.495	0.0271839
654.63	0.027306
654.765	0.0270617
654.9	0.0277947
655.035	0.0270006
655.17	0.0270617
655.305	0.0274893
655.44	0.0276726
655.575	0.0278558
655.71	0.0274893
655.845	0.0269395
655.98	0.0271228
656.115	0.0274282
656.25	0.027306
656.384	0.0280391
656.519	0.0288332
656.654	0.027306
656.789	0.0266341
656.924	0.0275504
657.059	0.0274893
657.194	0.0274282
657.329	0.0273671
657.464	0.0279169
657.599	0.027978
657.734	0.0271228
657.869	0.0273671
658.004	0.0270006
658.139	0.0278558
658.274	0.0274893
658.409	0.0276726
658.544	0.0278558
658.679	0.0275504
658.813	0.0283445
658.948	0.0276115
659.083	0.0279169
659.218	0.0281002
659.353	0.0277337
659.488	0.0285278
659.623	0.027245
659.758	0.0274893
659.893	0.0274282
660.028	0.0274282
660.163	0.0280391
660.298	0.0268173
660.433	0.0281002
660.568	0.0270006
660.703	0.0274282
660.838	0.0274282
660.972	0.027306
661.107	0.0274282
661.242	0.027306
661.377	0.0277337
661.512	0.0278558
661.647	0.0281613
661.782	0.0274893
661.917	0.0278558
662.052	0.0273671
662.187	0.0274893
662.322	0.026573
662.457	0.0270006
662.592	0.0276726
662.727	0.0277947
662.862	0.0280391
662.996	0.0282224
663.131	0.027306
663.266	0.0281002
663.401	0.0275504
663.536	0.027306
663.671	0.0271839
663.806	0.0280391
663.941	0.0279169
664.076	0.027245
664.211	0.0266341
664.346	0.0277337
664.481	0.027245
664.616	0.0277337
664.75	0.0278558
664.885	0.0279169
665.02	0.0276726
665.155	0.0282834
665.29	0.0277337
665.425	0.0276726
665.56	0.0281002
665.695	0.0276726
665.83	0.0268784
665.965	0.027978
666.1	0.0274282
666.235	0.0273671
666.37	0.0278558
666.504	0.0276726
666.639	0.0274282
666.774	0.0279169
666.909	0.0276115
667.044	0.0274282
667.179	0.0283445
667.314	0.0281002
667.449	0.0274282
667.584	0.0279169
667.719	0.0275504
667.854	0.0285278
667.989	0.0275504
668.123	0.0276726
668.258	0.0277947
668.393	0.0278558
668.528	0.0274893
668.663	0.0274282
668.798	0.0270006
668.933	0.0280391
669.068	0.0268784
669.203	0.027978
669.338	0.0274282
669.473	0.0264508
669.607	0.0278558
669.742	0.0275504
669.877	0.0276726
670.012	0.0266952
670.147	0.0284056
670.282	0.0282224
670.417	0.0277337
670.552	0.027306
670.687	0.0277337
670.822	0.0278558
670.957	0.0275504
671.091	0.0285278
671.226	0.0282224
671.361	0.0283445
671.496	0.027245
671.631	0.027306
671.766	0.0281002
671.901	0.0270006
672.036	0.0277947
672.171	0.0276115
672.306	0.0288332
672.44	0.0274893
672.575	0.0275504
672.71	0.0281613
672.845	0.0276115
672.98	0.0280391
673.115	0.0282834
673.25	0.0284056
673.385	0.0274282
673.52	0.0276115
673.655	0.027306
673.789	0.0274893
673.924	0.0268784
674.059	0.0279169
674.194	0.0270006
674.329	0.0270006
674.464	0.0277337
674.599	0.0282224
674.734	0.0270617
674.869	0.0276726
675.003	0.0276115
675.138	0.0274282
675.273	0.0279169
675.408	0.0283445
675.543	0.0269395
675.678	0.0263286
675.813	0.027245
675.948	0.0287111
676.083	0.0273671
676.217	0.0277947
676.352	0.0270617
676.487	0.0275504
676.622	0.0277337
676.757	0.0277947
676.892	0.027978
677.027	0.0275504
677.162	0.0271839
677.297	0.027978
677.431	0.0281002
677.566	0.027978
677.701	0.0281613
677.836	0.0288943
677.971	0.0277337
678.106	0.0274282
678.241	0.0270006
678.376	0.0274282
678.511	0.0284667
678.645	0.0277337
678.78	0.0282834
678.915	0.0280391
679.05	0.0274282
679.185	0.0280391
679.32	0.0274282
679.455	0.0270006
679.59	0.0280391
679.724	0.0275504
679.859	0.0279169
679.994	0.0281613
680.129	0.0283445
680.264	0.0284667
680.399	0.0273671
680.534	0.0281613
680.669	0.0281613
680.803	0.0277337
680.938	0.027245
681.073	0.0278558
681.208	0.027978
681.343	0.027245
681.478	0.0274282
681.613	0.0271228
681.748	0.0276726
681.882	0.0279169
682.017	0.02865
682.152	0.0280391
682.287	0.0287721
682.422	0.0283445
682.557	0.0277337
682.692	0.0281613
682.827	0.0268784
682.961	0.0282834
683.096	0.0274282
683.231	0.027306
683.366	0.0282834
683.501	0.0274893
683.636	0.0276115
683.771	0.0281002
683.906	0.0273671
684.04	0.0271228
684.175	0.0277947
684.31	0.0280391
684.445	0.0275504
684.58	0.0284056
684.715	0.027978
684.85	0.027306
684.984	0.0278558
685.119	0.0279169
685.254	0.0269395
685.389	0.0284056
685.524	0.0273671
685.659	0.0271839
685.794	0.0270006
685.928	0.0280391
686.063	0.0280391
686.198	0.027306
686.333	0.0273671
686.468	0.0279169
686.603	0.0265119
686.738	0.0279169
686.872	0.0281613
687.007	0.0282224
687.142	0.0277337
687.277	0.027978
687.412	0.0277337
687.547	0.0274893
687.682	0.0274893
687.816	0.0274893
687.951	0.0271839
688.086	0.0276115
688.221	0.027978
688.356	0.0281002
688.491	0.0277947
688.626	0.0274282
688.76	0.0280391
688.895	0.0276726
689.03	0.0271839
689.165	0.0281002
689.3	0.0275504
689.435	0.027245
689.57	0.0271839
689.704	0.0285889
689.839	0.027306
689.974	0.0267563
690.109	0.0275504
690.244	0.0282224
690.379	0.0276726
690.513	0.0273671
690.648	0.0273671
690.783	0.0287111
690.918	0.0274282
691.053	0.0274893
691.188	0.0280391
691.323	0.027978
691.457	0.0271228
691.592	0.027978
691.727	0.0268173
691.862	0.0274893
691.997	0.0270006
692.132	0.0277337
692.266	0.027978
692.401	0.0279169
692.536	0.0277947
692.671	0.0277947
692.806	0.0279169
692.941	0.0277947
693.075	0.0284667
693.21	0.0271228
693.345	0.0283445
693.48	0.027245
693.615	0.0277337
693.75	0.0277337
693.885	0.0273671
694.019	0.0273671
694.154	0.0279169
694.289	0.027306
694.424	0.0277337
694.559	0.027306
694.694	0.0282224
694.828	0.0285889
694.963	0.027306
695.098	0.027245
695.233	0.0268784
695.368	0.0281613
695.503	0.0274282
695.637	0.0274893
695.772	0.027306
695.907	0.0268173
696.042	0.0273671
696.177	0.0278558
696.312	0.02865
696.446	0.0270006
696.581	0.0276115
696.716	0.0271228
696.851	0.027978
696.986	0.0276726
697.12	0.0274893
697.255	0.0276115
697.39	0.027306
697.525	0.0276726
697.66	0.0282834
697.795	0.0281002
697.929	0.027306
698.064	0.0277947
698.199	0.0281002
698.334	0.0291387
698.469	0.0283445
698.604	0.0278558
698.738	0.0279169
698.873	0.0278558
699.008	0.027306
699.143	0.0274893
699.278	0.0282224
699.412	0.0273671
699.547	0.0279169
699.682	0.0279169
699.817	0.0270617
699.952	0.0278558
700.087	0.0279169
700.221	0.0276726
700.356	0.027245
700.491	0.0277337
700.626	0.0283445
700.761	0.0277947
700.895	0.0277337
701.03	0.0285889
701.165	0.0287111
701.3	0.0277337
701.435	0.0279169
701.57	0.0280391
701.704	0.0271839
701.839	0.0280391
701.974	0.0267563
702.109	0.0277337
702.244	0.0273671
702.378	0.0284056
702.513	0.0269395
702.648	0.0279169
702.783	0.0275504
702.918	0.0277947
703.052	0.0273671
703.187	0.0280391
703.322	0.027245
703.457	0.0280391
703.592	0.0270006
703.727	0.0278558
703.861	0.0277337
703.996	0.027245
704.131	0.027245
704.266	0.0282834
704.401	0.0273671
704.535	0.0268173
704.67	0.0276115
704.805	0.0276726
704.94	0.0274893
705.075	0.0273671
705.209	0.0276726
705.344	0.0277337
705.479	0.027245
705.614	0.0277947
705.749	0.0273671
705.883	0.0276115
706.018	0.0271839
706.153	0.0276115
706.288	0.027306
706.423	0.0282834
706.557	0.0271228
706.692	0.0274893
706.827	0.0284667
706.962	0.027978
707.097	0.0267563
707.231	0.0271228
707.366	0.0274893
707.501	0.0277947
707.636	0.0276726
707.771	0.0288943
707.905	0.0281002
708.04	0.0276115
708.175	0.0281002
708.31	0.0270006
708.445	0.0264508
708.579	0.0276115
708.714	0.0277337
708.849	0.0287111
708.984	0.027245
709.118	0.0275504
709.253	0.0276115
709.388	0.0277947
709.523	0.0268173
709.658	0.0282834
709.792	0.0267563
709.927	0.0280391
710.062	0.0274282
710.197	0.0282224
710.332	0.027245
710.466	0.0275504
710.601	0.0270006
710.736	0.0276115
710.871	0.0275504
711.006	0.0270617
711.14	0.0276115
711.275	0.0274893
711.41	0.027978
711.545	0.0275504
711.679	0.0276115
711.814	0.0276726
711.949	0.0267563
712.084	0.0279169
712.219	0.0281002
712.353	0.027978
712.488	0.0282224
712.623	0.0275504
712.758	0.0277337
712.892	0.0276115
713.027	0.0278558
713.162	0.0284667
713.297	0.0271839
713.432	0.0274893
713.566	0.0280391
713.701	0.0284667
713.836	0.0278558
713.971	0.0271839
714.105	0.0277337
714.24	0.0279169
714.375	0.0276726
714.51	0.0277947
714.645	0.0277947
714.779	0.0268784
714.914	0.0279169
715.049	0.0281002
715.184	0.0277947
715.318	0.0277337
715.453	0.0285889
715.588	0.0280391
715.723	0.0273671
715.858	0.027245
715.992	0.0284056
716.127	0.0277947
716.262	0.0263897
716.397	0.0271228
716.531	0.0270617
716.666	0.0274893
716.801	0.0274893
716.936	0.0270617
717.07	0.0274893
717.205	0.0268784
717.34	0.0273671
717.475	0.0283445
717.61	0.0278558
717.744	0.0274893
717.879	0.0270617
718.014	0.0284667
718.149	0.0273671
718.283	0.0279169
718.418	0.0274893
718.553	0.0279169
718.688	0.0275504
718.822	0.0277337
718.957	0.0274893
719.092	0.0274893
719.227	0.0275504
719.361	0.0276726
719.496	0.0283445
719.631	0.0281002
719.766	0.0284056
719.9	0.0277337
720.035	0.0275504
720.17	0.0277337
720.305	0.027306
720.44	0.0274893
720.574	0.0276726
720.709	0.026573
720.844	0.0276115
720.979	0.0281002
721.113	0.0271839
721.248	0.0268784
721.383	0.0266341
721.518	0.0274282
721.652	0.0281002
721.787	0.0271839
721.922	0.0277947
722.057	0.027245
722.191	0.0274893
722.326	0.027978
722.461	0.0281002
722.596	0.0276115
722.73	0.027245
722.865	0.0276115
723	0.0269395
723.135	0.0280391
723.269	0.0282834
723.404	0.0281613
723.539	0.0277337
723.674	0.0276115
723.808	0.0276726
723.943	0.027245
724.078	0.0280391
724.213	0.0277337
724.347	0.0278558
724.482	0.0284056
724.617	0.0285278
724.752	0.0274893
724.886	0.0276726
725.021	0.0276726
725.156	0.0277947
725.291	0.0282834
725.425	0.0271839
725.56	0.0274893
725.695	0.0278558
725.829	0.0281613
725.964	0.0278558
726.099	0.0273671
726.234	0.0271228
726.368	0.0276726
726.503	0.0285889
726.638	0.02865
726.773	0.0277947
726.907	0.0273671
727.042	0.0282224
727.177	0.0282834
727.312	0.0274893
727.446	0.0270006
727.581	0.0274893
727.716	0.0277337
727.851	0.0279169
727.985	0.0278558
728.12	0.0270617
728.255	0.0283445
728.389	0.0270006
728.524	0.0278558
728.659	0.027978
728.794	0.0282224
728.928	0.0282224
729.063	0.0277337
729.198	0.0278558
729.333	0.0277947
729.467	0.0275504
729.602	0.027245
729.737	0.0277337
729.872	0.0265119
730.006	0.0283445
730.141	0.0279169
730.276	0.0270617
730.41	0.0271839
730.545	0.0268784
730.68	0.0274282
730.815	0.0275504
730.949	0.027245
731.084	0.0281002
731.219	0.0274893
731.354	0.0281002
731.488	0.0281002
731.623	0.0276726
731.758	0.0278558
731.892	0.0285889
732.027	0.0284056
732.162	0.0278558
732.297	0.0268173
732.431	0.0271839
732.566	0.0283445
732.701	0.0268173
732.835	0.0275504
732.97	0.0282224
733.105	0.0274893
733.24	0.0285278
733.374	0.027978
733.509	0.026573
733.644	0.0273671
733.779	0.0276115
733.913	0.0279169
734.048	0.027245
734.183	0.0271228
734.317	0.0268173
734.452	0.0276726
734.587	0.0279169
734.722	0.0274893
734.856	0.0282224
734.991	0.0268784
735.126	0.0284056
735.26	0.0290165
735.395	0.0282834
735.53	0.027245
735.665	0.0278558
735.799	0.0273671
735.934	0.0282224
736.069	0.0277337
736.203	0.0279169
736.338	0.0274282
736.473	0.027978
736.607	0.027306
736.742	0.027306
736.877	0.027978
737.012	0.0282224
737.146	0.0283445
737.281	0.0279169
737.416	0.0269395
737.55	0.0277337
737.685	0.0278558
737.82	0.0281002
737.955	0.0274282
738.089	0.0295052
738.224	0.0277337
738.359	0.0270617
738.493	0.0278558
738.628	0.0281002
738.763	0.0277947
738.897	0.0282224
739.032	0.027978
739.167	0.027245
739.302	0.0281613
739.436	0.0269395
739.571	0.0269395
739.706	0.02865
739.84	0.0281002
739.975	0.0280391
740.11	0.0279169
740.244	0.0270617
740.379	0.0281002
740.514	0.0268173
740.649	0.0276115
740.783	0.0273671
740.918	0.0268784
741.053	0.027245
741.187	0.0275504
741.322	0.027245
741.457	0.0273671
741.591	0.0279169
741.726	0.0274893
741.861	0.0267563
741.996	0.0282224
742.13	0.0278558
742.265	0.0278558
742.4	0.0276115
742.534	0.0279169
742.669	0.0285889
742.804	0.0276115
742.938	0.0273671
743.073	0.0282224
743.208	0.027978
743.342	0.0287111
743.477	0.0277337
743.612	0.0275504
743.747	0.0275504
743.881	0.0285278
744.016	0.0280391
744.151	0.0285278
744.285	0.0278558
744.42	0.0277337
744.555	0.0288943
744.689	0.0277337
744.824	0.0282224
744.959	0.0275504
745.093	0.0277947
745.228	0.0285278
745.363	0.0278558
745.497	0.0276115
745.632	0.0268173
745.767	0.0283445
745.901	0.0281613
746.036	0.0276726
746.171	0.0267563
746.305	0.0275504
746.44	0.0275504
746.575	0.0277947
746.71	0.0275504
746.844	0.0273671
746.979	0.0282224
747.114	0.0275504
747.248	0.0277337
747.383	0.0277947
747.518	0.0274893
747.652	0.0275504
747.787	0.0277947
747.922	0.0279169
748.056	0.0275504
748.191	0.0274893
748.326	0.0280391
748.46	0.0275504
748.595	0.0269395
748.73	0.0273671
748.864	0.0271839
748.999	0.0271839
749.134	0.0274282
749.268	0.0276115
749.403	0.0279169
749.538	0.0277337
749.672	0.0282224
749.807	0.0279169
749.942	0.0277337
750.076	0.0276726
750.211	0.026573
750.346	0.0271839
750.48	0.0275504
750.615	0.0277337
750.75	0.0276726
750.884	0.0277337
751.019	0.027245
751.154	0.0277337
751.288	0.0279169
751.423	0.0273671
751.558	0.0264508
751.692	0.0271228
751.827	0.0269395
751.962	0.027306
752.096	0.027245
752.231	0.0276115
752.366	0.0278558
752.5	0.0271839
752.635	0.027245
752.77	0.0270006
752.904	0.027245
753.039	0.0276726
753.174	0.027306
753.308	0.0276726
753.443	0.027245
753.578	0.0278558
753.712	0.0281613
753.847	0.0277947
753.982	0.0276726
754.116	0.0274893
754.251	0.0270006
754.386	0.027978
754.52	0.0277947
754.655	0.0276726
754.79	0.0282224
754.924	0.027306
755.059	0.0271228
755.194	0.0279169
755.328	0.0284667
755.463	0.027978
755.597	0.0275504
755.732	0.0282834
755.867	0.0282224
756.001	0.0274282
756.136	0.0266341
756.271	0.0274893
756.405	0.0279169
756.54	0.0277337
756.675	0.0269395
756.809	0.0270006
756.944	0.027306
757.079	0.0274282
757.213	0.0278558
757.348	0.027978
757.483	0.0276726
757.617	0.0270617
757.752	0.027306
757.887	0.0281002
758.021	0.0270617
758.156	0.0275504
758.29	0.0283445
758.425	0.0280391
758.56	0.0270617
758.694	0.0271228
758.829	0.0274893
758.964	0.0277337
759.098	0.0271839
759.233	0.0279169
759.368	0.0281002
759.502	0.027978
759.637	0.0274282
759.772	0.0285889
759.906	0.0284667
760.041	0.0271839
760.175	0.0273671
760.31	0.0277337
760.445	0.0268173
760.579	0.0284056
760.714	0.027245
760.849	0.0277337
760.983	0.0268784
761.118	0.0273671
761.253	0.0270006
761.387	0.0282834
761.522	0.0265119
761.656	0.0281002
761.791	0.0277337
761.926	0.0276115
762.06	0.0278558
762.195	0.0268173
762.33	0.0274893
762.464	0.0278558
762.599	0.0281002
762.733	0.0282224
762.868	0.0267563
763.003	0.027245
763.137	0.0271228
763.272	0.0282834
763.407	0.026573
763.541	0.0276115
763.676	0.0280391
763.811	0.0281002
763.945	0.0276726
764.08	0.0281613
764.214	0.0274893
764.349	0.0281613
764.484	0.0274282
764.618	0.027978
764.753	0.0277337
764.888	0.0279169
765.022	0.0276726
765.157	0.027245
765.291	0.0268784
765.426	0.0281002
765.561	0.027306
765.695	0.027306
765.83	0.0276115
765.965	0.0268784
766.099	0.0277947
766.234	0.0274893
766.368	0.027306
766.503	0.0280391
766.638	0.0268784
766.772	0.0275504
766.907	0.0277947
767.041	0.0277337
767.176	0.0276115
767.311	0.0280391
767.445	0.0277337
767.58	0.0277947
767.715	0.0277947
767.849	0.0271839
767.984	0.0276726
768.118	0.0277337
768.253	0.0287111
768.388	0.0276726
768.522	0.0273671
768.657	0.0282224
768.791	0.0276115
768.926	0.0287111
769.061	0.0271839
769.195	0.0279169
769.33	0.0274893
769.465	0.0270006
769.599	0.026573
769.734	0.0285278
769.868	0.0271228
770.003	0.0268784
770.138	0.027245
770.272	0.0278558
770.407	0.0271839
770.541	0.0273671
770.676	0.0287111
770.811	0.0269395
770.945	0.0273671
771.08	0.0278558
771.214	0.0275504
771.349	0.0282224
771.484	0.0274893
771.618	0.0287721
771.753	0.0271228
771.887	0.0277947
772.022	0.0279169
772.157	0.0276726
772.291	0.0280391
772.426	0.0281002
772.56	0.0266341
772.695	0.0284667
772.83	0.0274282
772.964	0.027978
773.099	0.0274282
773.233	0.0274282
773.368	0.0274893
773.503	0.0275504
773.637	0.0263897
773.772	0.0280391
773.906	0.027245
774.041	0.0271228
774.176	0.0278558
774.31	0.0278558
774.445	0.0274893
774.579	0.0284056
774.714	0.0273671
774.849	0.0282224
774.983	0.0276115
775.118	0.0284056
775.252	0.0270617
775.387	0.0276115
775.522	0.0278558
775.656	0.0277337
775.791	0.027978
775.925	0.0270617
776.06	0.0271228
776.195	0.0276726
776.329	0.0277337
776.464	0.027306
776.598	0.0279169
776.733	0.0279169
776.868	0.0271839
777.002	0.0277337
777.137	0.0281002
777.271	0.0280391
777.406	0.0280391
777.54	0.0276115
777.675	0.0273671
777.81	0.0274893
777.944	0.0276726
778.079	0.0273671
778.213	0.0277947
778.348	0.027978
778.483	0.0274282
778.617	0.0277947
778.752	0.0279169
778.886	0.0283445
779.021	0.0275504
779.155	0.0275504
779.29	0.0274893
779.425	0.0279169
779.559	0.0280391
779.694	0.0275504
779.828	0.027245
779.963	0.0278558
780.098	0.0271839
780.232	0.0278558
780.367	0.0281002
780.501	0.0273671
780.636	0.0280391
780.77	0.0279169
780.905	0.0282224
781.04	0.0285889
781.174	0.0277337
781.309	0.0274282
781.443	0.0282834
781.578	0.0266952
781.712	0.0276726
781.847	0.027245
781.982	0.0277337
782.116	0.0274893
782.251	0.0277947
782.385	0.0274282
782.52	0.0275504
782.654	0.0271228
782.789	0.0270617
782.924	0.0277337
783.058	0.0271228
783.193	0.0283445
783.327	0.0276726
783.462	0.0282834
783.596	0.0280391
783.731	0.0282224
783.866	0.0276726
784	0.0275504
784.135	0.0271839
784.269	0.0276726
784.404	0.0274893
784.538	0.0274282
784.673	0.0271839
784.808	0.027306
784.942	0.0276726
785.077	0.027306
785.211	0.0279169
785.346	0.0281613
785.48	0.0279169
785.615	0.0268173
785.75	0.0273671
785.884	0.0280391
786.019	0.0280391
786.153	0.0271839
786.288	0.0270006
786.422	0.0281002
786.557	0.0268173
786.691	0.0274282
786.826	0.0281002
786.961	0.027978
787.095	0.0279169
787.23	0.0273671
787.364	0.0278558
787.499	0.0281002
787.633	0.0288332
787.768	0.0267563
787.902	0.02865
788.037	0.0276726
788.172	0.0276726
788.306	0.0280391
788.441	0.0273671
788.575	0.026573
788.71	0.027306
788.844	0.0280391
788.979	0.0279169
789.113	0.0285889
789.248	0.0282224
789.383	0.0277337
789.517	0.0284056
789.652	0.0283445
789.786	0.0274893
789.921	0.0271228
790.055	0.027978
790.19	0.0275504
790.324	0.0278558
790.459	0.0280391
790.594	0.0271839
790.728	0.0279169
790.863	0.0280391
790.997	0.0270006
791.132	0.027978
791.266	0.0282834
791.401	0.0274893
791.535	0.0279169
791.67	0.0268784
791.804	0.0276726
791.939	0.0275504
792.074	0.0284056
792.208	0.0276115
792.343	0.0281002
792.477	0.027245
792.612	0.0280391
792.746	0.0273671
792.881	0.0280391
793.015	0.027978
793.15	0.0274282
793.284	0.0276726
793.419	0.0281613
793.553	0.0277337
793.688	0.0275504
793.823	0.0274282
793.957	0.0282224
794.092	0.0285889
794.226	0.0282224
794.361	0.0277337
794.495	0.0266952
794.63	0.027306
794.764	0.0273671
794.899	0.0287111
795.033	0.0284056
795.168	0.0275504
795.302	0.0282224
795.437	0.0267563
795.572	0.0282224
795.706	0.0277337
795.841	0.0281613
795.975	0.0281002
796.11	0.0281002
796.244	0.0280391
796.379	0.02865
796.513	0.0278558
796.648	0.0273671
796.782	0.027978
796.917	0.0284667
797.051	0.0274893
797.186	0.0281613
797.32	0.0281002
797.455	0.0288332
797.589	0.0282834
797.724	0.0276726
797.859	0.0281002
797.993	0.0283445
798.128	0.0271839
798.262	0.0289554
798.397	0.0278558
798.531	0.0278558
798.666	0.0282834
798.8	0.0276115
798.935	0.0274282
799.069	0.0284056
799.204	0.0287111
799.338	0.0277337
799.473	0.0281002
799.607	0.0278558
799.742	0.0288943
799.876	0.0279169
800.011	0.0276115
800.145	0.0282224
800.28	0.0276115
800.414	0.0279169
800.549	0.0274893
800.683	0.0285278
800.818	0.0277337
800.953	0.0274282
801.087	0.0282224
801.222	0.029383
801.356	0.027978
801.491	0.0281613
801.625	0.0283445
801.76	0.0281002
801.894	0.0283445
802.029	0.0281002
802.163	0.0276115
802.298	0.027245
802.432	0.0281613
802.567	0.0278558
802.701	0.0276115
802.836	0.0290165
802.97	0.0281002
803.105	0.0281002
803.239	0.0282224
803.374	0.0277337
803.508	0.0288332
803.643	0.0282834
803.777	0.0282224
803.912	0.0284667
804.046	0.0278558
804.181	0.0285889
804.315	0.0291998
804.45	0.0290165
804.584	0.0283445
804.719	0.0284056
804.853	0.0284056
804.988	0.0277337
805.122	0.0291387
805.257	0.0283445
805.391	0.0275504
805.526	0.0278558
805.66	0.0288943
805.795	0.0287111
805.929	0.02865
806.064	0.0285889
806.198	0.029383
806.333	0.0287721
806.467	0.02865
806.602	0.0281613
806.736	0.0281002
806.871	0.0293219
807.005	0.0296274
807.14	0.0290165
807.274	0.0297495
807.409	0.0281613
807.543	0.0298717
807.678	0.0285278
807.812	0.029383
807.947	0.0296885
808.081	0.0289554
808.216	0.0298106
808.35	0.0295663
808.485	0.030055
808.619	0.0306659
808.754	0.0303604
808.888	0.0304826
809.023	0.0322541
809.157	0.0311546
809.292	0.0317654
809.426	0.0320709
809.561	0.0331093
809.695	0.0324985
809.83	0.0323152
809.964	0.0336591
810.099	0.0339035
810.233	0.0346365
810.368	0.0351252
810.502	0.0361637
810.637	0.0364692
810.771	0.0373244
810.906	0.0386683
811.04	0.040562
811.175	0.0422724
811.309	0.045449
811.444	0.0558949
811.578	0.066402
811.713	0.0663409
811.847	0.0585217
811.982	0.0655467
812.116	0.0767257
812.251	0.115027
812.385	0.408674
812.519	0.680391
812.654	0.982651
812.788	0.998595
812.923	0.966952
813.057	1
813.192	0.906781
813.326	0.997801
813.461	0.998473
813.595	0.99328
813.73	0.992486
813.864	0.987049
813.999	0.982101
814.133	0.977214
814.268	0.964569
814.402	0.955956
814.537	0.461576
814.671	0.296518
814.806	0.197618
814.94	0.100855
815.075	0.0506414
815.209	0.0399511
815.344	0.0390959
815.478	0.0359805
815.612	0.0361026
815.747	0.0356139
815.881	0.0350031
816.016	0.0337813
816.15	0.0332315
816.285	0.0337813
816.419	0.0326206
816.554	0.0322541
816.688	0.0333537
816.823	0.0319487
816.957	0.0313378
817.092	0.0317043
817.226	0.0310935
817.361	0.0305437
817.495	0.0303604
817.63	0.0302382
817.764	0.0309102
817.898	0.0299328
818.033	0.0306048
818.167	0.0291998
818.302	0.0292608
818.436	0.0285278
818.571	0.0302382
818.705	0.0285889
818.84	0.029383
818.974	0.0295052
819.109	0.0295663
819.243	0.0290165
819.378	0.0279169
819.512	0.0292608
819.646	0.0290165
819.781	0.0285278
819.915	0.0287721
820.05	0.0277947
820.184	0.0278558
820.319	0.027978
820.453	0.0280391
820.588	0.0277337
820.722	0.0289554
820.857	0.0295663
820.991	0.0293219
821.126	0.0285278
821.26	0.0280391
821.394	0.0288332
821.529	0.0287111
821.663	0.0291387
821.798	0.0288332
821.932	0.0293219
822.067	0.0279169
822.201	0.0277337
822.336	0.0277947
822.47	0.0282224
822.605	0.0281002
822.739	0.0280391
822.873	0.027245
823.008	0.0279169
823.142	0.0284056
823.277	0.0284056
823.411	0.0280391
823.546	0.0285278
823.68	0.0273671
823.815	0.0282224
823.949	0.0277947
824.083	0.0281613
824.218	0.027978
824.352	0.0281002
824.487	0.0279169
824.621	0.0279169
824.756	0.0278558
824.89	0.0285278
825.025	0.0271839
825.159	0.0278558
825.293	0.0273671
825.428	0.0281002
825.562	0.027978
825.697	0.027306
825.831	0.027978
825.966	0.0280391
826.1	0.0285278
826.235	0.0274282
826.369	0.0285278
826.503	0.0279169
826.638	0.0276115
826.772	0.0276115
826.907	0.0274282
827.041	0.0273671
827.176	0.0285889
827.31	0.0281002
827.445	0.027245
827.579	0.0275504
827.713	0.0282834
827.848	0.0281002
827.982	0.0282224
828.117	0.0274893
828.251	0.0282834
828.386	0.0281613
828.52	0.0277337
828.654	0.0282834
828.789	0.0280391
828.923	0.0276115
829.058	0.0276726
829.192	0.0282224
829.327	0.0277947
829.461	0.027978
829.596	0.0285278
829.73	0.0282224
829.864	0.0279169
829.999	0.02865
830.133	0.0270006
830.268	0.0280391
830.402	0.0276726
830.537	0.0282834
830.671	0.0277947
830.805	0.0276115
830.94	0.0270617
831.074	0.0280391
831.209	0.0282224
831.343	0.0274282
831.478	0.0276726
831.612	0.0284667
831.746	0.0274282
831.881	0.0274282
832.015	0.0275504
832.15	0.0276115
832.284	0.0276726
832.418	0.0275504
832.553	0.02865
832.687	0.0284056
832.822	0.027978
832.956	0.0287721
833.091	0.027978
833.225	0.0279169
833.359	0.027978
833.494	0.0285889
833.628	0.0277947
833.763	0.0284056
833.897	0.0277337
834.032	0.0276726
834.166	0.0275504
834.3	0.0274893
834.435	0.0273671
834.569	0.0274893
834.704	0.0276115
834.838	0.0283445
834.972	0.0283445
835.107	0.0289554
835.241	0.0262676
835.376	0.0277337
835.51	0.0273671
835.645	0.0285278
835.779	0.0277337
835.913	0.0276115
836.048	0.0277337
836.182	0.0276726
836.317	0.027978
836.451	0.027306
836.585	0.0279169
836.72	0.0279169
836.854	0.0284056
836.989	0.0282224
837.123	0.0284667
837.257	0.0282224
837.392	0.0273671
837.526	0.0275504
837.661	0.0279169
837.795	0.0284667
837.929	0.0263897
838.064	0.0268784
838.198	0.0271228
838.333	0.0280391
838.467	0.0279169
838.602	0.0276115
838.736	0.0273671
838.87	0.0282834
839.005	0.0271228
839.139	0.0277337
839.274	0.0283445
839.408	0.0285889
839.542	0.0282224
839.677	0.0280391
839.811	0.0276726
839.946	0.0277337
840.08	0.0267563
840.214	0.0270006
840.349	0.0274893
840.483	0.0275504
840.618	0.0276115
840.752	0.0280391
840.886	0.0276726
841.021	0.0275504
841.155	0.0276115
841.29	0.0276115
841.424	0.0274282
841.558	0.0279169
841.693	0.0276115
841.827	0.0279169
841.961	0.027978
842.096	0.0277947
842.23	0.0277947
842.365	0.0276115
842.499	0.0268173
842.633	0.0268784
842.768	0.0270617
842.902	0.0287111
843.037	0.0268784
843.171	0.0279169
843.305	0.0274893
843.44	0.0276115
843.574	0.0274282
843.709	0.0273671
843.843	0.0277947
843.977	0.0280391
844.112	0.0276726
844.246	0.0276726
844.381	0.0274282
844.515	0.0278558
844.649	0.0279169
844.784	0.027245
844.918	0.0274282
845.052	0.0282224
845.187	0.027245
845.321	0.0273671
845.456	0.0277947
845.59	0.0278558
845.724	0.0279169
845.859	0.0288943
845.993	0.027245
846.128	0.0274893
846.262	0.0277337
846.396	0.0270006
846.531	0.027978
846.665	0.027978
846.799	0.027245
846.934	0.027306
847.068	0.0275504
847.203	0.0275504
847.337	0.0275504
847.471	0.0282834
847.606	0.0277337
847.74	0.0279169
847.874	0.0274893
848.009	0.0274282
848.143	0.0276726
848.278	0.027306
848.412	0.0284667
848.546	0.0274282
848.681	0.027245
848.815	0.0278558
848.949	0.0285889
849.084	0.027978
849.218	0.0284056
849.353	0.0281002
849.487	0.0284056
849.621	0.0282224
849.756	0.0281002
849.89	0.0278558
850.024	0.0281002
850.159	0.0276115
850.293	0.0276726
850.428	0.0271228
850.562	0.0281613
850.696	0.027306
850.831	0.027978
850.965	0.0279169
851.099	0.0282224
851.234	0.0270617
851.368	0.0279169
851.502	0.0278558
851.637	0.0279169
851.771	0.0280391
851.906	0.027245
852.04	0.0283445
852.174	0.0282834
852.309	0.0281613
852.443	0.026573
852.577	0.0281002
852.712	0.0277947
852.846	0.0274893
852.98	0.0269395
853.115	0.0283445
853.249	0.0274893
853.384	0.0280391
853.518	0.0271839
853.652	0.0274282
853.787	0.027245
853.921	0.0281613
854.055	0.0277337
854.19	0.0278558
854.324	0.0274893
854.458	0.027306
854.593	0.0276726
854.727	0.0282834
854.861	0.0284056
854.996	0.027978
855.13	0.0266952
855.265	0.0280391
855.399	0.0274893
855.533	0.0270617
855.668	0.0283445
855.802	0.0280391
855.936	0.0277947
856.071	0.027978
856.205	0.0282834
856.339	0.0285889
856.474	0.0270617
856.608	0.0270617
856.742	0.0275504
856.877	0.0270617
857.011	0.0285889
857.145	0.0278558
857.28	0.0279169
857.414	0.0273671
857.549	0.0282224
857.683	0.0285278
857.817	0.0278558
857.952	0.0276115
858.086	0.0275504
858.22	0.0284667
858.355	0.0276726
858.489	0.0274893
858.623	0.027978
858.758	0.0281002
858.892	0.0277947
859.026	0.0271228
859.161	0.0284667
859.295	0.0287721
859.429	0.0281002
859.564	0.0275504
859.698	0.0274282
859.832	0.0281613
859.967	0.0276726
860.101	0.0276115
860.235	0.0280391
860.37	0.0269395
860.504	0.0277337
860.638	0.0278558
860.773	0.0280391
860.907	0.027245
861.041	0.0285278
861.176	0.027245
861.31	0.0275504
861.444	0.027306
861.579	0.0270006
861.713	0.0277947
861.847	0.0271228
861.982	0.0273671
862.116	0.0274282
862.25	0.0282224
862.385	0.0276115
862.519	0.0281002
862.653	0.0270617
862.788	0.0285278
862.922	0.0270006
863.056	0.0273671
863.191	0.027978
863.325	0.0282834
863.459	0.0273671
863.594	0.0274893
863.728	0.0283445
863.862	0.0274282
863.997	0.0270617
864.131	0.0269395
864.265	0.0279169
864.4	0.0276726
864.534	0.0276115
864.668	0.0270006
864.803	0.0271839
864.937	0.0280391
865.071	0.0277947
865.206	0.0274893
865.34	0.0266952
865.474	0.0287111
865.609	0.0269395
865.743	0.0273671
865.877	0.0260232
866.012	0.0281002
866.146	0.0276726
866.28	0.0284667
866.415	0.0287111
866.549	0.0281002
866.683	0.0276115
866.818	0.027306
866.952	0.027978
867.086	0.0277337
867.221	0.0278558
867.355	0.0274282
867.489	0.0282834
867.623	0.0276726
867.758	0.027245
867.892	0.0283445
868.026	0.0279169
868.161	0.0274893
868.295	0.027306
868.429	0.0278558
868.564	0.0274893
868.698	0.027978
868.832	0.0273671
868.967	0.027978
869.101	0.0277947
869.235	0.0282224
869.37	0.0268784
869.504	0.0285889
869.638	0.0274893
869.773	0.0277947
869.907	0.0276726
870.041	0.027306
870.175	0.0277947
870.31	0.0277337
870.444	0.026573
870.578	0.0274282
870.713	0.027245
870.847	0.0273671
870.981	0.0275504
871.116	0.0274282
871.25	0.0274282
871.384	0.0270006
871.519	0.0275504
871.653	0.0287111
871.787	0.027978
871.921	0.027978
872.056	0.0276726
872.19	0.0275504
872.324	0.0282224
872.459	0.0274893
872.593	0.0275504
872.727	0.027978
872.862	0.0282834
872.996	0.0280391
873.13	0.027978
873.264	0.0277947
873.399	0.0276115
873.533	0.0274893
873.667	0.0270617
873.802	0.0280391
873.936	0.0270617
874.07	0.0270006
874.205	0.0274893
874.339	0.0276115
874.473	0.0270617
874.607	0.0281002
874.742	0.0273671
874.876	0.0282834
875.01	0.0277337
875.145	0.0274282
875.279	0.026573
875.413	0.027245
875.548	0.0267563
875.682	0.027306
875.816	0.0275504
875.95	0.027306
876.085	0.0274282
876.219	0.0266952
876.353	0.0276115
876.488	0.0276726
876.622	0.0274893
876.756	0.0277337
876.89	0.0271839
877.025	0.0277337
877.159	0.027306
877.293	0.0266952
877.428	0.0275504
877.562	0.0274893
877.696	0.0274893
877.83	0.027978
877.965	0.0285278
878.099	0.027978
878.233	0.0277337
878.368	0.0271839
878.502	0.0281613
878.636	0.0281002
878.77	0.0270006
878.905	0.0282224
879.039	0.0270617
879.173	0.0274282
879.308	0.026573
879.442	0.0277337
879.576	0.0280391
879.71	0.0279169
879.845	0.0277947
879.979	0.0277337
880.113	0.0274893
880.248	0.027978
880.382	0.0281613
880.516	0.0273671
880.65	0.027978
880.785	0.027306
880.919	0.0278558
881.053	0.027978
881.188	0.0271228
881.322	0.027306
881.456	0.0266952
881.59	0.0275504
881.725	0.0273671
881.859	0.0277947
881.993	0.0284667
882.127	0.0279169
882.262	0.0276726
882.396	0.027306
882.53	0.0271839
882.665	0.0276726
882.799	0.027306
882.933	0.0275504
883.067	0.0282224
883.202	0.0280391
883.336	0.0274893
883.47	0.027978
883.604	0.0277947
883.739	0.027306
883.873	0.0277337
884.007	0.0279169
884.142	0.0276115
884.276	0.0279169
884.41	0.0270617
884.544	0.0279169
884.679	0.0275504
884.813	0.0287111
884.947	0.0274893
885.081	0.0274893
885.216	0.0273671
885.35	0.0277337
885.484	0.0274282
885.618	0.0284667
885.753	0.0276726
885.887	0.0281002
886.021	0.0278558
886.155	0.027978
886.29	0.0277947
886.424	0.0276726
886.558	0.0281002
886.693	0.0275504
886.827	0.0279169
886.961	0.0270617
887.095	0.0276115
887.23	0.0291387
887.364	0.0275504
887.498	0.0282224
887.632	0.0275504
887.767	0.0281613
887.901	0.027245
888.035	0.0273671
888.169	0.027978
888.304	0.0285278
888.438	0.0276115
888.572	0.0284667
888.706	0.0274893
888.841	0.0274282
888.975	0.0275504
889.109	0.0273671
889.243	0.0273671
889.378	0.0275504
889.512	0.0280391
889.646	0.0271839
889.78	0.0274893
889.915	0.0279169
890.049	0.0276115
890.183	0.0271839
890.317	0.0273671
890.452	0.0279169
890.586	0.0282224
890.72	0.0274893
890.854	0.0271228
890.989	0.0266341
891.123	0.0281613
891.257	0.0285278
891.391	0.0275504
891.526	0.0276726
891.66	0.0277947
891.794	0.0281002
891.928	0.0284667
892.063	0.0271228
892.197	0.0274893
892.331	0.0279169
892.465	0.0282834
892.6	0.027306
892.734	0.0282224
892.868	0.0280391
893.002	0.0271228
893.137	0.0274893
893.271	0.0277337
893.405	0.0276115
893.539	0.0269395
893.674	0.0273671
893.808	0.0284667
893.942	0.0268173
894.076	0.0283445
894.21	0.0277947
894.345	0.0278558
894.479	0.0270006
894.613	0.027978
894.747	0.0274282
894.882	0.0273671
895.016	0.0276726
895.15	0.0268784
895.284	0.0284056
895.419	0.0273671
895.553	0.0277947
895.687	0.026573
895.821	0.0280391
895.956	0.0277947
896.09	0.0280391
896.224	0.0278558
896.358	0.0278558
896.492	0.0282224
896.627	0.0279169
896.761	0.0276726
896.895	0.027245
897.029	0.0274893
897.164	0.0271839
897.298	0.0277337
897.432	0.0276115
897.566	0.027306
897.701	0.0274282
897.835	0.0271839
897.969	0.0281613
898.103	0.0271228
898.237	0.0281002
898.372	0.0281002
898.506	0.0277947
898.64	0.0270006
898.774	0.027978
898.909	0.0277337
899.043	0.0268173
899.177	0.0280391
899.311	0.0274893
899.445	0.0270006
899.58	0.0275504
899.714	0.0274893
899.848	0.027245
899.982	0.027978
900.117	0.0276115
900.251	0.0274893
900.385	0.027978
900.519	0.0285889
900.653	0.0268173
900.788	0.0285889
900.922	0.0284056
901.056	0.0270617
901.19	0.0276726
901.325	0.0271228
901.459	0.0276726
901.593	0.0277337
901.727	0.0276115
901.861	0.0287111
901.996	0.027306
902.13	0.0275504
902.264	0.0277337
902.398	0.0273671
902.532	0.0276115
902.667	0.0280391
902.801	0.0283445
902.935	0.0271228
903.069	0.0273671
903.204	0.027306
903.338	0.0284056
903.472	0.0273671
903.606	0.0277337
903.74	0.0277337
903.875	0.027245
904.009	0.027306
904.143	0.0273671
904.277	0.0276115
904.411	0.027306
904.546	0.0278558
904.68	0.0279169
904.814	0.0281002
904.948	0.0284667
905.082	0.0270617
905.217	0.0266952
905.351	0.0273671
905.485	0.0285278
905.619	0.0274282
905.753	0.0281002
905.888	0.0274282
906.022	0.0280391
906.156	0.027306
906.29	0.0268173
906.424	0.0275504
906.559	0.0277337
906.693	0.0282224
906.827	0.0277947
906.961	0.0274893
907.095	0.0270617
907.23	0.027306
907.364	0.0280391
907.498	0.027306
907.632	0.0274893
907.766	0.027978
907.901	0.0280391
908.035	0.0269395
908.169	0.0280391
908.303	0.0282834
908.437	0.0276115
908.572	0.0270617
908.706	0.0277947
908.84	0.0285278
908.974	0.0275504
909.108	0.0280391
909.243	0.026573
909.377	0.0282224
909.511	0.0273671
909.645	0.0280391
909.779	0.0271839
909.914	0.0274893
910.048	0.0277947
910.182	0.027306
910.316	0.0281002
910.45	0.0273671
910.585	0.027978
910.719	0.0271839
910.853	0.0279169
910.987	0.0278558
911.121	0.0273671
911.255	0.0270006
911.39	0.0280391
911.524	0.0283445
911.658	0.0266341
911.792	0.0284056
911.926	0.0285278
912.061	0.0277947
912.195	0.0276115
912.329	0.0274893
912.463	0.0273671
912.597	0.0282224
912.732	0.027306
912.866	0.0276115
913	0.0277337
913.134	0.0277947
913.268	0.0276115
913.402	0.0275504
913.537	0.0283445
913.671	0.0273671
913.805	0.0277337
913.939	0.0275504
914.073	0.0273671
914.208	0.0273671
914.342	0.0283445
914.476	0.0273671
914.61	0.0275504
914.744	0.0274893
914.878	0.0276115
915.013	0.0268784
915.147	0.027306
915.281	0.027978
915.415	0.0283445
915.549	0.0284056
915.683	0.027978
915.818	0.0280391
915.952	0.0280391
916.086	0.0271228
916.22	0.0276115
916.354	0.0276726
916.488	0.0275504
916.623	0.0274893
916.757	0.027978
916.891	0.0279169
917.025	0.0277947
917.159	0.0278558
917.293	0.0270006
917.428	0.0281613
917.562	0.0285278
917.696	0.0270617
917.83	0.0287721
917.964	0.0281002
918.098	0.0271839
918.233	0.0271228
918.367	0.0282834
918.501	0.0269395
918.635	0.0273671
918.769	0.0281613
918.903	0.0270006
919.038	0.0267563
919.172	0.0279169
919.306	0.0274893
919.44	0.0281613
919.574	0.0277337
919.708	0.0273671
919.843	0.0280391
919.977	0.0269395
920.111	0.0271228
920.245	0.0278558
920.379	0.0270006
920.513	0.027245
920.648	0.0265119
920.782	0.027245
920.916	0.0271839
921.05	0.0283445
921.184	0.0273671
921.318	0.0274282
921.453	0.0277947
921.587	0.027245
921.721	0.0282224
921.855	0.0282834
921.989	0.0277947
922.123	0.0281002
922.257	0.0277947
922.392	0.0277947
922.526	0.0279169
922.66	0.0278558
922.794	0.0281613
922.928	0.0281002
923.062	0.0281613
923.197	0.0279169
923.331	0.0281613
923.465	0.0274893
923.599	0.0263897
923.733	0.027245
923.867	0.0271839
924.001	0.027245
924.136	0.0283445
924.27	0.0288332
924.404	0.0277337
924.538	0.0276726
924.672	0.0275504
924.806	0.0285278
924.94	0.0271839
925.075	0.0284667
925.209	0.0278558
925.343	0.0270006
925.477	0.0280391
925.611	0.0277337
925.745	0.0279169
925.879	0.0275504
926.014	0.0279169
926.148	0.0274893
926.282	0.0282834
926.416	0.0278558
926.55	0.02865
926.684	0.0277947
926.818	0.027978
926.953	0.0282224
927.087	0.0284056
927.221	0.0282224
927.355	0.0274893
927.489	0.0275504
927.623	0.0274282
927.757	0.0282224
927.892	0.027306
928.026	0.0282224
928.16	0.0283445
928.294	0.0279169
928.428	0.0284667
928.562	0.0289554
928.696	0.0276115
928.831	0.0277337
928.965	0.0271228
929.099	0.0281613
929.233	0.0266952
929.367	0.0279169
929.501	0.0277947
929.635	0.0281613
929.769	0.027978
929.904	0.0274893
930.038	0.0278558
930.172	0.026573
930.306	0.0274282
930.44	0.0270617
930.574	0.0276726
930.708	0.0273671
930.843	0.0277337
930.977	0.0275504
931.111	0.0273671
931.245	0.0274893
931.379	0.0273671
931.513	0.0274893
931.647	0.0277337
931.781	0.0273671
931.916	0.0284056
932.05	0.0270006
932.184	0.0270006
932.318	0.0265119
932.452	0.026573
932.586	0.027306
932.72	0.0279169
932.854	0.0270006
932.989	0.0270006
933.123	0.0281002
933.257	0.0273671
933.391	0.0276726
933.525	0.0268173
933.659	0.0282834
933.793	0.027245
933.927	0.0287721
934.061	0.0277337
934.196	0.0271839
934.33	0.0274282
934.464	0.0282224
934.598	0.0280391
934.732	0.027245
934.866	0.0281002
935	0.0276726
935.134	0.0277337
935.269	0.0283445
935.403	0.0279169
935.537	0.0276115
935.671	0.0280391
935.805	0.027245
935.939	0.0273671
936.073	0.0277337
936.207	0.0269395
936.341	0.0270006
936.476	0.027978
936.61	0.027978
936.744	0.027306
936.878	0.0283445
937.012	0.0277337
937.146	0.0281613
937.28	0.0276726
937.414	0.0273671
937.548	0.0281613
937.683	0.0277947
937.817	0.0280391
937.951	0.0276115
938.085	0.0279169
938.219	0.0277337
938.353	0.0280391
938.487	0.0279169
938.621	0.0276115
938.755	0.0276115
938.889	0.0270006
939.024	0.0277337
939.158	0.0284056
939.292	0.0288332
939.426	0.0282224
939.56	0.0290776
939.694	0.0280391
939.828	0.027978
939.962	0.027978
940.096	0.0285278
940.231	0.0278558
940.365	0.0276726
940.499	0.0274282
940.633	0.0278558
940.767	0.0279169
940.901	0.0277337
941.035	0.0283445
941.169	0.0270006
941.303	0.0276115
941.437	0.0273671
941.571	0.0284667
941.706	0.0284667
941.84	0.0274282
941.974	0.0275504
942.108	0.0274893
942.242	0.0277337
942.376	0.0277337
942.51	0.0275504
942.644	0.0271839
942.778	0.0280391
942.912	0.0281002
943.047	0.0280391
943.181	0.0285278
943.315	0.0279169
943.449	0.0263286
943.583	0.0284056
943.717	0.0274282
943.851	0.0270617
943.985	0.0269395
944.119	0.0279169
944.253	0.0278558
944.387	0.0287111
944.522	0.0277947
944.656	0.0274282
944.79	0.027978
944.924	0.0271839
945.058	0.0277337
945.192	0.0277947
945.326	0.0269395
945.46	0.0279169
945.594	0.0277947
945.728	0.0281613
945.862	0.0276115
945.996	0.0277947
946.131	0.0273671
946.265	0.0274282
946.399	0.0274893
946.533	0.0271228
946.667	0.0282224
946.801	0.0268173
946.935	0.0267563
947.069	0.0282224
947.203	0.0275504
947.337	0.027978
947.471	0.0276115
947.605	0.0282834
947.739	0.027245
947.874	0.0276726
948.008	0.0268173
948.142	0.0262676
948.276	0.0276726
948.41	0.0277337
948.544	0.0282834
948.678	0.0271228
948.812	0.0274893
948.946	0.0275504
949.08	0.0276726
949.214	0.0277337
949.348	0.027978
949.482	0.0276726
949.617	0.027978
949.751	0.0277337
949.885	0.0264508
950.019	0.0270006
950.153	0.027978
950.287	0.0269395
950.421	0.0273671
950.555	0.0278558
950.689	0.0274282
950.823	0.027245
950.957	0.02865
951.091	0.0284667
951.225	0.0274893
951.359	0.0280391
951.493	0.0274282
951.628	0.0276726
951.762	0.0278558
951.896	0.0273671
952.03	0.0277337
952.164	0.0270006
952.298	0.0281002
952.432	0.0270617
952.566	0.0275504
952.7	0.0275504
952.834	0.0274282
952.968	0.0271228
953.102	0.0274893
953.236	0.0271839
953.37	0.0271228
953.504	0.0267563
953.639	0.0266341
953.773	0.0281002
953.907	0.0278558
954.041	0.0273671
954.175	0.0277337
954.309	0.0282224
954.443	0.027306
954.577	0.0282224
954.711	0.0271228
954.845	0.027978
954.979	0.0284667
955.113	0.0277947
955.247	0.027978
955.381	0.0277337
955.515	0.027245
955.649	0.0277947
955.783	0.0274893
955.917	0.0278558
956.052	0.027978
956.186	0.0281002
956.32	0.0281002
956.454	0.0276726
956.588	0.0279169
956.722	0.0270617
956.856	0.0273671
956.99	0.027978
957.124	0.0279169
957.258	0.027978
957.392	0.0268784
957.526	0.0277947
957.66	0.0271839
957.794	0.0271839
957.928	0.0275504
958.062	0.0274893
958.196	0.0270617
958.33	0.0280391
958.464	0.0278558
958.598	0.0281002
958.733	0.0276726
958.867	0.0276115
959.001	0.0274893
959.135	0.0279169
959.269	0.0275504
959.403	0.0276726
959.537	0.0278558
959.671	0.0277947
959.805	0.0271228
959.939	0.0279169
960.073	0.0276726
960.207	0.0266341
960.341	0.0273671
960.475	0.0277337
960.609	0.0275504
960.743	0.0270006
960.877	0.0281002
961.011	0.0276726
961.145	0.0270006
961.279	0.0281002
961.413	0.0270617
961.547	0.0280391
961.681	0.0277337
961.815	0.0271228
961.949	0.027306
962.083	0.0266341
962.218	0.0279169
962.352	0.0270617
962.486	0.0282224
962.62	0.0274893
962.754	0.0277947
962.888	0.0273671
963.022	0.0277947
963.156	0.0279169
963.29	0.027245
963.424	0.0268173
963.558	0.027245
963.692	0.027306
963.826	0.0271228
963.96	0.0271839
964.094	0.0278558
964.228	0.0282224
964.362	0.0276115
964.496	0.0285278
964.63	0.0276726
964.764	0.0278558
964.898	0.0287721
965.032	0.0277947
965.166	0.0270617
965.3	0.0268784
965.434	0.0271839
965.568	0.0276726
965.702	0.027978
965.836	0.027978
965.97	0.0277337
966.104	0.0277337
966.238	0.0274282
966.372	0.0270006
966.506	0.0270617
966.64	0.0276115
966.774	0.0288943
966.908	0.0277337
967.043	0.0276726
967.177	0.0277337
967.311	0.0277947
967.445	0.0275504
967.579	0.0271839
967.713	0.0274893
967.847	0.0271839
967.981	0.0269395
968.115	0.0275504
968.249	0.0274282
968.383	0.0287111
968.517	0.0280391
968.651	0.0276115
968.785	0.027978
968.919	0.0274893
969.053	0.0277337
969.187	0.027245
969.321	0.0279169
969.455	0.0276115
969.589	0.0274282
969.723	0.0271228
969.857	0.0280391
969.991	0.0273671
970.125	0.0282224
970.259	0.0268784
970.393	0.0282834
970.527	0.0269395
970.661	0.027306
970.795	0.0280391
970.929	0.0274893
971.063	0.0271839
971.197	0.027978
971.331	0.027245
971.465	0.0275504
971.599	0.0277337
971.733	0.027978
971.867	0.0274893
972.001	0.0268784
972.135	0.0270006
972.269	0.0276115
972.403	0.0276115
972.537	0.0278558
972.671	0.0274282
972.805	0.0282834
972.939	0.027978
973.073	0.0266952
973.207	0.0271228
973.341	0.0271839
973.475	0.0275504
973.609	0.0280391
973.743	0.0276726
973.877	0.0277337
974.011	0.0278558
974.145	0.0281613
974.279	0.0277947
974.413	0.027978
974.547	0.0273671
974.681	0.027245
974.815	0.0271839
974.949	0.0281002
975.083	0.0284056
975.217	0.0278558
975.351	0.0282834
975.485	0.0276115
975.619	0.0276726
975.753	0.0277947
975.887	0.0273671
976.021	0.0278558
976.155	0.0279169
976.289	0.0277337
976.423	0.0280391
976.557	0.0277337
976.691	0.0277947
976.825	0.027978
976.959	0.0276115
977.093	0.0271839
977.227	0.0285278
977.361	0.0275504
977.495	0.0270617
977.629	0.0268173
977.763	0.0274893
977.897	0.0281002
978.031	0.0276115
978.165	0.0276115
978.299	0.027245
978.433	0.0277947
978.567	0.0271839
978.701	0.027245
978.835	0.0285889
978.969	0.0285889
979.103	0.0268784
979.237	0.0274893
979.371	0.0280391
979.505	0.0295663
979.639	0.0278558
979.773	0.0278558
979.907	0.0269395
980.041	0.0279169
980.175	0.0271839
980.308	0.0279169
980.442	0.0277947
980.576	0.0277947
980.71	0.0284667
980.844	0.027245
980.978	0.0276726
981.112	0.0274282
981.246	0.0279169
981.38	0.0280391
981.514	0.0277337
981.648	0.0274893
981.782	0.0279169
981.916	0.0280391
982.05	0.0276726
982.184	0.0283445
982.318	0.0274893
982.452	0.0277947
982.586	0.027306
982.72	0.0277947
982.854	0.0270006
982.988	0.0269395
983.122	0.027306
983.256	0.0279169
983.39	0.0273671
983.524	0.0281002
983.658	0.0282834
983.792	0.02865
983.926	0.0278558
984.06	0.0274893
984.194	0.0276115
984.328	0.0275504
984.462	0.0273671
984.596	0.0275504
984.73	0.026573
984.864	0.0274893
984.998	0.0271839
985.132	0.0275504
985.265	0.0280391
985.399	0.0281002
985.533	0.0273671
985.667	0.0280391
985.801	0.0282224
985.935	0.0277337
986.069	0.027978
986.203	0.0276115
986.337	0.0275504
986.471	0.0277337
986.605	0.027245
986.739	0.0281613
986.873	0.0273671
987.007	0.0282834
987.141	0.0267563
987.275	0.0274893
987.409	0.027978
987.543	0.0277337
987.677	0.0281002
987.811	0.027978
987.945	0.0274893
988.079	0.0281613
988.213	0.0287111
988.347	0.0280391
988.481	0.0276115
988.614	0.0268784
988.748	0.027245
988.882	0.0274893
989.016	0.0281002
989.15	0.0271839
989.284	0.0277947
989.418	0.0275504
989.552	0.0276726
989.686	0.0281002
989.82	0.0273671
989.954	0.0271228
990.088	0.0271228
990.222	0.0271228
990.356	0.0277947
990.49	0.0268784
990.624	0.0279169
990.758	0.0274893
990.892	0.0276115
991.026	0.0280391
991.16	0.0274282
991.294	0.0280391
991.427	0.027978
991.561	0.0276726
991.695	0.0277337
991.829	0.0284667
991.963	0.027978
992.097	0.0276115
992.231	0.0268784
992.365	0.0285889
992.499	0.0281613
992.633	0.0275504
992.767	0.0281613
992.901	0.0285889
993.035	0.027245
993.169	0.0274893
993.303	0.0277337
993.437	0.0283445
993.571	0.0281613
993.704	0.0277337
993.838	0.0270617
993.972	0.0284056
994.106	0.0274282
994.24	0.0276115
994.374	0.0268173
994.508	0.0273671
994.642	0.0277947
994.776	0.0273671
994.91	0.0277947
995.044	0.0276115
995.178	0.0275504
995.312	0.0277337
995.446	0.0273671
995.58	0.0274282
995.714	0.0270617
995.847	0.027245
995.981	0.0275504
996.115	0.0283445
996.249	0.0274893
996.383	0.0283445
996.517	0.0279169
996.651	0.0280391
996.785	0.027306
996.919	0.0283445
997.053	0.0271228
997.187	0.0281002
997.321	0.0276726
997.455	0.027245
997.589	0.0282224
997.722	0.0277947
997.856	0.0283445
997.99	0.0282224
998.124	0.027306
998.258	0.0273671
998.392	0.0274893
998.526	0.0273671
998.66	0.0280391
998.794	0.0268784
998.928	0.0277947
999.062	0.0283445
999.196	0.0270617
999.33	0.0280391
999.464	0.0288332
999.597	0.0281613
999.731	0.0274893
999.865	0.0282224
999.999	0.0268784
1000.13	0.0285889
1000.27	0.0274893
1000.4	0.027978
1000.53	0.0271228
1000.67	0.0270617
1000.8	0.0285278
1000.94	0.0283445
1001.07	0.0274282
1001.2	0.0273671
1001.34	0.0271839
1001.47	0.0278558
1001.61	0.0277947
1001.74	0.027978
1001.87	0.0281002
1002.01	0.0282224
1002.14	0.0279169
1002.28	0.0277947
1002.41	0.0269395
1002.54	0.027978
1002.68	0.027245
1002.81	0.0270006
1002.95	0.0275504
1003.08	0.0266341
1003.21	0.0265119
1003.35	0.0274893
1003.48	0.0274282
1003.61	0.0276726
1003.75	0.0276726
1003.88	0.0291387
1004.02	0.0282834
1004.15	0.0274893
1004.28	0.0282224
1004.42	0.0281002
1004.55	0.0279169
1004.69	0.0276726
1004.82	0.027245
1004.95	0.0279169
1005.09	0.0285889
1005.22	0.0266952
1005.36	0.0281002
1005.49	0.0276726
1005.62	0.0276726
1005.76	0.0274893
1005.89	0.0270006
1006.03	0.0281002
1006.16	0.0276726
1006.29	0.0285278
1006.43	0.0276726
1006.56	0.0274893
1006.69	0.0282834
1006.83	0.0276115
1006.96	0.0274282
1007.1	0.0282224
1007.23	0.027245
1007.36	0.0274282
1007.5	0.0271228
1007.63	0.0276115
1007.77	0.0271228
1007.9	0.027978
1008.03	0.0276726
1008.17	0.027306
1008.3	0.0270006
1008.44	0.0276115
1008.57	0.0278558
1008.7	0.0277337
1008.84	0.0277337
1008.97	0.0277337
1009.1	0.0277337
1009.24	0.0280391
1009.37	0.0282224
1009.51	0.0271839
1009.64	0.0273671
1009.77	0.0281002
1009.91	0.0279169
1010.04	0.0276726
1010.18	0.0281002
1010.31	0.0283445
1010.44	0.0285889
1010.58	0.0273671
1010.71	0.0274282
1010.85	0.027978
1010.98	0.0278558
1011.11	0.0276726
1011.25	0.0274893
1011.38	0.0273671
1011.51	0.0271228
1011.65	0.027978
1011.78	0.0274282
1011.92	0.0284667
1012.05	0.0274282
1012.18	0.0282224
1012.32	0.0276726
1012.45	0.0277337
1012.59	0.0275504
1012.72	0.027306
1012.85	0.0271839
1012.99	0.0281613
1013.12	0.0282224
1013.26	0.0277337
1013.39	0.0274282
1013.52	0.0277337
1013.66	0.0267563
1013.79	0.0278558
1013.92	0.027245
1014.06	0.0269395
1014.19	0.0281613
1014.33	0.0277947
1014.46	0.0267563
1014.59	0.0278558
1014.73	0.0281002
1014.86	0.0281613
1015	0.0276115
1015.13	0.0278558
1015.26	0.0277947
1015.4	0.0270006
1015.53	0.0273671
1015.67	0.0276115
1015.8	0.027245
1015.93	0.0277947
1016.07	0.0277337
1016.2	0.027978
1016.33	0.027306
1016.47	0.0280391
1016.6	0.0270006
1016.74	0.027978
1016.87	0.0279169
1017	0.0279169
1017.14	0.0270617
1017.27	0.0279169
1017.41	0.0284056
1017.54	0.0279169
1017.67	0.0281613
1017.81	0.0276115
1017.94	0.0281613
1018.07	0.0276115
1018.21	0.0268784
1018.34	0.0282224
1018.48	0.0281002
1018.61	0.0278558
1018.74	0.0271839
1018.88	0.0282224
1019.01	0.0277947
1019.15	0.0291998
1019.28	0.0281613
1019.41	0.0280391
1019.55	0.0276115
1019.68	0.0274893
1019.82	0.027978
1019.95	0.0274282
1020.08	0.0276115
1020.22	0.027306
1020.35	0.0271839
1020.48	0.0271839
1020.62	0.0282834
1020.75	0.0275504
1020.89	0.027306
1021.02	0.0277947
1021.15	0.0280391
1021.29	0.0278558
1021.42	0.0282834
1021.56	0.0279169
1021.69	0.0277947
1021.82	0.0282224
1021.96	0.0268784
1022.09	0.0263897
1022.22	0.0285278
1022.36	0.0284667
1022.49	0.0270006
1022.63	0.0274282
1022.76	0.0274893
1022.89	0.0277947
1023.03	0.027306
1023.16	0.0282224
1023.3	0.0278558
1023.43	0.0279169
1023.56	0.0274282
1023.7	0.0276115
1023.83	0.0275504
1023.96	0.0273671
1024.1	0.0277337
1024.23	0.0275504
1024.37	0.0276726
1024.5	0.0282224
1024.63	0.0285889
1024.77	0.0276115
1024.9	0.027306
1025.04	0.0277947
1025.17	0.027978
1025.3	0.0275504
1025.44	0.0275504
1025.57	0.0276726
1025.7	0.0277947
1025.84	0.0273671
1025.97	0.027306
1026.11	0.0273671
1026.24	0.0270617
1026.37	0.0274893
1026.51	0.02865
1026.64	0.0281002
1026.78	0.0280391
1026.91	0.0274282
1027.04	0.0281613
1027.18	0.0284056
1027.31	0.0271839
1027.44	0.0284056
1027.58	0.0281613
1027.71	0.0284667
1027.85	0.027306
1027.98	0.0271839
1028.11	0.0280391
1028.25	0.0270006
1028.38	0.0273671
1028.52	0.0271228
1028.65	0.0276115
1028.78	0.0271228
1028.92	0.0273671
1029.05	0.0282224
1029.18	0.0276726
1029.32	0.0279169
1029.45	0.0261454
1029.59	0.0280391
1029.72	0.0279169
1029.85	0.0276726
1029.99	0.0284056
1030.12	0.0278558
1030.26	0.0273671
1030.39	0.0271839
1030.52	0.0276726
1030.66	0.027245
1030.79	0.0276726
1030.92	0.0282224
1031.06	0.0273671
1031.19	0.0274893
1031.33	0.0276726
1031.46	0.027306
1031.59	0.0278558
1031.73	0.0282834
1031.86	0.027306
1031.99	0.0281002
1032.13	0.0269395
1032.26	0.0281002
1032.4	0.0283445
1032.53	0.0274282
1032.66	0.0270617
1032.8	0.0274893
1032.93	0.027978
1033.07	0.0280391
1033.2	0.0274282
1033.33	0.0282834
1033.47	0.0276726
1033.6	0.0274282
1033.73	0.0282224
1033.87	0.027245
1034	0.0276115
1034.14	0.0278558
1034.27	0.0271228
1034.4	0.0278558
1034.54	0.0277337
1034.67	0.0275504
1034.81	0.027306
1034.94	0.0281613
1035.07	0.0282834
1035.21	0.0275504
1035.34	0.0281613
1035.47	0.0274282
1035.61	0.0276726
1035.74	0.0275504
1035.88	0.0278558
1036.01	0.0280391
1036.14	0.0276115
1036.28	0.0279169
1036.41	0.027306
1036.54	0.0271839
1036.68	0.0273671
1036.81	0.0284667
1036.95	0.0274282
1037.08	0.0276726
1037.21	0.0281613
1037.35	0.0276115
1037.48	0.0278558
1037.62	0.0281613
1037.75	0.0277337
1037.88	0.0274282
1038.02	0.0278558
1038.15	0.0287721
1038.28	0.0281002
1038.42	0.0277947
1038.55	0.0281613
1038.69	0.027306
1038.82	0.0275504
1038.95	0.0281613
1039.09	0.0279169
1039.22	0.0276726
1039.35	0.0268173
1039.49	0.0276115
1039.62	0.0274282
1039.76	0.0276726
1039.89	0.0276115
1040.02	0.0278558
1040.16	0.0267563
1040.29	0.0271839
1040.43	0.0275504
1040.56	0.0266341
1040.69	0.0281002
1040.83	0.0281002
1040.96	0.0276115
1041.09	0.027306
1041.23	0.0274282
1041.36	0.0282224
1041.5	0.0282224
1041.63	0.027978
1041.76	0.027245
1041.9	0.0276726
1042.03	0.0273671
1042.16	0.027978
1042.3	0.0290776
1042.43	0.0280391
1042.57	0.0276726
1042.7	0.0277947
1042.83	0.0273671
1042.97	0.0267563
1043.1	0.0283445
1043.23	0.0283445
1043.37	0.0274282
1043.5	0.0277337
1043.64	0.0277337
1043.77	0.0277337
1043.9	0.0270006
1044.04	0.0274893
1044.17	0.0269395
1044.31	0.0276726
1044.44	0.027978
1044.57	0.0277337
1044.71	0.0277337
1044.84	0.0278558
1044.97	0.0284056
1045.11	0.0282834
1045.24	0.0270006
1045.38	0.0274282
1045.51	0.0274282
1045.64	0.0283445
1045.78	0.0282834
1045.91	0.0279169
1046.04	0.027245
1046.18	0.0279169
1046.31	0.0280391
1046.45	0.027978
1046.58	0.0273671
1046.71	0.0276115
1046.85	0.0268173
1046.98	0.0271839
1047.11	0.0268784
1047.25	0.0277337
1047.38	0.0276115
1047.52	0.0281002
1047.65	0.0277337
1047.78	0.0276115
1047.92	0.0280391
1048.05	0.0283445
1048.18	0.0270617
1048.32	0.0275504
1048.45	0.0276726
1048.59	0.0274282
1048.72	0.02865
1048.85	0.0287111
1048.99	0.027978
1049.12	0.0269395
1049.25	0.0277947
1049.39	0.0278558
1049.52	0.0276115
1049.66	0.0273671
1049.79	0.0281002
1049.92	0.0270006
1050.06	0.0271839
1050.19	0.0275504
1050.33	0.0270006
1050.46	0.0280391
1050.59	0.0276726
1050.73	0.0277947
1050.86	0.0266952
1050.99	0.0281613
1051.13	0.027306
1051.26	0.0263897
1051.4	0.0274893
1051.53	0.0284667
1051.66	0.0264508
1051.8	0.0273671
1051.93	0.0264508
1052.06	0.0281002
1052.2	0.0279169
1052.33	0.0282224
1052.47	0.0283445
1052.6	0.0276115
1052.73	0.0289554
1052.87	0.0274282
1053	0.0284056
1053.13	0.0280391
1053.27	0.0276726
1053.4	0.0279169
1053.54	0.0270617
1053.67	0.027245
1053.8	0.0277947
1053.94	0.0274893
1054.07	0.0268784
1054.2	0.0281613
1054.34	0.0266952
1054.47	0.0282834
1054.61	0.0270617
1054.74	0.0279169
1054.87	0.027978
1055.01	0.0274282
1055.14	0.0277947
1055.27	0.027978
1055.41	0.0277337
1055.54	0.0274893
1055.68	0.0277337
1055.81	0.0276726
1055.94	0.0287111
1056.08	0.0274282
1056.21	0.0282224
1056.34	0.0281002
1056.48	0.0282834
1056.61	0.0274282
1056.75	0.0275504
1056.88	0.0277947
1057.01	0.0268784
1057.15	0.0275504
1057.28	0.0271839
1057.41	0.0278558
1057.55	0.0280391
1057.68	0.0268173
1057.82	0.0267563
1057.95	0.0267563
1058.08	0.0274893
1058.22	0.0277947
1058.35	0.027245
1058.48	0.0283445
1058.62	0.0277947
1058.75	0.0281613
1058.89	0.0279169
1059.02	0.0275504
1059.15	0.0276115
1059.29	0.0274282
1059.42	0.0276115
1059.55	0.0274893
1059.69	0.0271228
1059.82	0.0270006
1059.96	0.0276115
1060.09	0.0273671
1060.22	0.0277947
1060.36	0.0270617
1060.49	0.0269395
1060.62	0.0271228
1060.76	0.0285889
1060.89	0.0278558
1061.03	0.0277947
1061.16	0.0277947
1061.29	0.0274893
1061.43	0.027978
1061.56	0.0285278
1061.69	0.0274893
1061.83	0.027306
1061.96	0.0281613
1062.1	0.0276726
1062.23	0.0277947
1062.36	0.0276726
1062.5	0.027978
1062.63	0.0273671
1062.76	0.0281002
1062.9	0.0276115
1063.03	0.0275504
1063.17	0.0281002
1063.3	0.0277337
1063.43	0.0274893
1063.57	0.0276115
1063.7	0.027978
1063.83	0.0279169
1063.97	0.0280391
1064.1	0.027978
1064.23	0.0277947
1064.37	0.027245
1064.5	0.0287721
1064.64	0.027245
1064.77	0.027978
1064.9	0.0273671
1065.04	0.0282224
1065.17	0.0274282
1065.3	0.027306
1065.44	0.0273671
1065.57	0.0270617
1065.71	0.0283445
1065.84	0.0277337
1065.97	0.0269395
1066.11	0.0284056
1066.24	0.0280391
1066.37	0.0277947
1066.51	0.0284056
1066.64	0.0276115
1066.78	0.0283445
1066.91	0.0270006
1067.04	0.0269395
1067.18	0.0275504
1067.31	0.0277947
1067.44	0.0281613
1067.58	0.0276115
1067.71	0.0277947
1067.85	0.0273671
1067.98	0.0279169
1068.11	0.0281613
1068.25	0.0285889
1068.38	0.0280391
1068.51	0.0285278
1068.65	0.0281613
1068.78	0.02865
1068.92	0.0280391
1069.05	0.0277337
1069.18	0.0282224
1069.32	0.0274282
1069.45	0.027245
1069.58	0.0273671
1069.72	0.0282834
1069.85	0.027306
1069.98	0.0282834
1070.12	0.0275504
1070.25	0.0284667
1070.39	0.0273671
1070.52	0.0275504
1070.65	0.0266952
1070.79	0.0275504
1070.92	0.0274893
1071.05	0.0279169
1071.19	0.0279169
1071.32	0.0285278
1071.46	0.0281613
1071.59	0.0288332
1071.72	0.0274893
1071.86	0.0282834
1071.99	0.0277947
1072.12	0.0277947
1072.26	0.0278558
1072.39	0.0281613
1072.53	0.0279169
1072.66	0.0281613
1072.79	0.0273671
1072.93	0.0281002
1073.06	0.0288943
1073.19	0.0279169
1073.33	0.0281613
1073.46	0.0281002
1073.59	0.0275504
1073.73	0.0271228
1073.86	0.027978
1074	0.0274893
1074.13	0.0275504
1074.26	0.0287111
1074.4	0.0275504
1074.53	0.0271228
1074.66	0.0280391
1074.8	0.0282224
1074.93	0.0282834
1075.07	0.0276726
1075.2	0.0279169
1075.33	0.0277947
1075.47	0.0290165
1075.6	0.0280391
1075.73	0.0266952
1075.87	0.0282224
1076	0.027306
1076.14	0.0273671
1076.27	0.0269395
1076.4	0.0282834
1076.54	0.0266341
1076.67	0.0279169
1076.8	0.0274893
1076.94	0.0278558
1077.07	0.0273671
1077.2	0.0273671
1077.34	0.0288332
1077.47	0.0271228
1077.61	0.0277947
1077.74	0.0277337
1077.87	0.0279169
1078.01	0.0279169
1078.14	0.0277337
1078.27	0.0271839
1078.41	0.02584
1078.54	0.0282224
1078.68	0.0276726
1078.81	0.0277337
1078.94	0.0281002
1079.08	0.0277337
1079.21	0.0276115
1079.34	0.0284667
1079.48	0.0276115
1079.61	0.0277337
1079.74	0.0280391
1079.88	0.0278558
1080.01	0.0274282
1080.15	0.0281613
1080.28	0.0266952
1080.41	0.027978
1080.55	0.027245
1080.68	0.0266952
1080.81	0.0274893
1080.95	0.0273671
1081.08	0.0277337
1081.22	0.0266952
1081.35	0.0284667
1081.48	0.0273671
1081.62	0.0271228
1081.75	0.0279169
1081.88	0.0276726
1082.02	0.0281002
1082.15	0.0281002
1082.28	0.0274893
1082.42	0.0278558
1082.55	0.0281002
1082.69	0.0276726
1082.82	0.0284667
1082.95	0.0274893
1083.09	0.0285278
1083.22	0.0279169
1083.35	0.0276115
1083.49	0.027978
1083.62	0.0274282
1083.75	0.0276726
1083.89	0.0277337
1084.02	0.0280391
1084.16	0.0281613
1084.29	0.0274893
1084.42	0.0276115
1084.56	0.027306
1084.69	0.0283445
1084.82	0.0263897
1084.96	0.027306
1085.09	0.0277337
1085.23	0.0279169
1085.36	0.0276115
1085.49	0.0280391
1085.63	0.0291998
1085.76	0.0276115
1085.89	0.0281002
1086.03	0.0278558
1086.16	0.027978
1086.29	0.0271839
1086.43	0.0278558
1086.56	0.0280391
1086.7	0.0268784
1086.83	0.0280391
1086.96	0.0276726
1087.1	0.0270617
1087.23	0.027306
1087.36	0.0281613
1087.5	0.0267563
1087.63	0.027978
1087.76	0.0279169
1087.9	0.0277947
1088.03	0.0268784
1088.17	0.0278558
1088.3	0.0276726
1088.43	0.0282834
1088.57	0.0276115
1088.7	0.0281613
1088.83	0.0278558
1088.97	0.0277947
1089.1	0.0285889
1089.24	0.0277947
1089.37	0.0271228
1089.5	0.0274282
1089.64	0.0270617
1089.77	0.0280391
1089.9	0.0278558
1090.04	0.0282834
1090.17	0.0276726
1090.3	0.0268784
1090.44	0.0274893
1090.57	0.0276115
1090.71	0.0281002
1090.84	0.0270006
1090.97	0.0290165
1091.11	0.0274893
1091.24	0.0275504
1091.37	0.0276726
1091.51	0.0282834
1091.64	0.0270006
1091.77	0.027978
1091.91	0.0283445
1092.04	0.0281002
1092.18	0.0282224
1092.31	0.0277947
1092.44	0.027306
1092.58	0.0274282
1092.71	0.0276726
1092.84	0.0276115
1092.98	0.0275504
1093.11	0.0281613
1093.24	0.0273671
1093.38	0.0279169
1093.51	0.027306
1093.65	0.0271839
1093.78	0.0283445
1093.91	0.0279169
1094.05	0.0270617
1094.18	0.0276115
1094.31	0.0282224
1094.45	0.0270617
1094.58	0.0271839
1094.71	0.027978
1094.85	0.027306
1094.98	0.0271228
1095.12	0.0270617
1095.25	0.0278558
1095.38	0.0276726
1095.52	0.0271839
1095.65	0.0281613
1095.78	0.0271839
1095.92	0.0278558
1096.05	0.0279169
1096.18	0.0274282
1096.32	0.027306
1096.45	0.0269395
1096.59	0.0274893
1096.72	0.0274893
1096.85	0.0276726
1096.99	0.0273671
1097.12	0.0276115
1097.25	0.0270006
1097.39	0.0281613
1097.52	0.0279169
1097.65	0.0271228
1097.79	0.0279169
1097.92	0.027978
1098.06	0.027306
1098.19	0.0273671
1098.32	0.0287111
1098.46	0.0270617
1098.59	0.0271228
1098.72	0.027978
1098.86	0.0276115
1098.99	0.0280391
1099.12	0.0275504
1099.26	0.0277947
1099.39	0.0274893
1099.53	0.0279169
1099.66	0.0276115
1099.79	0.0266341
1099.93	0.027306
1100.06	0.0274282
1100.19	0.0273671
1100.33	0.0280391
1100.46	0.0274893
1100.59	0.0270617
1100.73	0.0276115
1100.86	0.027245
1100.99	0.027245
1101.13	0.0270617
1101.26	0.0281613
1101.4	0.0277337
1101.53	0.0269395
1101.66	0.0271228
1101.8	0.0288943
1101.93	0.0274893
1102.06	0.0276115
1102.2	0.0274893
1102.33	0.0274893
1102.46	0.0281002
1102.6	0.0280391
1102.73	0.0279169
1102.87	0.0277337
1103	0.027978
1103.13	0.0282224
1103.27	0.027245
1103.4	0.0267563
1103.53	0.0275504
1103.67	0.0268173
1103.8	0.027306
1103.93	0.0267563
1104.07	0.0274893
1104.2	0.0271839
1104.34	0.0270006
1104.47	0.0275504
1104.6	0.0282834
1104.74	0.0279169
1104.87	0.026573
1105	0.0276726
1105.14	0.027245
1105.27	0.0276726
1105.4	0.0284056
1105.54	0.027978
1105.67	0.0281613
1105.8	0.027978
1105.94	0.0271228
1106.07	0.0277337
1106.21	0.0288943
1106.34	0.0276726
1106.47	0.0274282
1106.61	0.0277337
1106.74	0.0270617
1106.87	0.0273671
1107.01	0.0283445
1107.14	0.0281002
1107.27	0.0271228
1107.41	0.0281613
1107.54	0.0277337

