Source: Spectrum Viewer

Chart: Pulse Spectrum

Series: 
Wavelength (nm)	S (a.u.)
617.638	0.0280191
617.773	0.0285085
617.908	0.0282638
618.043	0.0274073
618.178	0.0282026
618.313	0.0271626
618.448	0.0285085
618.583	0.0278967
618.718	0.0279579
618.853	0.028692
618.988	0.0278356
619.123	0.0282026
619.258	0.0283861
619.394	0.0278356
619.529	0.0271626
619.664	0.0274073
619.799	0.028325
619.934	0.0274073
620.069	0.0273461
620.204	0.0272238
620.339	0.0282026
620.474	0.0274685
620.609	0.0273461
620.744	0.0277132
620.879	0.0277744
621.014	0.0273461
621.149	0.0277744
621.284	0.0274073
621.419	0.0277132
621.554	0.0277132
621.689	0.027652
621.825	0.0278356
621.96	0.0278967
622.095	0.0282638
622.23	0.0279579
622.365	0.0285085
622.5	0.0281414
622.635	0.0271626
622.77	0.027652
622.905	0.0271626
623.04	0.027285
623.175	0.0272238
623.31	0.0275908
623.445	0.0280191
623.58	0.027652
623.715	0.0269791
623.85	0.0275297
623.985	0.0281414
624.12	0.0285085
624.255	0.0273461
624.39	0.0278356
624.525	0.0283861
624.661	0.0271014
624.796	0.0273461
624.931	0.0273461
625.066	0.0278356
625.201	0.0275297
625.336	0.0273461
625.471	0.0282026
625.606	0.0278356
625.741	0.027285
625.876	0.0281414
626.011	0.0277744
626.146	0.027285
626.281	0.0275908
626.416	0.0266732
626.551	0.0284473
626.686	0.0278967
626.821	0.0271014
626.956	0.0273461
627.091	0.0275908
627.226	0.027652
627.361	0.0274073
627.496	0.0274685
627.631	0.0278356
627.766	0.0280191
627.901	0.0275297
628.036	0.0279579
628.171	0.027652
628.307	0.0287532
628.442	0.0278356
628.577	0.0274685
628.712	0.0271014
628.847	0.0275908
628.982	0.0277744
629.117	0.0280191
629.252	0.0280191
629.387	0.027285
629.522	0.0283861
629.657	0.0275908
629.792	0.0273461
629.927	0.0269179
630.062	0.0280191
630.197	0.0269791
630.332	0.0274073
630.467	0.0263673
630.602	0.0279579
630.737	0.0274685
630.872	0.0272238
631.007	0.0280191
631.142	0.0274073
631.277	0.0279579
631.412	0.0275908
631.547	0.027285
631.682	0.0271014
631.817	0.0281414
631.952	0.0271014
632.087	0.0274073
632.222	0.0278356
632.357	0.0281414
632.492	0.0280191
632.627	0.0278967
632.762	0.0275908
632.897	0.0277744
633.032	0.0285697
633.167	0.0277132
633.302	0.0282026
633.437	0.0271626
633.572	0.0274685
633.707	0.0281414
633.842	0.0272238
633.978	0.0273461
634.113	0.0285697
634.248	0.0284473
634.383	0.0275297
634.518	0.0278967
634.653	0.0271014
634.788	0.0281414
634.923	0.0277744
635.058	0.027285
635.193	0.0278967
635.328	0.0277132
635.463	0.0275297
635.598	0.0269791
635.733	0.0280803
635.868	0.0281414
636.003	0.0275297
636.138	0.0282638
636.273	0.0277132
636.408	0.0271014
636.543	0.0280803
636.678	0.0274685
636.813	0.0272238
636.948	0.0275908
637.083	0.0277132
637.218	0.0280191
637.353	0.0268567
637.488	0.0278356
637.623	0.028325
637.758	0.0271626
637.893	0.0271626
638.028	0.0283861
638.163	0.0280191
638.298	0.0274073
638.433	0.0271014
638.568	0.0269179
638.703	0.0281414
638.838	0.0280191
638.973	0.0277132
639.108	0.0280803
639.243	0.0278356
639.378	0.0274685
639.513	0.0282638
639.648	0.0280803
639.783	0.0274073
639.918	0.028325
640.053	0.027652
640.188	0.028325
640.323	0.0275297
640.458	0.0275297
640.593	0.028692
640.728	0.0278967
640.863	0.0275908
640.998	0.027285
641.133	0.0274685
641.268	0.0269791
641.403	0.0278967
641.538	0.0288144
641.673	0.0280803
641.808	0.0266732
641.943	0.0275908
642.078	0.0282026
642.213	0.028692
642.348	0.0275908
642.483	0.0278356
642.618	0.0277744
642.753	0.0280191
642.888	0.0277132
643.023	0.0267344
643.158	0.0284473
643.293	0.0283861
643.428	0.0275297
643.563	0.0274685
643.698	0.028325
643.833	0.0267955
643.968	0.0271626
644.103	0.0282026
644.237	0.027652
644.372	0.027285
644.507	0.0274685
644.642	0.0280803
644.777	0.0278356
644.912	0.0281414
645.047	0.0275908
645.182	0.0269179
645.317	0.0282026
645.452	0.0280191
645.587	0.0281414
645.722	0.0263061
645.857	0.027285
645.992	0.0277132
646.127	0.0278356
646.262	0.0273461
646.397	0.027285
646.532	0.0274073
646.667	0.0285697
646.802	0.0278967
646.937	0.0277744
647.072	0.0282026
647.207	0.0269179
647.342	0.0280803
647.477	0.0281414
647.612	0.0272238
647.747	0.0271014
647.882	0.0271014
648.017	0.0269791
648.152	0.0280803
648.287	0.0280191
648.422	0.0279579
648.557	0.0274073
648.692	0.0273461
648.827	0.0286309
648.962	0.027285
649.097	0.0280191
649.232	0.0267344
649.367	0.027652
649.502	0.0272238
649.637	0.0281414
649.772	0.0275908
649.906	0.0271014
650.041	0.028325
650.176	0.0279579
650.311	0.0279579
650.446	0.0279579
650.581	0.0274073
650.716	0.0277744
650.851	0.028325
650.986	0.0281414
651.121	0.0274073
651.256	0.027652
651.391	0.0278967
651.526	0.0283861
651.661	0.0271014
651.796	0.0275297
651.931	0.027285
652.066	0.0282026
652.201	0.0274685
652.336	0.0281414
652.471	0.0282638
652.606	0.0288144
652.741	0.027652
652.876	0.0270403
653.011	0.0279579
653.146	0.0274685
653.281	0.0274685
653.415	0.0271014
653.55	0.0280191
653.685	0.0282638
653.82	0.0275908
653.955	0.0281414
654.09	0.0275908
654.225	0.0267344
654.36	0.028692
654.495	0.0277744
654.63	0.028325
654.765	0.0270403
654.9	0.0274685
655.035	0.0281414
655.17	0.027652
655.305	0.0275297
655.44	0.0271014
655.575	0.0268567
655.71	0.0269791
655.845	0.0278967
655.98	0.0274073
656.115	0.0273461
656.25	0.0279579
656.384	0.0282026
656.519	0.0274685
656.654	0.0271626
656.789	0.0277744
656.924	0.0275908
657.059	0.027652
657.194	0.027652
657.329	0.0282026
657.464	0.0278356
657.599	0.0283861
657.734	0.0282638
657.869	0.0280191
658.004	0.0263673
658.139	0.027652
658.274	0.0270403
658.409	0.0278356
658.544	0.0292426
658.679	0.0274685
658.813	0.0278356
658.948	0.0280191
659.083	0.0270403
659.218	0.0285085
659.353	0.0278356
659.488	0.0278967
659.623	0.0280803
659.758	0.0278356
659.893	0.0278967
660.028	0.0275297
660.163	0.027285
660.298	0.027652
660.433	0.0278356
660.568	0.0277132
660.703	0.0274073
660.838	0.0278967
660.972	0.028692
661.107	0.028325
661.242	0.0274685
661.377	0.0274073
661.512	0.0274073
661.647	0.0280191
661.782	0.0275908
661.917	0.0280191
662.052	0.0284473
662.187	0.0274073
662.322	0.0273461
662.457	0.0274073
662.592	0.0273461
662.727	0.0278356
662.862	0.027285
662.996	0.0274685
663.131	0.027652
663.266	0.0277744
663.401	0.0284473
663.536	0.0277744
663.671	0.0282638
663.806	0.0274685
663.941	0.0279579
664.076	0.0274073
664.211	0.0275908
664.346	0.0277744
664.481	0.0273461
664.616	0.027652
664.75	0.0270403
664.885	0.0280191
665.02	0.0278967
665.155	0.0274073
665.29	0.0287532
665.425	0.0274073
665.56	0.0282638
665.695	0.0278356
665.83	0.0281414
665.965	0.0283861
666.1	0.0282026
666.235	0.0271014
666.37	0.0277744
666.504	0.0283861
666.639	0.0281414
666.774	0.0282638
666.909	0.0280803
667.044	0.0278356
667.179	0.027652
667.314	0.0279579
667.449	0.0277744
667.584	0.0278967
667.719	0.027652
667.854	0.027652
667.989	0.0277132
668.123	0.0278967
668.258	0.0285085
668.393	0.0275297
668.528	0.0273461
668.663	0.0278356
668.798	0.0274073
668.933	0.0284473
669.068	0.028325
669.203	0.0275297
669.338	0.0279579
669.473	0.0271626
669.607	0.0271626
669.742	0.0277744
669.877	0.0281414
670.012	0.0280191
670.147	0.0275297
670.282	0.0282638
670.417	0.0275908
670.552	0.0271014
670.687	0.0285085
670.822	0.0283861
670.957	0.0277132
671.091	0.0277744
671.226	0.027285
671.361	0.027652
671.496	0.0271626
671.631	0.0284473
671.766	0.0277744
671.901	0.0275908
672.036	0.0271626
672.171	0.0274685
672.306	0.0274685
672.44	0.0274073
672.575	0.027285
672.71	0.0280191
672.845	0.0277132
672.98	0.0275908
673.115	0.0275297
673.25	0.0283861
673.385	0.027285
673.52	0.0275297
673.655	0.0277132
673.789	0.0277132
673.924	0.0277132
674.059	0.0271626
674.194	0.0282638
674.329	0.0279579
674.464	0.0277132
674.599	0.0269791
674.734	0.027652
674.869	0.0278967
675.003	0.0279579
675.138	0.0274685
675.273	0.0274073
675.408	0.028325
675.543	0.0278967
675.678	0.0280191
675.813	0.0273461
675.948	0.0277132
676.083	0.0278967
676.217	0.0280191
676.352	0.0274685
676.487	0.0279579
676.622	0.0282638
676.757	0.0280803
676.892	0.0279579
677.027	0.0269791
677.162	0.0278356
677.297	0.0278967
677.431	0.0274685
677.566	0.0286309
677.701	0.0277744
677.836	0.0282638
677.971	0.0271014
678.106	0.0280803
678.241	0.0286309
678.376	0.0275908
678.511	0.0275297
678.645	0.0280191
678.78	0.0278967
678.915	0.0277744
679.05	0.0283861
679.185	0.0278967
679.32	0.0282026
679.455	0.0278967
679.59	0.028325
679.724	0.0280191
679.859	0.0274685
679.994	0.0269791
680.129	0.0278356
680.264	0.0273461
680.399	0.0280191
680.534	0.0282638
680.669	0.0277744
680.803	0.0278356
680.938	0.0285085
681.073	0.0275297
681.208	0.0278356
681.343	0.0271626
681.478	0.027652
681.613	0.0284473
681.748	0.0282026
681.882	0.0272238
682.017	0.0278356
682.152	0.0277132
682.287	0.0278356
682.422	0.027652
682.557	0.027285
682.692	0.0272238
682.827	0.0280803
682.961	0.0282026
683.096	0.0283861
683.231	0.0277132
683.366	0.0274685
683.501	0.028692
683.636	0.0272238
683.771	0.0271014
683.906	0.0282638
684.04	0.0283861
684.175	0.0272238
684.31	0.0274685
684.445	0.0274073
684.58	0.0277744
684.715	0.0275297
684.85	0.0272238
684.984	0.0275908
685.119	0.0277744
685.254	0.0272238
685.389	0.0280191
685.524	0.0267955
685.659	0.0280803
685.794	0.0268567
685.928	0.0280191
686.063	0.0269179
686.198	0.0275297
686.333	0.0275297
686.468	0.0280191
686.603	0.0274073
686.738	0.0279579
686.872	0.0275908
687.007	0.0270403
687.142	0.0278356
687.277	0.0280191
687.412	0.0275297
687.547	0.0277132
687.682	0.0275908
687.816	0.0285697
687.951	0.0278967
688.086	0.0280803
688.221	0.0278967
688.356	0.027652
688.491	0.0275908
688.626	0.0281414
688.76	0.0271014
688.895	0.027652
689.03	0.0282026
689.165	0.0282026
689.3	0.0280191
689.435	0.0278967
689.57	0.0278356
689.704	0.0280191
689.839	0.0283861
689.974	0.0283861
690.109	0.0286309
690.244	0.0273461
690.379	0.0274073
690.513	0.0274685
690.648	0.0269791
690.783	0.027285
690.918	0.0279579
691.053	0.0263673
691.188	0.0289367
691.323	0.0272238
691.457	0.0280191
691.592	0.0274073
691.727	0.0266732
691.862	0.0278356
691.997	0.0268567
692.132	0.027652
692.266	0.0275908
692.401	0.0274073
692.536	0.0274073
692.671	0.0277132
692.806	0.0271014
692.941	0.0277132
693.075	0.0267955
693.21	0.0278967
693.345	0.0271014
693.48	0.028325
693.615	0.0277744
693.75	0.0288144
693.885	0.0277132
694.019	0.0277132
694.154	0.0275297
694.289	0.0275908
694.424	0.027285
694.559	0.0277132
694.694	0.0286309
694.828	0.0274685
694.963	0.0285697
695.098	0.0275908
695.233	0.0272238
695.368	0.0277132
695.503	0.0280803
695.637	0.0273461
695.772	0.0269791
695.907	0.0282638
696.042	0.0277132
696.177	0.0275297
696.312	0.0272238
696.446	0.0282026
696.581	0.027652
696.716	0.0279579
696.851	0.0273461
696.986	0.0278967
697.12	0.0277744
697.255	0.0278356
697.39	0.0277744
697.525	0.0279579
697.66	0.0280803
697.795	0.0280191
697.929	0.0278967
698.064	0.0273461
698.199	0.0275908
698.334	0.0278356
698.469	0.0270403
698.604	0.0273461
698.738	0.0269791
698.873	0.027652
699.008	0.0277132
699.143	0.0275908
699.278	0.0275908
699.412	0.0278967
699.547	0.027652
699.682	0.0270403
699.817	0.0275908
699.952	0.0279579
700.087	0.0275297
700.221	0.028692
700.356	0.0279579
700.491	0.0274073
700.626	0.0273461
700.761	0.0270403
700.895	0.0278967
701.03	0.0270403
701.165	0.0278967
701.3	0.0271014
701.435	0.0282026
701.57	0.0278356
701.704	0.0280191
701.839	0.0288756
701.974	0.0278356
702.109	0.0282026
702.244	0.028325
702.378	0.0274685
702.513	0.027652
702.648	0.0273461
702.783	0.0267955
702.918	0.0273461
703.052	0.027285
703.187	0.0275908
703.322	0.0275297
703.457	0.027652
703.592	0.0274685
703.727	0.0274073
703.861	0.0269179
703.996	0.0279579
704.131	0.0269179
704.266	0.0271626
704.401	0.0280803
704.535	0.028325
704.67	0.0279579
704.805	0.0272238
704.94	0.027285
705.075	0.027652
705.209	0.0275908
705.344	0.0277744
705.479	0.0273461
705.614	0.027652
705.749	0.0274685
705.883	0.0270403
706.018	0.0280803
706.153	0.0285085
706.288	0.0274685
706.423	0.0278356
706.557	0.0272238
706.692	0.0274073
706.827	0.0274685
706.962	0.0275908
707.097	0.0284473
707.231	0.0278356
707.366	0.0280191
707.501	0.0280191
707.636	0.0269791
707.771	0.027652
707.905	0.0277744
708.04	0.0289979
708.175	0.0277744
708.31	0.0277744
708.445	0.027652
708.579	0.0275908
708.714	0.0274073
708.849	0.0278356
708.984	0.027652
709.118	0.0278967
709.253	0.0279579
709.388	0.0282638
709.523	0.0280803
709.658	0.0272238
709.792	0.0280191
709.927	0.0269791
710.062	0.0272238
710.197	0.0280803
710.332	0.0268567
710.466	0.027285
710.601	0.0273461
710.736	0.027652
710.871	0.0278967
711.006	0.0280191
711.14	0.0281414
711.275	0.027652
711.41	0.028325
711.545	0.0273461
711.679	0.0279579
711.814	0.0289979
711.949	0.0278967
712.084	0.027652
712.219	0.0278356
712.353	0.0274685
712.488	0.0277744
712.623	0.027652
712.758	0.0274073
712.892	0.0271014
713.027	0.0277744
713.162	0.0277744
713.297	0.0281414
713.432	0.028325
713.566	0.0281414
713.701	0.0277744
713.836	0.0269179
713.971	0.0282638
714.105	0.0283861
714.24	0.0288756
714.375	0.0271014
714.51	0.0280191
714.645	0.0275908
714.779	0.0279579
714.914	0.0278356
715.049	0.0275908
715.184	0.0277744
715.318	0.0277744
715.453	0.027652
715.588	0.0285697
715.723	0.0270403
715.858	0.0284473
715.992	0.0271626
716.127	0.0280191
716.262	0.0283861
716.397	0.0275297
716.531	0.0279579
716.666	0.0278356
716.801	0.0277744
716.936	0.0271014
717.07	0.0278356
717.205	0.0280803
717.34	0.0278356
717.475	0.0280803
717.61	0.0280803
717.744	0.0275297
717.879	0.0278356
718.014	0.0274073
718.149	0.0281414
718.283	0.0272238
718.418	0.0280191
718.553	0.0274073
718.688	0.0278356
718.822	0.0280191
718.957	0.0279579
719.092	0.0275297
719.227	0.0269179
719.361	0.0273461
719.496	0.027285
719.631	0.0278967
719.766	0.0271014
719.9	0.0278356
720.035	0.0277744
720.17	0.028325
720.305	0.0274685
720.44	0.0275908
720.574	0.0278356
720.709	0.0279579
720.844	0.0277132
720.979	0.0278356
721.113	0.027652
721.248	0.0278967
721.383	0.0280191
721.518	0.0280803
721.652	0.0278356
721.787	0.0277132
721.922	0.0269791
722.057	0.0268567
722.191	0.0272238
722.326	0.0277744
722.461	0.0275908
722.596	0.0277744
722.73	0.0271014
722.865	0.0269791
723	0.0271626
723.135	0.0271014
723.269	0.0270403
723.404	0.027285
723.539	0.0280191
723.674	0.0277132
723.808	0.0281414
723.943	0.0271626
724.078	0.027285
724.213	0.0277744
724.347	0.0275297
724.482	0.0277744
724.617	0.027285
724.752	0.0285697
724.886	0.0269179
725.021	0.0285085
725.156	0.0277744
725.291	0.0285697
725.425	0.0279579
725.56	0.0280803
725.695	0.0286309
725.829	0.0271626
725.964	0.0278356
726.099	0.0280803
726.234	0.0277132
726.368	0.0279579
726.503	0.0274685
726.638	0.0274073
726.773	0.0278356
726.907	0.0282638
727.042	0.0274685
727.177	0.0272238
727.312	0.0281414
727.446	0.0282638
727.581	0.0269791
727.716	0.0277132
727.851	0.0277132
727.985	0.0282638
728.12	0.0275908
728.255	0.0274073
728.389	0.0269791
728.524	0.027652
728.659	0.0275908
728.794	0.0294262
728.928	0.0267344
729.063	0.0277132
729.198	0.0271626
729.333	0.0278967
729.467	0.0272238
729.602	0.0277744
729.737	0.0278967
729.872	0.0285697
730.006	0.0272238
730.141	0.0280191
730.276	0.0279579
730.41	0.0285697
730.545	0.027652
730.68	0.0275908
730.815	0.0283861
730.949	0.0274685
731.084	0.0280191
731.219	0.0275908
731.354	0.0278356
731.488	0.0270403
731.623	0.0269791
731.758	0.0281414
731.892	0.0271014
732.027	0.0274073
732.162	0.0280191
732.297	0.0275297
732.431	0.0274685
732.566	0.0285085
732.701	0.0278356
732.835	0.028325
732.97	0.0278356
733.105	0.0271626
733.24	0.027285
733.374	0.0277132
733.509	0.0280803
733.644	0.0279579
733.779	0.0278356
733.913	0.0270403
734.048	0.0273461
734.183	0.0282638
734.317	0.0282026
734.452	0.0277744
734.587	0.0277744
734.722	0.0278356
734.856	0.0286309
734.991	0.0278967
735.126	0.0277132
735.26	0.028325
735.395	0.0275297
735.53	0.028692
735.665	0.0274685
735.799	0.028692
735.934	0.0273461
736.069	0.0277744
736.203	0.0281414
736.338	0.0275297
736.473	0.0278967
736.607	0.0274685
736.742	0.027285
736.877	0.028692
737.012	0.0274685
737.146	0.0277744
737.281	0.0275297
737.416	0.0274073
737.55	0.0280803
737.685	0.0280803
737.82	0.0277744
737.955	0.0280191
738.089	0.0270403
738.224	0.0280191
738.359	0.027652
738.493	0.0275908
738.628	0.0277744
738.763	0.0277744
738.897	0.0277132
739.032	0.0282638
739.167	0.0277744
739.302	0.0281414
739.436	0.0274073
739.571	0.0285085
739.706	0.0271626
739.84	0.0272238
739.975	0.0277744
740.11	0.0277744
740.244	0.0284473
740.379	0.0277132
740.514	0.0280803
740.649	0.0288756
740.783	0.0270403
740.918	0.0282638
741.053	0.0277132
741.187	0.0275908
741.322	0.0278967
741.457	0.0281414
741.591	0.0289979
741.726	0.0275908
741.861	0.0279579
741.996	0.0281414
742.13	0.0275908
742.265	0.028325
742.4	0.0269791
742.534	0.0270403
742.669	0.0271014
742.804	0.0281414
742.938	0.0277744
743.073	0.0275908
743.208	0.0278967
743.342	0.0266732
743.477	0.027652
743.612	0.027652
743.747	0.0280803
743.881	0.0279579
744.016	0.0280191
744.151	0.0269179
744.285	0.0275908
744.42	0.0277132
744.555	0.0282638
744.689	0.0275908
744.824	0.0288756
744.959	0.0277744
745.093	0.0274073
745.228	0.028325
745.363	0.0271626
745.497	0.0283861
745.632	0.027652
745.767	0.0275297
745.901	0.0275908
746.036	0.0274073
746.171	0.0280191
746.305	0.027652
746.44	0.0275908
746.575	0.028692
746.71	0.0280191
746.844	0.027652
746.979	0.028692
747.114	0.0278356
747.248	0.0278356
747.383	0.0280803
747.518	0.0268567
747.652	0.027285
747.787	0.0270403
747.922	0.0273461
748.056	0.0282026
748.191	0.0278356
748.326	0.0274685
748.46	0.0282638
748.595	0.0277744
748.73	0.0274685
748.864	0.0272238
748.999	0.0280191
749.134	0.0277132
749.268	0.0277132
749.403	0.027652
749.538	0.0280191
749.672	0.0283861
749.807	0.028325
749.942	0.0282026
750.076	0.0285085
750.211	0.0277744
750.346	0.0273461
750.48	0.0275297
750.615	0.0278356
750.75	0.0267344
750.884	0.0270403
751.019	0.028325
751.154	0.0280191
751.288	0.0284473
751.423	0.0277132
751.558	0.0281414
751.692	0.0280191
751.827	0.0273461
751.962	0.0274073
752.096	0.027652
752.231	0.027652
752.366	0.0285085
752.5	0.0280803
752.635	0.027285
752.77	0.0278967
752.904	0.0271626
753.039	0.0279579
753.174	0.0268567
753.308	0.0281414
753.443	0.0278967
753.578	0.0275908
753.712	0.0281414
753.847	0.0274073
753.982	0.0274685
754.116	0.0277132
754.251	0.0282638
754.386	0.0280191
754.52	0.028325
754.655	0.0278356
754.79	0.0279579
754.924	0.0282026
755.059	0.0282638
755.194	0.0278356
755.328	0.0278967
755.463	0.0278967
755.597	0.0272238
755.732	0.0271626
755.867	0.0280191
756.001	0.0270403
756.136	0.0277132
756.271	0.0277744
756.405	0.0274073
756.54	0.027285
756.675	0.0280191
756.809	0.0287532
756.944	0.0269179
757.079	0.0288144
757.213	0.027285
757.348	0.0277744
757.483	0.0278967
757.617	0.0268567
757.752	0.0281414
757.887	0.0274073
758.021	0.0264897
758.156	0.0277744
758.29	0.027652
758.425	0.0281414
758.56	0.027285
758.694	0.0275297
758.829	0.028325
758.964	0.0282638
759.098	0.027285
759.233	0.0278967
759.368	0.0270403
759.502	0.0269179
759.637	0.0280191
759.772	0.0275908
759.906	0.0278356
760.041	0.0279579
760.175	0.0274073
760.31	0.0269791
760.445	0.0282638
760.579	0.0277744
760.714	0.0271626
760.849	0.0274685
760.983	0.0283861
761.118	0.0277132
761.253	0.028325
761.387	0.0275297
761.522	0.0282026
761.656	0.0282026
761.791	0.0278356
761.926	0.0277744
762.06	0.0286309
762.195	0.0270403
762.33	0.0277744
762.464	0.0282638
762.599	0.0275908
762.733	0.0274685
762.868	0.0277132
763.003	0.0271626
763.137	0.0270403
763.272	0.0274685
763.407	0.0278356
763.541	0.0278356
763.676	0.0281414
763.811	0.0277744
763.945	0.0278967
764.08	0.0274685
764.214	0.0278356
764.349	0.0277132
764.484	0.0274073
764.618	0.0278356
764.753	0.0269179
764.888	0.0282638
765.022	0.0278356
765.157	0.0271626
765.291	0.0273461
765.426	0.0282638
765.561	0.027652
765.695	0.0277744
765.83	0.0271014
765.965	0.0279579
766.099	0.0277132
766.234	0.0286309
766.368	0.0279579
766.503	0.0279579
766.638	0.0287532
766.772	0.0275297
766.907	0.0280803
767.041	0.0277744
767.176	0.0275908
767.311	0.027652
767.445	0.0278356
767.58	0.0275908
767.715	0.0280803
767.849	0.0277132
767.984	0.0269179
768.118	0.0275908
768.253	0.0277132
768.388	0.0275908
768.522	0.026612
768.657	0.0282638
768.791	0.0273461
768.926	0.0275908
769.061	0.0288144
769.195	0.0278356
769.33	0.0273461
769.465	0.027285
769.599	0.0290591
769.734	0.0282026
769.868	0.0275908
770.003	0.0280803
770.138	0.0273461
770.272	0.0277132
770.407	0.027285
770.541	0.0285085
770.676	0.0281414
770.811	0.0279579
770.945	0.0277132
771.08	0.0282638
771.214	0.0273461
771.349	0.0284473
771.484	0.028325
771.618	0.0275297
771.753	0.0271014
771.887	0.0270403
772.022	0.0267955
772.157	0.0278356
772.291	0.0274073
772.426	0.028692
772.56	0.0273461
772.695	0.0268567
772.83	0.0285085
772.964	0.0285697
773.099	0.027285
773.233	0.0280191
773.368	0.0277132
773.503	0.027285
773.637	0.027285
773.772	0.0277744
773.906	0.0278356
774.041	0.0285085
774.176	0.0280803
774.31	0.0279579
774.445	0.0267955
774.579	0.0280191
774.714	0.0279579
774.849	0.0282638
774.983	0.026612
775.118	0.0274685
775.252	0.0278967
775.387	0.0274685
775.522	0.0281414
775.656	0.0277744
775.791	0.0269791
775.925	0.0280191
776.06	0.0277132
776.195	0.0277132
776.329	0.0265508
776.464	0.0273461
776.598	0.0278967
776.733	0.0285085
776.868	0.0275908
777.002	0.0278356
777.137	0.0273461
777.271	0.0284473
777.406	0.0283861
777.54	0.0277132
777.675	0.0273461
777.81	0.0267955
777.944	0.0269791
778.079	0.0275908
778.213	0.0277132
778.348	0.0269791
778.483	0.0278967
778.617	0.0282638
778.752	0.0271626
778.886	0.027652
779.021	0.0277744
779.155	0.0272238
779.29	0.0279579
779.425	0.0278967
779.559	0.0279579
779.694	0.0282638
779.828	0.0280803
779.963	0.0280803
780.098	0.0272238
780.232	0.0279579
780.367	0.0271014
780.501	0.0284473
780.636	0.0278356
780.77	0.0274073
780.905	0.027652
781.04	0.0277744
781.174	0.0281414
781.309	0.0285085
781.443	0.0263061
781.578	0.0277132
781.712	0.0283861
781.847	0.0278356
781.982	0.0282026
782.116	0.0277132
782.251	0.0275297
782.385	0.0280191
782.52	0.0269791
782.654	0.0271626
782.789	0.0275297
782.924	0.0277132
783.058	0.0281414
783.193	0.0270403
783.327	0.0280191
783.462	0.0277744
783.596	0.027652
783.731	0.0274685
783.866	0.0280191
784	0.028325
784.135	0.0265508
784.269	0.027652
784.404	0.0267955
784.538	0.027652
784.673	0.0275908
784.808	0.0275297
784.942	0.0274685
785.077	0.0277744
785.211	0.0285085
785.346	0.0277132
785.48	0.0282638
785.615	0.0280191
785.75	0.0273461
785.884	0.027652
786.019	0.0282638
786.153	0.0278356
786.288	0.0274685
786.422	0.0281414
786.557	0.0274685
786.691	0.0277132
786.826	0.0285697
786.961	0.0292426
787.095	0.0277132
787.23	0.0280191
787.364	0.0274685
787.499	0.0279579
787.633	0.0277132
787.768	0.027652
787.902	0.0272238
788.037	0.0281414
788.172	0.026612
788.306	0.0284473
788.441	0.0282638
788.575	0.0282026
788.71	0.0289367
788.844	0.028692
788.979	0.0274685
789.113	0.0280191
789.248	0.0277132
789.383	0.0279579
789.517	0.0275297
789.652	0.0279579
789.786	0.0279579
789.921	0.0282026
790.055	0.0282026
790.19	0.0278356
790.324	0.027652
790.459	0.0274685
790.594	0.0278356
790.728	0.0275297
790.863	0.0282638
790.997	0.0291815
791.132	0.0279579
791.266	0.028325
791.401	0.0278356
791.535	0.0275908
791.67	0.0275908
791.804	0.0280191
791.939	0.0278356
792.074	0.028692
792.208	0.0277132
792.343	0.028325
792.477	0.0267955
792.612	0.0291815
792.746	0.027652
792.881	0.028325
793.015	0.0278967
793.15	0.0288756
793.284	0.0278356
793.419	0.0282026
793.553	0.0283861
793.688	0.028325
793.823	0.0285085
793.957	0.0277744
794.092	0.0278967
794.226	0.0282026
794.361	0.0284473
794.495	0.027285
794.63	0.0287532
794.764	0.028325
794.899	0.0275297
795.033	0.027652
795.168	0.0277744
795.302	0.0282026
795.437	0.0280803
795.572	0.0279579
795.706	0.0285697
795.841	0.0282026
795.975	0.0278356
796.11	0.027285
796.244	0.0268567
796.379	0.0277132
796.513	0.0278356
796.648	0.0274685
796.782	0.0278967
796.917	0.028325
797.051	0.0275297
797.186	0.0275297
797.32	0.0280803
797.455	0.0278356
797.589	0.0277744
797.724	0.0278356
797.859	0.0277744
797.993	0.0278967
798.128	0.0271014
798.262	0.0282026
798.397	0.0285697
798.531	0.0277132
798.666	0.0278356
798.8	0.0280803
798.935	0.0278967
799.069	0.0282026
799.204	0.0284473
799.338	0.0283861
799.473	0.0286309
799.607	0.0279579
799.742	0.0278967
799.876	0.0283861
800.011	0.0282026
800.145	0.0275297
800.28	0.0277744
800.414	0.0280803
800.549	0.0278356
800.683	0.0282638
800.818	0.0277744
800.953	0.0278356
801.087	0.0282638
801.222	0.0278356
801.356	0.0269179
801.491	0.0284473
801.625	0.0283861
801.76	0.0282026
801.894	0.0274073
802.029	0.0278356
802.163	0.0284473
802.298	0.0280803
802.432	0.0288144
802.567	0.0279579
802.701	0.028325
802.836	0.0280803
802.97	0.0280191
803.105	0.028325
803.239	0.0285697
803.374	0.0286309
803.508	0.0271626
803.643	0.0280803
803.777	0.0277744
803.912	0.0278967
804.046	0.0283861
804.181	0.0289367
804.315	0.0285697
804.45	0.0285085
804.584	0.0285697
804.719	0.028692
804.853	0.0279579
804.988	0.0279579
805.122	0.0288144
805.257	0.0283861
805.391	0.0284473
805.526	0.0282026
805.66	0.0290591
805.795	0.0281414
805.929	0.0294262
806.064	0.0294262
806.198	0.0285697
806.333	0.0286309
806.467	0.0291815
806.602	0.0297932
806.736	0.0289979
806.871	0.0291203
807.005	0.0289367
807.14	0.0301603
807.274	0.0285697
807.409	0.0294873
807.543	0.029732
807.678	0.0293038
807.812	0.0290591
807.947	0.0299768
808.081	0.0298544
808.216	0.0301603
808.35	0.0299156
808.485	0.0305885
808.619	0.0312003
808.754	0.0316285
808.888	0.0308944
809.023	0.0321179
809.157	0.0304662
809.292	0.0315062
809.426	0.0312003
809.561	0.0332803
809.695	0.0340144
809.83	0.0339533
809.964	0.0343815
810.099	0.0348709
810.233	0.0351156
810.368	0.0359721
810.502	0.0365839
810.637	0.0382357
810.771	0.0403769
810.906	0.0527958
811.04	0.0635018
811.175	0.0616053
811.309	0.0574452
811.444	0.0888291
811.578	0.123027
811.713	0.119418
811.847	0.097455
811.982	0.0910314
812.116	0.104919
812.251	0.170684
812.385	0.45271
812.519	0.955035
812.654	1.00226
812.788	1
812.923	1.00226
813.057	0.995167
813.192	1.00012
813.326	0.989294
813.461	0.994555
813.595	0.979077
813.73	0.984583
813.864	0.962988
813.999	0.966291
814.133	0.91062
814.268	0.843326
814.402	0.639055
814.537	0.435519
814.671	0.558118
814.806	0.479995
814.94	0.169827
815.075	0.0576288
815.209	0.0457604
815.344	0.0391533
815.478	0.0388474
815.612	0.0368286
815.747	0.0357274
815.881	0.0353603
816.016	0.0334027
816.15	0.0341368
816.285	0.0340144
816.419	0.033158
816.554	0.0328521
816.688	0.0323015
816.823	0.0310779
816.957	0.0318732
817.092	0.0308944
817.226	0.0307109
817.361	0.0310779
817.495	0.0300379
817.63	0.0309556
817.764	0.0303438
817.898	0.0302826
818.033	0.0308332
818.167	0.029365
818.302	0.0297932
818.436	0.0303438
818.571	0.0300379
818.705	0.0297932
818.84	0.0285085
818.974	0.0289367
819.109	0.0296097
819.243	0.0299768
819.378	0.0285697
819.512	0.0288756
819.646	0.029365
819.781	0.0290591
819.915	0.0290591
820.05	0.0290591
820.184	0.0288756
820.319	0.0289979
820.453	0.028325
820.588	0.029365
820.722	0.0291815
820.857	0.0288756
820.991	0.0279579
821.126	0.0293038
821.26	0.0286309
821.394	0.0291203
821.529	0.0281414
821.663	0.0294873
821.798	0.0285697
821.932	0.0284473
822.067	0.0286309
822.201	0.0277132
822.336	0.0283861
822.47	0.0279579
822.605	0.028325
822.739	0.028325
822.873	0.028325
823.008	0.0281414
823.142	0.0280191
823.277	0.0281414
823.411	0.0280803
823.546	0.0292426
823.68	0.0285085
823.815	0.0289367
823.949	0.0285085
824.083	0.0280803
824.218	0.028325
824.352	0.0284473
824.487	0.0278356
824.621	0.0287532
824.756	0.0279579
824.89	0.028692
825.025	0.0282026
825.159	0.0285697
825.293	0.0271014
825.428	0.0275297
825.562	0.028325
825.697	0.0282638
825.831	0.0289367
825.966	0.0282026
826.1	0.0282026
826.235	0.0274685
826.369	0.0277132
826.503	0.0285697
826.638	0.0274073
826.772	0.0273461
826.907	0.028325
827.041	0.0278356
827.176	0.0274685
827.31	0.0282026
827.445	0.0280191
827.579	0.0282638
827.713	0.0277132
827.848	0.028325
827.982	0.0279579
828.117	0.0280803
828.251	0.0278356
828.386	0.027652
828.52	0.0274685
828.654	0.0285697
828.789	0.0272238
828.923	0.0275908
829.058	0.0280803
829.192	0.028325
829.327	0.0278356
829.461	0.0281414
829.596	0.0271014
829.73	0.0282638
829.864	0.0289367
829.999	0.0272238
830.133	0.0280191
830.268	0.0278967
830.402	0.0285697
830.537	0.0277744
830.671	0.0287532
830.805	0.0282638
830.94	0.0274685
831.074	0.0282026
831.209	0.0277132
831.343	0.0275908
831.478	0.0274685
831.612	0.0274685
831.746	0.0267955
831.881	0.0282026
832.015	0.0268567
832.15	0.0277132
832.284	0.0273461
832.418	0.0278967
832.553	0.0283861
832.687	0.0281414
832.822	0.027652
832.956	0.0268567
833.091	0.0275908
833.225	0.0280803
833.359	0.0274685
833.494	0.0277132
833.628	0.0282026
833.763	0.0282638
833.897	0.028325
834.032	0.0281414
834.166	0.0280191
834.3	0.028692
834.435	0.0274073
834.569	0.0281414
834.704	0.0275908
834.838	0.0278356
834.972	0.0281414
835.107	0.0277132
835.241	0.0280191
835.376	0.0274073
835.51	0.0281414
835.645	0.0281414
835.779	0.0274685
835.913	0.0283861
836.048	0.0275297
836.182	0.0265508
836.317	0.0274073
836.451	0.0278356
836.585	0.0274685
836.72	0.0277744
836.854	0.0280191
836.989	0.0283861
837.123	0.0275297
837.257	0.0282026
837.392	0.0278356
837.526	0.0274685
837.661	0.0282638
837.795	0.0277744
837.929	0.0281414
838.064	0.0274073
838.198	0.0277744
838.333	0.0277132
838.467	0.0277744
838.602	0.0277744
838.736	0.0275297
838.87	0.0282026
839.005	0.0275297
839.139	0.028325
839.274	0.0267955
839.408	0.027285
839.542	0.0273461
839.677	0.0283861
839.811	0.0279579
839.946	0.0267955
840.08	0.0282638
840.214	0.0275297
840.349	0.0271626
840.483	0.027285
840.618	0.0278356
840.752	0.0274685
840.886	0.0277132
841.021	0.0275297
841.155	0.0277744
841.29	0.027652
841.424	0.0269179
841.558	0.0278356
841.693	0.0278967
841.827	0.026612
841.961	0.0280803
842.096	0.0269791
842.23	0.0281414
842.365	0.0274685
842.499	0.027285
842.633	0.0279579
842.768	0.0274685
842.902	0.028692
843.037	0.0279579
843.171	0.0283861
843.305	0.0282638
843.44	0.0278356
843.574	0.0273461
843.709	0.0273461
843.843	0.0273461
843.977	0.0279579
844.112	0.0278967
844.246	0.0274685
844.381	0.0275297
844.515	0.0282026
844.649	0.0274685
844.784	0.0282638
844.918	0.0277744
845.052	0.0278356
845.187	0.0277132
845.321	0.0277744
845.456	0.0271626
845.59	0.0275297
845.724	0.0275297
845.859	0.0277744
845.993	0.0275297
846.128	0.0278356
846.262	0.0283861
846.396	0.0280803
846.531	0.027652
846.665	0.0288756
846.799	0.0268567
846.934	0.0274073
847.068	0.0277744
847.203	0.0274073
847.337	0.0271014
847.471	0.0273461
847.606	0.0273461
847.74	0.0279579
847.874	0.0274073
848.009	0.0283861
848.143	0.0274685
848.278	0.0280191
848.412	0.0277132
848.546	0.0278356
848.681	0.0274073
848.815	0.0278356
848.949	0.0275908
849.084	0.0280191
849.218	0.0267344
849.353	0.0277132
849.487	0.0284473
849.621	0.0271014
849.756	0.0275908
849.89	0.028325
850.024	0.0270403
850.159	0.028692
850.293	0.0273461
850.428	0.0277744
850.562	0.027285
850.696	0.027285
850.831	0.028325
850.965	0.0281414
851.099	0.0275297
851.234	0.0278356
851.368	0.028325
851.502	0.0274073
851.637	0.0277744
851.771	0.028325
851.906	0.0271626
852.04	0.0280803
852.174	0.0277132
852.309	0.0281414
852.443	0.0278356
852.577	0.028692
852.712	0.0282026
852.846	0.0283861
852.98	0.0273461
853.115	0.0280803
853.249	0.0283861
853.384	0.0277132
853.518	0.0274073
853.652	0.0270403
853.787	0.027652
853.921	0.0280191
854.055	0.0272238
854.19	0.0277132
854.324	0.0274685
854.458	0.0277132
854.593	0.0279579
854.727	0.0278967
854.861	0.0274685
854.996	0.0277744
855.13	0.0274685
855.265	0.0279579
855.399	0.027285
855.533	0.0267344
855.668	0.0286309
855.802	0.0274685
855.936	0.0281414
856.071	0.0279579
856.205	0.0274685
856.339	0.0277744
856.474	0.0278967
856.608	0.027652
856.742	0.0275297
856.877	0.0272238
857.011	0.0282638
857.145	0.0275908
857.28	0.027652
857.414	0.0275908
857.549	0.027652
857.683	0.0280191
857.817	0.0274685
857.952	0.0282026
858.086	0.0278356
858.22	0.0278356
858.355	0.027652
858.489	0.0268567
858.623	0.0275297
858.758	0.0281414
858.892	0.0275908
859.026	0.0275297
859.161	0.027285
859.295	0.0275297
859.429	0.0280191
859.564	0.0275297
859.698	0.027285
859.832	0.0283861
859.967	0.0280803
860.101	0.0277132
860.235	0.0280803
860.37	0.0267344
860.504	0.0289979
860.638	0.0275297
860.773	0.0269179
860.907	0.0277744
861.041	0.0274073
861.176	0.0272238
861.31	0.0283861
861.444	0.0273461
861.579	0.027652
861.713	0.0274073
861.847	0.0282638
861.982	0.0279579
862.116	0.0271626
862.25	0.0267955
862.385	0.0285085
862.519	0.0280191
862.653	0.0280191
862.788	0.027285
862.922	0.0270403
863.056	0.0282026
863.191	0.0277744
863.325	0.028692
863.459	0.0275297
863.594	0.0277744
863.728	0.027652
863.862	0.0275297
863.997	0.0275908
864.131	0.0283861
864.265	0.0277132
864.4	0.0270403
864.534	0.027285
864.668	0.0267344
864.803	0.0271014
864.937	0.0280803
865.071	0.0280803
865.206	0.0287532
865.34	0.0277744
865.474	0.0277744
865.609	0.0284473
865.743	0.027652
865.877	0.0282026
866.012	0.0285085
866.146	0.0277744
866.28	0.0284473
866.415	0.0278356
866.549	0.0279579
866.683	0.0279579
866.818	0.028325
866.952	0.0277744
867.086	0.027652
867.221	0.0278967
867.355	0.0281414
867.489	0.0278356
867.623	0.0279579
867.758	0.0269179
867.892	0.0278356
868.026	0.0275908
868.161	0.0275297
868.295	0.0275908
868.429	0.0269179
868.564	0.0271626
868.698	0.0269791
868.832	0.0291203
868.967	0.0284473
869.101	0.0280191
869.235	0.0270403
869.37	0.0270403
869.504	0.0282638
869.638	0.0270403
869.773	0.0275908
869.907	0.0275908
870.041	0.0282026
870.175	0.0275908
870.31	0.0273461
870.444	0.0277132
870.578	0.0280803
870.713	0.0277132
870.847	0.0278356
870.981	0.0277744
871.116	0.0272238
871.25	0.0283861
871.384	0.0272238
871.519	0.0285085
871.653	0.0278356
871.787	0.0277744
871.921	0.027652
872.056	0.0282026
872.19	0.0283861
872.324	0.0281414
872.459	0.0275908
872.593	0.0275908
872.727	0.0282026
872.862	0.0277132
872.996	0.0281414
873.13	0.027652
873.264	0.0278967
873.399	0.0278967
873.533	0.0277744
873.667	0.027285
873.802	0.0274685
873.936	0.0271014
874.07	0.0281414
874.205	0.0285697
874.339	0.0275908
874.473	0.0271626
874.607	0.0271014
874.742	0.0275297
874.876	0.0278967
875.01	0.0271626
875.145	0.0283861
875.279	0.0273461
875.413	0.0277744
875.548	0.0270403
875.682	0.0271014
875.816	0.0277132
875.95	0.0280191
876.085	0.0278356
876.219	0.0279579
876.353	0.0271014
876.488	0.028325
876.622	0.0267344
876.756	0.0285697
876.89	0.0282026
877.025	0.0278967
877.159	0.027652
877.293	0.0277744
877.428	0.0281414
877.562	0.0279579
877.696	0.0271014
877.83	0.0280191
877.965	0.0274685
878.099	0.0282026
878.233	0.0291815
878.368	0.0272238
878.502	0.0270403
878.636	0.027285
878.77	0.0273461
878.905	0.0278967
879.039	0.0275297
879.173	0.0281414
879.308	0.0275297
879.442	0.027652
879.576	0.0267955
879.71	0.0269791
879.845	0.0278356
879.979	0.0280803
880.113	0.0271014
880.248	0.0274685
880.382	0.028325
880.516	0.0280803
880.65	0.0282026
880.785	0.0274073
880.919	0.0275908
881.053	0.0275297
881.188	0.0265508
881.322	0.0279579
881.456	0.0272238
881.59	0.0285085
881.725	0.0278356
881.859	0.0275908
881.993	0.0271014
882.127	0.0278967
882.262	0.0277744
882.396	0.0275297
882.53	0.027285
882.665	0.0280803
882.799	0.0282638
882.933	0.0281414
883.067	0.0270403
883.202	0.0279579
883.336	0.0287532
883.47	0.0281414
883.604	0.0286309
883.739	0.0269791
883.873	0.0282026
884.007	0.027652
884.142	0.0282638
884.276	0.0277744
884.41	0.0271014
884.544	0.028325
884.679	0.027652
884.813	0.0277744
884.947	0.027285
885.081	0.0272238
885.216	0.0283861
885.35	0.0280803
885.484	0.0282026
885.618	0.0273461
885.753	0.027652
885.887	0.0271014
886.021	0.0266732
886.155	0.0269791
886.29	0.0280191
886.424	0.027652
886.558	0.0278356
886.693	0.0272238
886.827	0.0275908
886.961	0.0279579
887.095	0.0269791
887.23	0.0282638
887.364	0.0269179
887.498	0.0283861
887.632	0.0284473
887.767	0.0274685
887.901	0.0286309
888.035	0.0270403
888.169	0.0278967
888.304	0.0280191
888.438	0.0287532
888.572	0.0275908
888.706	0.0272238
888.841	0.0278967
888.975	0.0278967
889.109	0.0283861
889.243	0.0279579
889.378	0.0280191
889.512	0.0282638
889.646	0.0282638
889.78	0.0268567
889.915	0.027652
890.049	0.0274685
890.183	0.0277744
890.317	0.027285
890.452	0.0274073
890.586	0.0283861
890.72	0.0282638
890.854	0.0267955
890.989	0.0278967
891.123	0.0266732
891.257	0.0281414
891.391	0.0271626
891.526	0.0275297
891.66	0.0268567
891.794	0.0289367
891.928	0.027652
892.063	0.0285085
892.197	0.0270403
892.331	0.0286309
892.465	0.0274685
892.6	0.0277132
892.734	0.0275908
892.868	0.0277132
893.002	0.0279579
893.137	0.027652
893.271	0.0287532
893.405	0.027285
893.539	0.0278356
893.674	0.0282026
893.808	0.0285085
893.942	0.0264897
894.076	0.0280191
894.21	0.0277744
894.345	0.0273461
894.479	0.0272238
894.613	0.0275908
894.747	0.0277744
894.882	0.0278356
895.016	0.0289979
895.15	0.0285085
895.284	0.0273461
895.419	0.0274073
895.553	0.0278356
895.687	0.0282638
895.821	0.0278356
895.956	0.0275297
896.09	0.0284473
896.224	0.0277132
896.358	0.0278356
896.492	0.0279579
896.627	0.0271626
896.761	0.0289367
896.895	0.0278356
897.029	0.0275297
897.164	0.0274685
897.298	0.0280803
897.432	0.0277744
897.566	0.0278967
897.701	0.0285697
897.835	0.027652
897.969	0.0273461
898.103	0.0281414
898.237	0.0271626
898.372	0.0280803
898.506	0.0281414
898.64	0.0285085
898.774	0.0272238
898.909	0.0282638
899.043	0.0277132
899.177	0.0273461
899.311	0.0271626
899.445	0.0277132
899.58	0.0274685
899.714	0.0267955
899.848	0.027285
899.982	0.0271626
900.117	0.028325
900.251	0.0277744
900.385	0.0273461
900.519	0.0279579
900.653	0.0275908
900.788	0.0281414
900.922	0.0278356
901.056	0.0271014
901.19	0.0282026
901.325	0.0273461
901.459	0.0280191
901.593	0.0286309
901.727	0.0280191
901.861	0.0272238
901.996	0.0279579
902.13	0.027652
902.264	0.0277744
902.398	0.0277132
902.532	0.0283861
902.667	0.0274073
902.801	0.0268567
902.935	0.0272238
903.069	0.0265508
903.204	0.0285085
903.338	0.027652
903.472	0.0275297
903.606	0.0280191
903.74	0.0273461
903.875	0.0274073
904.009	0.0282638
904.143	0.0275297
904.277	0.0279579
904.411	0.0271014
904.546	0.0269179
904.68	0.0274685
904.814	0.0281414
904.948	0.0285085
905.082	0.027285
905.217	0.0273461
905.351	0.028325
905.485	0.027652
905.619	0.0275908
905.753	0.0272238
905.888	0.0281414
906.022	0.0282026
906.156	0.0271014
906.29	0.0288756
906.424	0.027285
906.559	0.0282638
906.693	0.0273461
906.827	0.0277132
906.961	0.0285697
907.095	0.0268567
907.23	0.0282638
907.364	0.0279579
907.498	0.0279579
907.632	0.0278356
907.766	0.0277744
907.901	0.0274073
908.035	0.0272238
908.169	0.0277132
908.303	0.027652
908.437	0.0280191
908.572	0.0280191
908.706	0.0275908
908.84	0.0286309
908.974	0.0282638
909.108	0.0286309
909.243	0.0282026
909.377	0.0275297
909.511	0.0283861
909.645	0.0275908
909.779	0.0279579
909.914	0.0275908
910.048	0.027285
910.182	0.0277744
910.316	0.0286309
910.45	0.0273461
910.585	0.0270403
910.719	0.0280803
910.853	0.028325
910.987	0.0278967
911.121	0.028325
911.255	0.0277132
911.39	0.0272238
911.524	0.028325
911.658	0.0279579
911.792	0.0278356
911.926	0.0277744
912.061	0.0280803
912.195	0.0277744
912.329	0.0275297
912.463	0.0278967
912.597	0.027652
912.732	0.0277132
912.866	0.0273461
913	0.0277132
913.134	0.0275297
913.268	0.0274685
913.402	0.0280803
913.537	0.0272238
913.671	0.0271626
913.805	0.0274685
913.939	0.0274685
914.073	0.027285
914.208	0.0271626
914.342	0.027285
914.476	0.0275908
914.61	0.0289367
914.744	0.0282638
914.878	0.0287532
915.013	0.0275908
915.147	0.0271014
915.281	0.0284473
915.415	0.0277744
915.549	0.0279579
915.683	0.0277132
915.818	0.0278967
915.952	0.0278967
916.086	0.0281414
916.22	0.0272238
916.354	0.0278356
916.488	0.027652
916.623	0.0278356
916.757	0.0275297
916.891	0.0279579
917.025	0.0274073
917.159	0.0274073
917.293	0.0278967
917.428	0.028325
917.562	0.0287532
917.696	0.0288144
917.83	0.0269179
917.964	0.0277132
918.098	0.0267955
918.233	0.0271014
918.367	0.0282026
918.501	0.0278967
918.635	0.028692
918.769	0.0271014
918.903	0.0274073
919.038	0.0275908
919.172	0.0278967
919.306	0.0287532
919.44	0.0281414
919.574	0.027652
919.708	0.0275297
919.843	0.0275297
919.977	0.0280191
920.111	0.0277744
920.245	0.0275297
920.379	0.0277744
920.513	0.0277132
920.648	0.027285
920.782	0.0280803
920.916	0.0272238
921.05	0.027285
921.184	0.0283861
921.318	0.0270403
921.453	0.0280803
921.587	0.0284473
921.721	0.0273461
921.855	0.0284473
921.989	0.0280803
922.123	0.0275297
922.257	0.0274685
922.392	0.0280191
922.526	0.0267955
922.66	0.0278967
922.794	0.0285085
922.928	0.0281414
923.062	0.0271626
923.197	0.0272238
923.331	0.0279579
923.465	0.0272238
923.599	0.0271014
923.733	0.0281414
923.867	0.0282026
924.001	0.027285
924.136	0.027285
924.27	0.0269179
924.404	0.0271014
924.538	0.0277132
924.672	0.0273461
924.806	0.0277744
924.94	0.0279579
925.075	0.0268567
925.209	0.0281414
925.343	0.0277132
925.477	0.0280803
925.611	0.0278356
925.745	0.0284473
925.879	0.0275908
926.014	0.0274073
926.148	0.0274685
926.282	0.0274073
926.416	0.026612
926.55	0.0275297
926.684	0.0277132
926.818	0.0271626
926.953	0.0272238
927.087	0.0278967
927.221	0.0274073
927.355	0.0275297
927.489	0.0281414
927.623	0.0266732
927.757	0.0275297
927.892	0.027285
928.026	0.0273461
928.16	0.0283861
928.294	0.0275908
928.428	0.0285697
928.562	0.0286309
928.696	0.0282638
928.831	0.0281414
928.965	0.0277132
929.099	0.0280191
929.233	0.0280191
929.367	0.0280803
929.501	0.0279579
929.635	0.0275297
929.769	0.0271014
929.904	0.0272238
930.038	0.0274685
930.172	0.0269179
930.306	0.0270403
930.44	0.0272238
930.574	0.0281414
930.708	0.0270403
930.843	0.0288756
930.977	0.0277744
931.111	0.0279579
931.245	0.0279579
931.379	0.0284473
931.513	0.0275908
931.647	0.0269179
931.781	0.0274685
931.916	0.0280191
932.05	0.0273461
932.184	0.0278967
932.318	0.027285
932.452	0.027285
932.586	0.027285
932.72	0.0267344
932.854	0.0290591
932.989	0.0278356
933.123	0.0271014
933.257	0.0274073
933.391	0.0290591
933.525	0.0277132
933.659	0.027285
933.793	0.0280803
933.927	0.0277744
934.061	0.0282638
934.196	0.0277744
934.33	0.0274685
934.464	0.0273461
934.598	0.0274685
934.732	0.0275908
934.866	0.0275908
935	0.0274685
935.134	0.0266732
935.269	0.0270403
935.403	0.0282026
935.537	0.0280803
935.671	0.0277744
935.805	0.0278967
935.939	0.0280803
936.073	0.0285697
936.207	0.0275297
936.341	0.0279579
936.476	0.0275297
936.61	0.0282026
936.744	0.0280803
936.878	0.0280191
937.012	0.0274685
937.146	0.0282026
937.28	0.0278356
937.414	0.0270403
937.548	0.0285697
937.683	0.0279579
937.817	0.027285
937.951	0.0282638
938.085	0.0279579
938.219	0.0277744
938.353	0.0281414
938.487	0.0274685
938.621	0.0286309
938.755	0.027652
938.889	0.0281414
939.024	0.0274073
939.158	0.0282026
939.292	0.0282026
939.426	0.0274073
939.56	0.0279579
939.694	0.0275297
939.828	0.0270403
939.962	0.0275908
940.096	0.0277132
940.231	0.0278356
940.365	0.0284473
940.499	0.0272238
940.633	0.0280191
940.767	0.0280803
940.901	0.0280191
941.035	0.0269791
941.169	0.027652
941.303	0.0279579
941.437	0.0282026
941.571	0.0275908
941.706	0.0269791
941.84	0.0278356
941.974	0.0280803
942.108	0.0278967
942.242	0.0272238
942.376	0.0278967
942.51	0.0274073
942.644	0.027285
942.778	0.028325
942.912	0.027652
943.047	0.0280191
943.181	0.0273461
943.315	0.0278967
943.449	0.0278356
943.583	0.0275297
943.717	0.026612
943.851	0.0281414
943.985	0.027285
944.119	0.028325
944.253	0.0270403
944.387	0.0277744
944.522	0.0279579
944.656	0.0269791
944.79	0.0278967
944.924	0.027652
945.058	0.0277132
945.192	0.0283861
945.326	0.0277132
945.46	0.028692
945.594	0.0274073
945.728	0.0271626
945.862	0.0269791
945.996	0.0285697
946.131	0.0281414
946.265	0.0286309
946.399	0.0274073
946.533	0.0283861
946.667	0.0272238
946.801	0.0280803
946.935	0.0274073
947.069	0.0273461
947.203	0.0275908
947.337	0.0277132
947.471	0.0287532
947.605	0.0275908
947.739	0.0274073
947.874	0.0277744
948.008	0.0280191
948.142	0.0283861
948.276	0.0281414
948.41	0.0278967
948.544	0.0278356
948.678	0.0286309
948.812	0.0272238
948.946	0.0271014
949.08	0.0275297
949.214	0.0275297
949.348	0.0285085
949.482	0.027285
949.617	0.0277132
949.751	0.0282026
949.885	0.0275908
950.019	0.0270403
950.153	0.0272238
950.287	0.0268567
950.421	0.0269791
950.555	0.0277132
950.689	0.028692
950.823	0.0275297
950.957	0.0266732
951.091	0.0281414
951.225	0.0269791
951.359	0.0275297
951.493	0.0277744
951.628	0.0274685
951.762	0.0274685
951.896	0.0273461
952.03	0.0274073
952.164	0.0274685
952.298	0.0277744
952.432	0.0275297
952.566	0.0272238
952.7	0.0278356
952.834	0.0272238
952.968	0.0282026
953.102	0.0288756
953.236	0.027285
953.37	0.0280803
953.504	0.0284473
953.639	0.0270403
953.773	0.0274685
953.907	0.0284473
954.041	0.0269791
954.175	0.0280191
954.309	0.0278967
954.443	0.0282026
954.577	0.0280191
954.711	0.0282638
954.845	0.0282638
954.979	0.0280191
955.113	0.0273461
955.247	0.0279579
955.381	0.027652
955.515	0.0273461
955.649	0.0265508
955.783	0.0282638
955.917	0.0279579
956.052	0.0271626
956.186	0.028325
956.32	0.0274073
956.454	0.0283861
956.588	0.0274685
956.722	0.028325
956.856	0.027652
956.99	0.0275297
957.124	0.0273461
957.258	0.0282638
957.392	0.0273461
957.526	0.0274073
957.66	0.0273461
957.794	0.0281414
957.928	0.0277744
958.062	0.0278356
958.196	0.0275908
958.33	0.0282026
958.464	0.0277132
958.598	0.0278967
958.733	0.0274685
958.867	0.0294262
959.001	0.0285697
959.135	0.0270403
959.269	0.0278356
959.403	0.0286309
959.537	0.027652
959.671	0.0280191
959.805	0.0273461
959.939	0.0277132
960.073	0.0275908
960.207	0.0281414
960.341	0.0271014
960.475	0.0278356
960.609	0.0279579
960.743	0.0277132
960.877	0.0277744
961.011	0.0277744
961.145	0.0277132
961.279	0.0280191
961.413	0.0279579
961.547	0.027652
961.681	0.0274073
961.815	0.0274073
961.949	0.027285
962.083	0.0274073
962.218	0.0275908
962.352	0.0277744
962.486	0.0275297
962.62	0.0280191
962.754	0.0282026
962.888	0.0274073
963.022	0.0277132
963.156	0.0288144
963.29	0.0279579
963.424	0.0277744
963.558	0.0283861
963.692	0.0285085
963.826	0.0280191
963.96	0.0272238
964.094	0.0275297
964.228	0.0280803
964.362	0.028325
964.496	0.0275908
964.63	0.0278356
964.764	0.0272238
964.898	0.0275297
965.032	0.0271626
965.166	0.0278356
965.3	0.0282638
965.434	0.027652
965.568	0.0282026
965.702	0.0278967
965.836	0.027652
965.97	0.0278356
966.104	0.0279579
966.238	0.0275297
966.372	0.0274685
966.506	0.0278356
966.64	0.0270403
966.774	0.0281414
966.908	0.0273461
967.043	0.0282026
967.177	0.0280191
967.311	0.0280191
967.445	0.0275297
967.579	0.0278356
967.713	0.0288756
967.847	0.0275908
967.981	0.0282638
968.115	0.0280191
968.249	0.0277744
968.383	0.0290591
968.517	0.0279579
968.651	0.0277744
968.785	0.0278356
968.919	0.0275908
969.053	0.027652
969.187	0.0277744
969.321	0.0273461
969.455	0.0269791
969.589	0.0274685
969.723	0.0275908
969.857	0.0274685
969.991	0.0278356
970.125	0.0282026
970.259	0.0274073
970.393	0.0277132
970.527	0.027285
970.661	0.0281414
970.795	0.0271626
970.929	0.027652
971.063	0.0274073
971.197	0.0286309
971.331	0.0279579
971.465	0.0279579
971.599	0.0275908
971.733	0.0284473
971.867	0.0269791
972.001	0.0278967
972.135	0.0279579
972.269	0.0275908
972.403	0.0280191
972.537	0.028325
972.671	0.0273461
972.805	0.0280803
972.939	0.0280191
973.073	0.0269791
973.207	0.0282638
973.341	0.0279579
973.475	0.0272238
973.609	0.0267955
973.743	0.0278967
973.877	0.0281414
974.011	0.027285
974.145	0.0267344
974.279	0.0277744
974.413	0.0272238
974.547	0.0278967
974.681	0.0277132
974.815	0.0280191
974.949	0.0272238
975.083	0.0278356
975.217	0.0280803
975.351	0.0277132
975.485	0.0275908
975.619	0.027652
975.753	0.027652
975.887	0.0278356
976.021	0.0285085
976.155	0.0282026
976.289	0.0272238
976.423	0.0278356
976.557	0.0272238
976.691	0.0285085
976.825	0.0271626
976.959	0.0277132
977.093	0.0286309
977.227	0.0269791
977.361	0.0282638
977.495	0.0274073
977.629	0.0272238
977.763	0.0279579
977.897	0.0271014
978.031	0.0272238
978.165	0.0280803
978.299	0.0278967
978.433	0.0281414
978.567	0.0275908
978.701	0.0282638
978.835	0.027652
978.969	0.0277132
979.103	0.027285
979.237	0.0274073
979.371	0.0281414
979.505	0.0274685
979.639	0.027652
979.773	0.027652
979.907	0.0270403
980.041	0.0273461
980.175	0.0274685
980.308	0.0285697
980.442	0.0275908
980.576	0.0278967
980.71	0.0281414
980.844	0.0274685
980.978	0.0277132
981.112	0.0288144
981.246	0.0280191
981.38	0.0281414
981.514	0.0277744
981.648	0.0285085
981.782	0.0275297
981.916	0.0280191
982.05	0.0277744
982.184	0.0281414
982.318	0.0280803
982.452	0.027285
982.586	0.0269179
982.72	0.0275908
982.854	0.0278967
982.988	0.0281414
983.122	0.0274685
983.256	0.0275297
983.39	0.0277132
983.524	0.0283861
983.658	0.0277132
983.792	0.0280191
983.926	0.0271014
984.06	0.0274073
984.194	0.0282026
984.328	0.0277744
984.462	0.0282638
984.596	0.0282638
984.73	0.0275297
984.864	0.027285
984.998	0.028325
985.132	0.0280191
985.265	0.0275297
985.399	0.0277132
985.533	0.0275908
985.667	0.028325
985.801	0.0278356
985.935	0.0275908
986.069	0.0277744
986.203	0.0270403
986.337	0.0275297
986.471	0.0274073
986.605	0.0282638
986.739	0.0277132
986.873	0.027652
987.007	0.027285
987.141	0.0279579
987.275	0.0280803
987.409	0.0273461
987.543	0.0281414
987.677	0.027285
987.811	0.0277132
987.945	0.0269791
988.079	0.028692
988.213	0.0274073
988.347	0.0265508
988.481	0.0280803
988.614	0.0286309
988.748	0.028325
988.882	0.0275908
989.016	0.0275297
989.15	0.0273461
989.284	0.0278356
989.418	0.0275297
989.552	0.0278356
989.686	0.0277744
989.82	0.0277132
989.954	0.0282638
990.088	0.027652
990.222	0.0277744
990.356	0.0271014
990.49	0.0272238
990.624	0.0274685
990.758	0.0274073
990.892	0.0280191
991.026	0.0275297
991.16	0.0270403
991.294	0.0280803
991.427	0.0270403
991.561	0.027285
991.695	0.0277744
991.829	0.027285
991.963	0.0277132
992.097	0.0274073
992.231	0.0282638
992.365	0.0282026
992.499	0.0277132
992.633	0.0279579
992.767	0.0277132
992.901	0.0284473
993.035	0.0275297
993.169	0.0281414
993.303	0.0277132
993.437	0.0287532
993.571	0.027285
993.704	0.0281414
993.838	0.027652
993.972	0.0278967
994.106	0.0269179
994.24	0.0271626
994.374	0.0280191
994.508	0.0275297
994.642	0.0275908
994.776	0.0274685
994.91	0.0278967
995.044	0.0274685
995.178	0.0280191
995.312	0.027652
995.446	0.0275297
995.58	0.027285
995.714	0.027285
995.847	0.0277132
995.981	0.0285085
996.115	0.0278967
996.249	0.0281414
996.383	0.0278356
996.517	0.0285085
996.651	0.0278356
996.785	0.0266732
996.919	0.0271014
997.053	0.0274073
997.187	0.0275908
997.321	0.0271626
997.455	0.028692
997.589	0.0274685
997.722	0.0278356
997.856	0.0275297
997.99	0.0275297
998.124	0.0277744
998.258	0.0270403
998.392	0.0282026
998.526	0.0280191
998.66	0.0280803
998.794	0.0284473
998.928	0.0267955
999.062	0.0273461
999.196	0.0280191
999.33	0.0274073
999.464	0.0273461
999.597	0.0283861
999.731	0.0275908
999.865	0.0279579
999.999	0.0278356
1000.13	0.0274073
1000.27	0.0274073
1000.4	0.0270403
1000.53	0.0280191
1000.67	0.0283861
1000.8	0.0275908
1000.94	0.0278967
1001.07	0.0279579
1001.2	0.0280191
1001.34	0.0271014
1001.47	0.0281414
1001.61	0.0274073
1001.74	0.0282638
1001.87	0.0273461
1002.01	0.0282638
1002.14	0.0282026
1002.28	0.0271014
1002.41	0.0277132
1002.54	0.0278967
1002.68	0.0272238
1002.81	0.027652
1002.95	0.0275908
1003.08	0.0285085
1003.21	0.0277744
1003.35	0.0273461
1003.48	0.0280803
1003.61	0.0277132
1003.75	0.0280191
1003.88	0.0270403
1004.02	0.027652
1004.15	0.0277132
1004.28	0.0277132
1004.42	0.0278967
1004.55	0.0278356
1004.69	0.0274685
1004.82	0.0271626
1004.95	0.0269179
1005.09	0.0268567
1005.22	0.028325
1005.36	0.0277744
1005.49	0.0275297
1005.62	0.0274685
1005.76	0.0277744
1005.89	0.0278967
1006.03	0.0275908
1006.16	0.027652
1006.29	0.0277132
1006.43	0.0278967
1006.56	0.0279579
1006.69	0.0280191
1006.83	0.0277132
1006.96	0.0278967
1007.1	0.0278356
1007.23	0.0282026
1007.36	0.0280191
1007.5	0.0280191
1007.63	0.0274685
1007.77	0.027652
1007.9	0.0273461
1008.03	0.0281414
1008.17	0.0275908
1008.3	0.0279579
1008.44	0.0277132
1008.57	0.0279579
1008.7	0.028325
1008.84	0.0272238
1008.97	0.0277744
1009.1	0.0272238
1009.24	0.0279579
1009.37	0.027652
1009.51	0.0282026
1009.64	0.0280803
1009.77	0.0267955
1009.91	0.0278356
1010.04	0.0277744
1010.18	0.0275908
1010.31	0.0275297
1010.44	0.0285085
1010.58	0.0269179
1010.71	0.0277132
1010.85	0.0283861
1010.98	0.027652
1011.11	0.0280191
1011.25	0.0278967
1011.38	0.028325
1011.51	0.0279579
1011.65	0.0279579
1011.78	0.0278967
1011.92	0.0278967
1012.05	0.0271626
1012.18	0.0282638
1012.32	0.0282026
1012.45	0.0277744
1012.59	0.0280191
1012.72	0.027652
1012.85	0.027652
1012.99	0.028325
1013.12	0.0280803
1013.26	0.0274073
1013.39	0.0283861
1013.52	0.0278356
1013.66	0.0273461
1013.79	0.0279579
1013.92	0.0279579
1014.06	0.0274073
1014.19	0.0277744
1014.33	0.0267344
1014.46	0.0270403
1014.59	0.0282026
1014.73	0.0267344
1014.86	0.0280191
1015	0.0283861
1015.13	0.0279579
1015.26	0.0279579
1015.4	0.0280191
1015.53	0.0274073
1015.67	0.0278967
1015.8	0.0280191
1015.93	0.0269791
1016.07	0.0278356
1016.2	0.028325
1016.33	0.0275297
1016.47	0.0277744
1016.6	0.0279579
1016.74	0.0279579
1016.87	0.0278356
1017	0.0272238
1017.14	0.0270403
1017.27	0.0271014
1017.41	0.0268567
1017.54	0.0272238
1017.67	0.0279579
1017.81	0.0274073
1017.94	0.0271014
1018.07	0.0277132
1018.21	0.0273461
1018.34	0.0284473
1018.48	0.0274073
1018.61	0.0277744
1018.74	0.0279579
1018.88	0.0278967
1019.01	0.0274073
1019.15	0.0277744
1019.28	0.027652
1019.41	0.028325
1019.55	0.0277132
1019.68	0.027652
1019.82	0.0285085
1019.95	0.0280803
1020.08	0.0280803
1020.22	0.0271014
1020.35	0.027652
1020.48	0.0275297
1020.62	0.0274073
1020.75	0.0278967
1020.89	0.027652
1021.02	0.0278967
1021.15	0.0277132
1021.29	0.0274073
1021.42	0.0277132
1021.56	0.0277132
1021.69	0.0273461
1021.82	0.0275297
1021.96	0.0270403
1022.09	0.0271014
1022.22	0.0275908
1022.36	0.0280803
1022.49	0.0280803
1022.63	0.0279579
1022.76	0.027285
1022.89	0.0281414
1023.03	0.0274073
1023.16	0.0275908
1023.3	0.0277744
1023.43	0.0281414
1023.56	0.027285
1023.7	0.0272238
1023.83	0.0269179
1023.96	0.0284473
1024.1	0.0273461
1024.23	0.0282638
1024.37	0.0275297
1024.5	0.0277744
1024.63	0.0278356
1024.77	0.0278967
1024.9	0.0273461
1025.04	0.0280191
1025.17	0.0283861
1025.3	0.0271014
1025.44	0.0284473
1025.57	0.0277132
1025.7	0.0278967
1025.84	0.0270403
1025.97	0.0277132
1026.11	0.0284473
1026.24	0.0273461
1026.37	0.0280803
1026.51	0.0271014
1026.64	0.0274073
1026.78	0.0271014
1026.91	0.0277744
1027.04	0.0269179
1027.18	0.0283861
1027.31	0.0280191
1027.44	0.0277744
1027.58	0.0278967
1027.71	0.0266732
1027.85	0.0271014
1027.98	0.0283861
1028.11	0.0268567
1028.25	0.0277744
1028.38	0.0283861
1028.52	0.0287532
1028.65	0.0277132
1028.78	0.0282026
1028.92	0.0278356
1029.05	0.0277132
1029.18	0.0285085
1029.32	0.0275297
1029.45	0.0273461
1029.59	0.0273461
1029.72	0.0269179
1029.85	0.0285085
1029.99	0.0279579
1030.12	0.0268567
1030.26	0.0278356
1030.39	0.0269179
1030.52	0.0269791
1030.66	0.0282638
1030.79	0.0275908
1030.92	0.028325
1031.06	0.0278967
1031.19	0.0286309
1031.33	0.0278356
1031.46	0.0273461
1031.59	0.0277744
1031.73	0.0278967
1031.86	0.0278356
1031.99	0.0280191
1032.13	0.0280803
1032.26	0.0274073
1032.4	0.0280803
1032.53	0.0275908
1032.66	0.0270403
1032.8	0.0282026
1032.93	0.0275908
1033.07	0.0281414
1033.2	0.027652
1033.33	0.0281414
1033.47	0.0277132
1033.6	0.0273461
1033.73	0.0280803
1033.87	0.027285
1034	0.0272238
1034.14	0.0278967
1034.27	0.0271014
1034.4	0.0269179
1034.54	0.0273461
1034.67	0.0277132
1034.81	0.0271014
1034.94	0.0275297
1035.07	0.0279579
1035.21	0.0278967
1035.34	0.0274073
1035.47	0.0269791
1035.61	0.0282638
1035.74	0.0278967
1035.88	0.0267955
1036.01	0.0277744
1036.14	0.0275297
1036.28	0.0275908
1036.41	0.0271626
1036.54	0.0281414
1036.68	0.0279579
1036.81	0.0284473
1036.95	0.0275908
1037.08	0.0274073
1037.21	0.0277744
1037.35	0.0269179
1037.48	0.0280191
1037.62	0.0275297
1037.75	0.0277132
1037.88	0.0280191
1038.02	0.0277132
1038.15	0.0281414
1038.28	0.0275297
1038.42	0.0282638
1038.55	0.0275908
1038.69	0.0278356
1038.82	0.0272238
1038.95	0.0278356
1039.09	0.0277132
1039.22	0.0282638
1039.35	0.0288144
1039.49	0.0271626
1039.62	0.0271014
1039.76	0.0268567
1039.89	0.0275297
1040.02	0.0277744
1040.16	0.0274685
1040.29	0.028325
1040.43	0.0282026
1040.56	0.0277744
1040.69	0.0277744
1040.83	0.0270403
1040.96	0.0269179
1041.09	0.0285085
1041.23	0.0277744
1041.36	0.0282638
1041.5	0.0275908
1041.63	0.028692
1041.76	0.0275908
1041.9	0.0283861
1042.03	0.0274073
1042.16	0.0279579
1042.3	0.0279579
1042.43	0.0282026
1042.57	0.0274685
1042.7	0.027652
1042.83	0.0274685
1042.97	0.0274685
1043.1	0.0270403
1043.23	0.0281414
1043.37	0.0271014
1043.5	0.027285
1043.64	0.0280191
1043.77	0.0272238
1043.9	0.0280803
1044.04	0.0272238
1044.17	0.027652
1044.31	0.0277744
1044.44	0.0269791
1044.57	0.0273461
1044.71	0.0275297
1044.84	0.027285
1044.97	0.0282026
1045.11	0.027285
1045.24	0.027285
1045.38	0.0278356
1045.51	0.0282026
1045.64	0.026612
1045.78	0.0273461
1045.91	0.0280803
1046.04	0.0274073
1046.18	0.028325
1046.31	0.0275297
1046.45	0.0280803
1046.58	0.0280191
1046.71	0.0279579
1046.85	0.0273461
1046.98	0.0275297
1047.11	0.0279579
1047.25	0.0279579
1047.38	0.0275297
1047.52	0.0269179
1047.65	0.0278967
1047.78	0.0278967
1047.92	0.0278356
1048.05	0.0277132
1048.18	0.0278356
1048.32	0.0288756
1048.45	0.0270403
1048.59	0.0283861
1048.72	0.0277744
1048.85	0.0284473
1048.99	0.0288144
1049.12	0.027652
1049.25	0.0274685
1049.39	0.0275297
1049.52	0.0283861
1049.66	0.0278356
1049.79	0.0281414
1049.92	0.0275297
1050.06	0.0272238
1050.19	0.0277132
1050.33	0.0275908
1050.46	0.0282026
1050.59	0.0272238
1050.73	0.0275297
1050.86	0.0280803
1050.99	0.0279579
1051.13	0.0269791
1051.26	0.0278967
1051.4	0.0269179
1051.53	0.0271014
1051.66	0.0279579
1051.8	0.0280191
1051.93	0.0274073
1052.06	0.0269179
1052.2	0.0288144
1052.33	0.0269791
1052.47	0.0278356
1052.6	0.027285
1052.73	0.0278967
1052.87	0.0280191
1053	0.0274073
1053.13	0.0275908
1053.27	0.0274073
1053.4	0.0280191
1053.54	0.0266732
1053.67	0.0274685
1053.8	0.028325
1053.94	0.0278356
1054.07	0.0275297
1054.2	0.027652
1054.34	0.0261838
1054.47	0.0278356
1054.61	0.0287532
1054.74	0.0279579
1054.87	0.0293038
1055.01	0.0275297
1055.14	0.0267955
1055.27	0.0274073
1055.41	0.0277132
1055.54	0.0291203
1055.68	0.0279579
1055.81	0.0277744
1055.94	0.0285085
1056.08	0.0277132
1056.21	0.027652
1056.34	0.027285
1056.48	0.0268567
1056.61	0.0280803
1056.75	0.0273461
1056.88	0.0275908
1057.01	0.027652
1057.15	0.0275297
1057.28	0.0267344
1057.41	0.027652
1057.55	0.0274073
1057.68	0.0272238
1057.82	0.0275297
1057.95	0.0274073
1058.08	0.0280191
1058.22	0.0274685
1058.35	0.0282638
1058.48	0.0284473
1058.62	0.0274685
1058.75	0.0281414
1058.89	0.0278967
1059.02	0.0280803
1059.15	0.0275908
1059.29	0.0279579
1059.42	0.0274685
1059.55	0.0278356
1059.69	0.0275908
1059.82	0.0280803
1059.96	0.0274073
1060.09	0.0277132
1060.22	0.0269791
1060.36	0.0278967
1060.49	0.0285085
1060.62	0.0275908
1060.76	0.0272238
1060.89	0.0281414
1061.03	0.0278967
1061.16	0.0268567
1061.29	0.027652
1061.43	0.0280803
1061.56	0.0280803
1061.69	0.0289367
1061.83	0.027652
1061.96	0.028692
1062.1	0.0282638
1062.23	0.0280191
1062.36	0.0285085
1062.5	0.0277744
1062.63	0.027285
1062.76	0.0277744
1062.9	0.0274073
1063.03	0.0275908
1063.17	0.0271626
1063.3	0.0288756
1063.43	0.0273461
1063.57	0.0277132
1063.7	0.0278356
1063.83	0.0269179
1063.97	0.0275908
1064.1	0.0280803
1064.23	0.0277744
1064.37	0.027652
1064.5	0.0282026
1064.64	0.0270403
1064.77	0.0277132
1064.9	0.0279579
1065.04	0.0278967
1065.17	0.0270403
1065.3	0.0272238
1065.44	0.0273461
1065.57	0.027285
1065.71	0.0271626
1065.84	0.0272238
1065.97	0.0277744
1066.11	0.0279579
1066.24	0.0279579
1066.37	0.0282638
1066.51	0.0277744
1066.64	0.0280191
1066.78	0.0271014
1066.91	0.0282638
1067.04	0.0275297
1067.18	0.0278356
1067.31	0.027652
1067.44	0.0284473
1067.58	0.0275908
1067.71	0.0274685
1067.85	0.0288756
1067.98	0.0274073
1068.11	0.0278967
1068.25	0.0284473
1068.38	0.027652
1068.51	0.0273461
1068.65	0.0271014
1068.78	0.0282638
1068.92	0.027652
1069.05	0.0285697
1069.18	0.0280803
1069.32	0.028325
1069.45	0.0279579
1069.58	0.028325
1069.72	0.0278967
1069.85	0.0278356
1069.98	0.028325
1070.12	0.0278967
1070.25	0.0274073
1070.39	0.0278356
1070.52	0.0285085
1070.65	0.0271626
1070.79	0.0282026
1070.92	0.028692
1071.05	0.0278967
1071.19	0.0273461
1071.32	0.0278356
1071.46	0.0284473
1071.59	0.0277132
1071.72	0.0279579
1071.86	0.0280191
1071.99	0.0282638
1072.12	0.0284473
1072.26	0.0278356
1072.39	0.0281414
1072.53	0.0278967
1072.66	0.0280191
1072.79	0.0275297
1072.93	0.0284473
1073.06	0.0278967
1073.19	0.0280191
1073.33	0.0275908
1073.46	0.028325
1073.59	0.0282638
1073.73	0.027285
1073.86	0.0281414
1074	0.0282026
1074.13	0.0281414
1074.26	0.0274073
1074.4	0.0274685
1074.53	0.027285
1074.66	0.0273461
1074.8	0.0278967
1074.93	0.0271014
1075.07	0.0269791
1075.2	0.0277132
1075.33	0.028325
1075.47	0.027285
1075.6	0.0272238
1075.73	0.0278356
1075.87	0.027285
1076	0.0274073
1076.14	0.0285697
1076.27	0.0273461
1076.4	0.0277744
1076.54	0.0278356
1076.67	0.0263061
1076.8	0.0281414
1076.94	0.0278967
1077.07	0.0274073
1077.2	0.0275908
1077.34	0.0272238
1077.47	0.0284473
1077.61	0.0274073
1077.74	0.0280803
1077.87	0.0270403
1078.01	0.0274073
1078.14	0.0277744
1078.27	0.0281414
1078.41	0.027652
1078.54	0.0277132
1078.68	0.0275297
1078.81	0.0285697
1078.94	0.0278967
1079.08	0.0273461
1079.21	0.0282026
1079.34	0.0275297
1079.48	0.0274073
1079.61	0.0280191
1079.74	0.026612
1079.88	0.0270403
1080.01	0.0269179
1080.15	0.0274073
1080.28	0.0284473
1080.41	0.0287532
1080.55	0.027652
1080.68	0.0281414
1080.81	0.0280803
1080.95	0.027652
1081.08	0.0277132
1081.22	0.0282026
1081.35	0.0280803
1081.48	0.0281414
1081.62	0.0273461
1081.75	0.027285
1081.88	0.0283861
1082.02	0.0289367
1082.15	0.0275908
1082.28	0.0279579
1082.42	0.0277132
1082.55	0.0283861
1082.69	0.0277132
1082.82	0.0282638
1082.95	0.0285085
1083.09	0.0275297
1083.22	0.0280803
1083.35	0.0280191
1083.49	0.0275297
1083.62	0.0280191
1083.75	0.0279579
1083.89	0.0271014
1084.02	0.0280803
1084.16	0.0275297
1084.29	0.0275908
1084.42	0.0274073
1084.56	0.0288756
1084.69	0.0279579
1084.82	0.027652
1084.96	0.0273461
1085.09	0.0270403
1085.23	0.0274073
1085.36	0.0281414
1085.49	0.0275908
1085.63	0.026612
1085.76	0.0273461
1085.89	0.0282638
1086.03	0.0275908
1086.16	0.0264285
1086.29	0.027652
1086.43	0.027285
1086.56	0.0271014
1086.7	0.0279579
1086.83	0.0282026
1086.96	0.0282026
1087.1	0.0281414
1087.23	0.0270403
1087.36	0.0280191
1087.5	0.0274685
1087.63	0.0281414
1087.76	0.027285
1087.9	0.0278967
1088.03	0.028325
1088.17	0.0284473
1088.3	0.0277132
1088.43	0.0273461
1088.57	0.0278356
1088.7	0.0274073
1088.83	0.0274685
1088.97	0.027285
1089.1	0.0274685
1089.24	0.0285697
1089.37	0.0281414
1089.5	0.0274685
1089.64	0.0282026
1089.77	0.0278967
1089.9	0.0284473
1090.04	0.0278356
1090.17	0.0280191
1090.3	0.0278967
1090.44	0.027285
1090.57	0.0280191
1090.71	0.0273461
1090.84	0.028692
1090.97	0.0271626
1091.11	0.0278356
1091.24	0.0281414
1091.37	0.0271014
1091.51	0.027285
1091.64	0.0273461
1091.77	0.027285
1091.91	0.0278356
1092.04	0.0278356
1092.18	0.0281414
1092.31	0.0284473
1092.44	0.0271014
1092.58	0.0275297
1092.71	0.0265508
1092.84	0.0274073
1092.98	0.0280191
1093.11	0.0271014
1093.24	0.028325
1093.38	0.0282026
1093.51	0.0274073
1093.65	0.0279579
1093.78	0.027652
1093.91	0.027652
1094.05	0.027652
1094.18	0.0273461
1094.31	0.0274685
1094.45	0.0282638
1094.58	0.0277744
1094.71	0.0279579
1094.85	0.0269791
1094.98	0.0280803
1095.12	0.0279579
1095.25	0.0275908
1095.38	0.0275297
1095.52	0.0277744
1095.65	0.0274073
1095.78	0.0279579
1095.92	0.0272238
1096.05	0.0272238
1096.18	0.0288144
1096.32	0.0272238
1096.45	0.0273461
1096.59	0.0275908
1096.72	0.028325
1096.85	0.0282638
1096.99	0.0282026
1097.12	0.0283861
1097.25	0.0284473
1097.39	0.0277744
1097.52	0.027652
1097.65	0.0283861
1097.79	0.0280191
1097.92	0.0280803
1098.06	0.0279579
1098.19	0.0274073
1098.32	0.0280191
1098.46	0.0278967
1098.59	0.0285085
1098.72	0.0278356
1098.86	0.0282638
1098.99	0.0280191
1099.12	0.0274073
1099.26	0.0272238
1099.39	0.0277132
1099.53	0.0278356
1099.66	0.027285
1099.79	0.0275908
1099.93	0.0277744
1100.06	0.0274073
1100.19	0.0266732
1100.33	0.0268567
1100.46	0.0282026
1100.59	0.0275908
1100.73	0.0279579
1100.86	0.0286309
1100.99	0.0280191
1101.13	0.0267955
1101.26	0.0275297
1101.4	0.0274073
1101.53	0.0275908
1101.66	0.0278356
1101.8	0.0277744
1101.93	0.0277132
1102.06	0.0277744
1102.2	0.0275908
1102.33	0.0272238
1102.46	0.0281414
1102.6	0.0277132
1102.73	0.0274073
1102.87	0.0282026
1103	0.0279579
1103.13	0.0274685
1103.27	0.0275297
1103.4	0.0278356
1103.53	0.0282026
1103.67	0.0289979
1103.8	0.0278967
1103.93	0.0282638
1104.07	0.0272238
1104.2	0.028692
1104.34	0.0285697
1104.47	0.0285085
1104.6	0.0277132
1104.74	0.0279579
1104.87	0.0275908
1105	0.0280803
1105.14	0.0279579
1105.27	0.0278967
1105.4	0.0280191
1105.54	0.027652
1105.67	0.0274685
1105.8	0.0274685
1105.94	0.0277744
1106.07	0.0278967
1106.21	0.0282638
1106.34	0.0277744
1106.47	0.027652
1106.61	0.0275908
1106.74	0.0281414
1106.87	0.0279579
1107.01	0.0278967
1107.14	0.0274073
1107.27	0.0274073
1107.41	0.0278967
1107.54	0.0281414

