Source: Spectrum Viewer

Chart: Pulse Spectrum

Series: 
Wavelength (nm)	S (a.u.)
617.638	0.0289324
617.773	0.0275896
617.908	0.0274675
618.043	0.0272233
618.178	0.0271013
618.313	0.0275285
618.448	0.0263078
618.583	0.0265519
618.718	0.0277117
618.853	0.0272844
618.988	0.0275896
619.123	0.0271623
619.258	0.0280779
619.394	0.0281389
619.529	0.0276506
619.664	0.0274675
619.799	0.0280779
619.934	0.0280779
620.069	0.0279558
620.204	0.0278337
620.339	0.0281389
620.474	0.0273454
620.609	0.0271623
620.744	0.0274675
620.879	0.0268571
621.014	0.0268571
621.149	0.028322
621.284	0.0271623
621.419	0.0264909
621.554	0.0273454
621.689	0.0273454
621.825	0.0277117
621.96	0.0276506
622.095	0.0281389
622.23	0.0286272
622.365	0.0272233
622.5	0.0281389
622.635	0.026735
622.77	0.0276506
622.905	0.0281389
623.04	0.0271013
623.175	0.0271013
623.31	0.0277727
623.445	0.0278948
623.58	0.0275285
623.715	0.0272844
623.85	0.0277117
623.985	0.028261
624.12	0.0277117
624.255	0.0285052
624.39	0.0277727
624.525	0.0280168
624.661	0.0275896
624.796	0.0279558
624.931	0.0274675
625.066	0.0271623
625.201	0.028261
625.336	0.0286272
625.471	0.0283831
625.606	0.0277117
625.741	0.0271623
625.876	0.0275285
626.011	0.0274675
626.146	0.0272233
626.281	0.0277727
626.416	0.028261
626.551	0.0271013
626.686	0.0275896
626.821	0.0269181
626.956	0.0274675
627.091	0.0277117
627.226	0.0276506
627.361	0.0276506
627.496	0.0277727
627.631	0.0274675
627.766	0.0280779
627.901	0.0280779
628.036	0.0268571
628.171	0.0280168
628.307	0.0285052
628.442	0.0275285
628.577	0.0273454
628.712	0.0280779
628.847	0.0264909
628.982	0.028261
629.117	0.0277117
629.252	0.0275896
629.387	0.0268571
629.522	0.0278948
629.657	0.0283831
629.792	0.0273454
629.927	0.0269792
630.062	0.0277117
630.197	0.026735
630.332	0.0285052
630.467	0.028261
630.602	0.0271623
630.737	0.0268571
630.872	0.0278948
631.007	0.0281389
631.142	0.0280779
631.277	0.0273454
631.412	0.0273454
631.547	0.0274675
631.682	0.0280168
631.817	0.0281389
631.952	0.0282
632.087	0.0277727
632.222	0.0275896
632.357	0.0275896
632.492	0.0279558
632.627	0.0274675
632.762	0.0278948
632.897	0.0273454
633.032	0.0285052
633.167	0.0272844
633.302	0.0278337
633.437	0.0275285
633.572	0.0276506
633.707	0.0277727
633.842	0.0282
633.978	0.0275285
634.113	0.0283831
634.248	0.0272844
634.383	0.028261
634.518	0.0275285
634.653	0.0286272
634.788	0.0277117
634.923	0.0270402
635.058	0.0282
635.193	0.0273454
635.328	0.0272844
635.463	0.0282
635.598	0.0274675
635.733	0.0275896
635.868	0.0265519
636.003	0.0265519
636.138	0.0272844
636.273	0.0270402
636.408	0.0272233
636.543	0.0274065
636.678	0.0273454
636.813	0.0273454
636.948	0.0278948
637.083	0.0274675
637.218	0.0278337
637.353	0.0272233
637.488	0.0279558
637.623	0.0278948
637.758	0.0272233
637.893	0.0273454
638.028	0.0275896
638.163	0.0277727
638.298	0.0267961
638.433	0.0282
638.568	0.0276506
638.703	0.0285052
638.838	0.0271623
638.973	0.0284441
639.108	0.0278948
639.243	0.0282
639.378	0.0284441
639.513	0.0272233
639.648	0.0271623
639.783	0.026613
639.918	0.0276506
640.053	0.0276506
640.188	0.0278337
640.323	0.0277117
640.458	0.0282
640.593	0.0283831
640.728	0.0275896
640.863	0.028261
640.998	0.0285662
641.133	0.0277727
641.268	0.0277727
641.403	0.0274065
641.538	0.0280168
641.673	0.0281389
641.808	0.0275285
641.943	0.0271623
642.078	0.0281389
642.213	0.0272844
642.348	0.0273454
642.483	0.0269792
642.618	0.0277117
642.753	0.0277117
642.888	0.0276506
643.023	0.0280168
643.158	0.0270402
643.293	0.0285662
643.428	0.0273454
643.563	0.0274065
643.698	0.0277117
643.833	0.0282
643.968	0.0277727
644.103	0.0278337
644.237	0.0283831
644.372	0.0272233
644.507	0.0280168
644.642	0.0275285
644.777	0.0272233
644.912	0.0274065
645.047	0.0272844
645.182	0.0276506
645.317	0.0275896
645.452	0.0267961
645.587	0.0282
645.722	0.0272844
645.857	0.0278337
645.992	0.0279558
646.127	0.0285662
646.262	0.0271623
646.397	0.0279558
646.532	0.0277117
646.667	0.0277727
646.802	0.0280779
646.937	0.0277117
647.072	0.0277727
647.207	0.0274065
647.342	0.0282
647.477	0.0275896
647.612	0.0289324
647.747	0.0274065
647.882	0.0270402
648.017	0.0272844
648.152	0.0277727
648.287	0.0278948
648.422	0.0275285
648.557	0.0277727
648.692	0.0271623
648.827	0.0272844
648.962	0.0277727
649.097	0.0269181
649.232	0.0281389
649.367	0.0267961
649.502	0.0281389
649.637	0.0274065
649.772	0.0274675
649.906	0.0264909
650.041	0.0285052
650.176	0.0281389
650.311	0.0277727
650.446	0.0279558
650.581	0.0280779
650.716	0.0286272
650.851	0.0280168
650.986	0.0277117
651.121	0.0278337
651.256	0.0280168
651.391	0.0280779
651.526	0.0277117
651.661	0.0277117
651.796	0.0281389
651.931	0.0279558
652.066	0.0275285
652.201	0.0272844
652.336	0.0269792
652.471	0.0272844
652.606	0.0280168
652.741	0.0272844
652.876	0.0279558
653.011	0.0278948
653.146	0.0268571
653.281	0.028261
653.415	0.0271013
653.55	0.0274065
653.685	0.0278337
653.82	0.0282
653.955	0.0277727
654.09	0.0285052
654.225	0.0276506
654.36	0.0275285
654.495	0.0270402
654.63	0.0271013
654.765	0.0274065
654.9	0.0272844
655.035	0.0274675
655.17	0.028322
655.305	0.0277727
655.44	0.0281389
655.575	0.0278337
655.71	0.0270402
655.845	0.0280779
655.98	0.0283831
656.115	0.0275285
656.25	0.0276506
656.384	0.0272844
656.519	0.0275285
656.654	0.0280168
656.789	0.0278948
656.924	0.0280779
657.059	0.0279558
657.194	0.0272233
657.329	0.0271013
657.464	0.0271013
657.599	0.028322
657.734	0.0278337
657.869	0.0285662
658.004	0.0271623
658.139	0.0277727
658.274	0.0274065
658.409	0.0272844
658.544	0.026613
658.679	0.0279558
658.813	0.0276506
658.948	0.0279558
659.083	0.028261
659.218	0.0281389
659.353	0.0277727
659.488	0.0271013
659.623	0.0278337
659.758	0.026674
659.893	0.0278948
660.028	0.0271623
660.163	0.0275285
660.298	0.0277117
660.433	0.0268571
660.568	0.0274065
660.703	0.0275285
660.838	0.0272844
660.972	0.0269792
661.107	0.0274675
661.242	0.0271013
661.377	0.0268571
661.512	0.0271623
661.647	0.0278337
661.782	0.0273454
661.917	0.0275896
662.052	0.0280168
662.187	0.0282
662.322	0.0272844
662.457	0.0282
662.592	0.0280779
662.727	0.0278948
662.862	0.0275285
662.996	0.0269792
663.131	0.0283831
663.266	0.0283831
663.401	0.0277117
663.536	0.0271623
663.671	0.0277727
663.806	0.0277727
663.941	0.0274065
664.076	0.0274675
664.211	0.0275896
664.346	0.0272233
664.481	0.0271013
664.616	0.0269181
664.75	0.0282
664.885	0.0261857
665.02	0.0277117
665.155	0.0275285
665.29	0.0280779
665.425	0.0268571
665.56	0.0285052
665.695	0.0280779
665.83	0.0282
665.965	0.0271013
666.1	0.0278948
666.235	0.0282
666.37	0.0280779
666.504	0.0271623
666.639	0.0282
666.774	0.0274065
666.909	0.0276506
667.044	0.0278337
667.179	0.0271013
667.314	0.0281389
667.449	0.0277117
667.584	0.0280779
667.719	0.0276506
667.854	0.0277727
667.989	0.0280779
668.123	0.0281389
668.258	0.0274675
668.393	0.0280779
668.528	0.0272844
668.663	0.0269792
668.798	0.0271013
668.933	0.0280779
669.068	0.0280168
669.203	0.0281389
669.338	0.0275285
669.473	0.0272233
669.607	0.0280168
669.742	0.0277117
669.877	0.0270402
670.012	0.0285052
670.147	0.0276506
670.282	0.0279558
670.417	0.0271623
670.552	0.0276506
670.687	0.028261
670.822	0.0272233
670.957	0.0277117
671.091	0.0271623
671.226	0.0275896
671.361	0.0274675
671.496	0.0279558
671.631	0.0277727
671.766	0.0269792
671.901	0.0268571
672.036	0.0262467
672.171	0.028261
672.306	0.0275896
672.44	0.0273454
672.575	0.0267961
672.71	0.0277117
672.845	0.0278948
672.98	0.028261
673.115	0.0280168
673.25	0.0275285
673.385	0.0280779
673.52	0.0274675
673.655	0.0269181
673.789	0.0276506
673.924	0.0278337
674.059	0.0270402
674.194	0.0277117
674.329	0.0275285
674.464	0.0276506
674.599	0.0274675
674.734	0.0270402
674.869	0.0277727
675.003	0.0271623
675.138	0.0288104
675.273	0.0280168
675.408	0.0280779
675.543	0.0280168
675.678	0.0267961
675.813	0.0277727
675.948	0.0277727
676.083	0.0275896
676.217	0.0275285
676.352	0.0281389
676.487	0.0274675
676.622	0.0274065
676.757	0.0277117
676.892	0.0272844
677.027	0.0284441
677.162	0.0280779
677.297	0.0283831
677.431	0.0280779
677.566	0.0280779
677.701	0.0275285
677.836	0.0271623
677.971	0.028261
678.106	0.0277117
678.241	0.0281389
678.376	0.0288104
678.511	0.0270402
678.645	0.0274065
678.78	0.0269792
678.915	0.0272233
679.05	0.026613
679.185	0.0278337
679.32	0.0281389
679.455	0.0275285
679.59	0.0273454
679.724	0.0274675
679.859	0.0269181
679.994	0.0281389
680.129	0.0274065
680.264	0.0264909
680.399	0.0280779
680.534	0.0277117
680.669	0.0280779
680.803	0.0275285
680.938	0.0274675
681.073	0.0272844
681.208	0.0277727
681.343	0.0272844
681.478	0.0272844
681.613	0.026735
681.748	0.0274065
681.882	0.0278337
682.017	0.0274675
682.152	0.0276506
682.287	0.0276506
682.422	0.0268571
682.557	0.0273454
682.692	0.0284441
682.827	0.0277727
682.961	0.0284441
683.096	0.0284441
683.231	0.0285662
683.366	0.0280168
683.501	0.0284441
683.636	0.026613
683.771	0.0270402
683.906	0.0278948
684.04	0.0286272
684.175	0.0278337
684.31	0.0277117
684.445	0.0277117
684.58	0.0267961
684.715	0.0274065
684.85	0.028261
684.984	0.0278948
685.119	0.0282
685.254	0.0268571
685.389	0.0277727
685.524	0.0275285
685.659	0.0279558
685.794	0.0272233
685.928	0.0280779
686.063	0.0270402
686.198	0.028261
686.333	0.0279558
686.468	0.0278337
686.603	0.0274675
686.738	0.028322
686.872	0.0274675
687.007	0.028261
687.142	0.0282
687.277	0.0272233
687.412	0.0276506
687.547	0.0274065
687.682	0.0287493
687.816	0.0272844
687.951	0.0278337
688.086	0.0275896
688.221	0.0282
688.356	0.0272233
688.491	0.0272233
688.626	0.0280779
688.76	0.0282
688.895	0.0272233
689.03	0.0275285
689.165	0.0271623
689.3	0.0271623
689.435	0.0272844
689.57	0.0269181
689.704	0.0276506
689.839	0.0278948
689.974	0.0280168
690.109	0.0275896
690.244	0.0276506
690.379	0.0282
690.513	0.0274675
690.648	0.0269792
690.783	0.0281389
690.918	0.0274065
691.053	0.0280779
691.188	0.0276506
691.323	0.0282
691.457	0.0268571
691.592	0.0279558
691.727	0.0281389
691.862	0.0275896
691.997	0.0271013
692.132	0.028322
692.266	0.0282
692.401	0.0270402
692.536	0.0272233
692.671	0.0278948
692.806	0.0276506
692.941	0.0285662
693.075	0.028261
693.21	0.0273454
693.345	0.0272233
693.48	0.0277117
693.615	0.0273454
693.75	0.0268571
693.885	0.0277117
694.019	0.0277727
694.154	0.0272233
694.289	0.0274065
694.424	0.0283831
694.559	0.0280779
694.694	0.0278337
694.828	0.0274065
694.963	0.0269792
695.098	0.0284441
695.233	0.0274065
695.368	0.0270402
695.503	0.0269792
695.637	0.0272844
695.772	0.0278948
695.907	0.0279558
696.042	0.028261
696.177	0.0277727
696.312	0.0276506
696.446	0.0272233
696.581	0.0276506
696.716	0.0274675
696.851	0.026674
696.986	0.0269792
697.12	0.0278337
697.255	0.0291155
697.39	0.0278948
697.525	0.0274065
697.66	0.0272844
697.795	0.0279558
697.929	0.0280779
698.064	0.0271623
698.199	0.0282
698.334	0.0278337
698.469	0.0269181
698.604	0.0272233
698.738	0.0270402
698.873	0.0276506
699.008	0.0269792
699.143	0.0277727
699.278	0.0274065
699.412	0.0277727
699.547	0.0271623
699.682	0.0274065
699.817	0.0272844
699.952	0.0285052
700.087	0.0275896
700.221	0.0279558
700.356	0.0280168
700.491	0.0280168
700.626	0.0271623
700.761	0.0280779
700.895	0.0278337
701.03	0.0275896
701.165	0.0281389
701.3	0.0280779
701.435	0.0268571
701.57	0.0278337
701.704	0.0270402
701.839	0.0279558
701.974	0.0272233
702.109	0.0278948
702.244	0.0277117
702.378	0.0274065
702.513	0.0278948
702.648	0.0273454
702.783	0.0280779
702.918	0.0276506
703.052	0.0274675
703.187	0.0276506
703.322	0.0278948
703.457	0.0282
703.592	0.0277117
703.727	0.0271623
703.861	0.0288104
703.996	0.0271623
704.131	0.0274065
704.266	0.0277117
704.401	0.0275285
704.535	0.0274065
704.67	0.0279558
704.805	0.0274675
704.94	0.0274675
705.075	0.0273454
705.209	0.028322
705.344	0.0273454
705.479	0.0274675
705.614	0.0276506
705.749	0.0270402
705.883	0.0280168
706.018	0.0273454
706.153	0.0288104
706.288	0.0269181
706.423	0.0265519
706.557	0.0282
706.692	0.0281389
706.827	0.0274675
706.962	0.0277727
707.097	0.0277117
707.231	0.0276506
707.366	0.0278337
707.501	0.0279558
707.636	0.0276506
707.771	0.0277117
707.905	0.0273454
708.04	0.0273454
708.175	0.0270402
708.31	0.0275285
708.445	0.026735
708.579	0.0279558
708.714	0.0280168
708.849	0.0273454
708.984	0.0281389
709.118	0.0274065
709.253	0.0272844
709.388	0.0276506
709.523	0.0274675
709.658	0.0272233
709.792	0.0281389
709.927	0.0277727
710.062	0.028322
710.197	0.028322
710.332	0.0275896
710.466	0.0277727
710.601	0.0274675
710.736	0.0279558
710.871	0.0269181
711.006	0.0280779
711.14	0.0274065
711.275	0.0273454
711.41	0.0272844
711.545	0.0274675
711.679	0.0285662
711.814	0.0277117
711.949	0.0274065
712.084	0.028322
712.219	0.0274675
712.353	0.028261
712.488	0.0277727
712.623	0.0278337
712.758	0.0274675
712.892	0.0276506
713.027	0.0274065
713.162	0.0272233
713.297	0.0274675
713.432	0.0271623
713.566	0.0283831
713.701	0.0275285
713.836	0.0280779
713.971	0.0275896
714.105	0.0277727
714.24	0.028261
714.375	0.0273454
714.51	0.0282
714.645	0.0277727
714.779	0.0281389
714.914	0.028322
715.049	0.0280168
715.184	0.0281389
715.318	0.0276506
715.453	0.028261
715.588	0.0277117
715.723	0.0273454
715.858	0.0277727
715.992	0.0270402
716.127	0.0283831
716.262	0.0271013
716.397	0.0279558
716.531	0.0280779
716.666	0.0275285
716.801	0.0276506
716.936	0.0284441
717.07	0.0278948
717.205	0.0269792
717.34	0.0280168
717.475	0.0270402
717.61	0.0274675
717.744	0.0269181
717.879	0.0282
718.014	0.0271623
718.149	0.0274065
718.283	0.0277727
718.418	0.0279558
718.553	0.0278948
718.688	0.0275285
718.822	0.0280168
718.957	0.0277117
719.092	0.0275285
719.227	0.0270402
719.361	0.0283831
719.496	0.028261
719.631	0.0269181
719.766	0.0275896
719.9	0.0275896
720.035	0.0267961
720.17	0.028261
720.305	0.0280779
720.44	0.0272844
720.574	0.0283831
720.709	0.0274065
720.844	0.0269181
720.979	0.0274675
721.113	0.0278337
721.248	0.0272233
721.383	0.0278337
721.518	0.0277117
721.652	0.0272233
721.787	0.0280168
721.922	0.0280168
722.057	0.0278337
722.191	0.0271013
722.326	0.0280168
722.461	0.0280168
722.596	0.028261
722.73	0.0275896
722.865	0.0275896
723	0.0272233
723.135	0.0281389
723.269	0.0279558
723.404	0.028322
723.539	0.0270402
723.674	0.0272233
723.808	0.0276506
723.943	0.0273454
724.078	0.026613
724.213	0.0275285
724.347	0.026735
724.482	0.0277117
724.617	0.0275896
724.752	0.026735
724.886	0.0281389
725.021	0.0277117
725.156	0.0273454
725.291	0.026735
725.425	0.0280779
725.56	0.0270402
725.695	0.0285052
725.829	0.0274065
725.964	0.0282
726.099	0.0284441
726.234	0.0275896
726.368	0.0278948
726.503	0.0272233
726.638	0.0279558
726.773	0.0275896
726.907	0.0269181
727.042	0.028322
727.177	0.0269792
727.312	0.0281389
727.446	0.0275285
727.581	0.0277117
727.716	0.0276506
727.851	0.0277117
727.985	0.0293597
728.12	0.0270402
728.255	0.0275896
728.389	0.0267961
728.524	0.0277727
728.659	0.028261
728.794	0.0275896
728.928	0.0285662
729.063	0.0268571
729.198	0.0277117
729.333	0.0277117
729.467	0.0278337
729.602	0.0277727
729.737	0.0263688
729.872	0.0280168
730.006	0.0275896
730.141	0.0273454
730.276	0.0275896
730.41	0.0283831
730.545	0.0274065
730.68	0.0274675
730.815	0.0279558
730.949	0.0280168
731.084	0.0275896
731.219	0.0277727
731.354	0.0278948
731.488	0.0269181
731.623	0.0278337
731.758	0.0274675
731.892	0.0272233
732.027	0.0283831
732.162	0.0277117
732.297	0.0282
732.431	0.0278337
732.566	0.0277117
732.701	0.0274675
732.835	0.0281389
732.97	0.0272844
733.105	0.0272233
733.24	0.0277727
733.374	0.0277727
733.509	0.0268571
733.644	0.0282
733.779	0.0280168
733.913	0.0267961
734.048	0.026613
734.183	0.0272233
734.317	0.0269792
734.452	0.0286272
734.587	0.0274675
734.722	0.0274065
734.856	0.0282
734.991	0.0268571
735.126	0.028322
735.26	0.0277117
735.395	0.0269792
735.53	0.0280168
735.665	0.0270402
735.799	0.0280779
735.934	0.0270402
736.069	0.0278337
736.203	0.0265519
736.338	0.0271623
736.473	0.0276506
736.607	0.0277727
736.742	0.0272233
736.877	0.0281389
737.012	0.0278337
737.146	0.0277117
737.281	0.0272233
737.416	0.0278948
737.55	0.0274065
737.685	0.0278337
737.82	0.0277117
737.955	0.0276506
738.089	0.0278337
738.224	0.0284441
738.359	0.0276506
738.493	0.0274675
738.628	0.0275285
738.763	0.0285662
738.897	0.0282
739.032	0.0278337
739.167	0.0273454
739.302	0.0269792
739.436	0.0277727
739.571	0.0277727
739.706	0.0276506
739.84	0.0279558
739.975	0.0275285
740.11	0.0284441
740.244	0.028322
740.379	0.0280168
740.514	0.0286883
740.649	0.0281389
740.783	0.028322
740.918	0.0277727
741.053	0.0275896
741.187	0.0281389
741.322	0.0285052
741.457	0.0282
741.591	0.0277727
741.726	0.0284441
741.861	0.0276506
741.996	0.0275285
742.13	0.0271623
742.265	0.0271013
742.4	0.0272233
742.534	0.0278337
742.669	0.0273454
742.804	0.0278337
742.938	0.0277727
743.073	0.0280168
743.208	0.028261
743.342	0.028261
743.477	0.028322
743.612	0.0278337
743.747	0.0282
743.881	0.0275896
744.016	0.0280779
744.151	0.028322
744.285	0.0282
744.42	0.0274065
744.555	0.0269792
744.689	0.0275896
744.824	0.0275896
744.959	0.0275896
745.093	0.026674
745.228	0.0280779
745.363	0.0282
745.497	0.0272233
745.632	0.0277117
745.767	0.0280779
745.901	0.0280168
746.036	0.0281389
746.171	0.0275285
746.305	0.028322
746.44	0.0272844
746.575	0.0286272
746.71	0.0276506
746.844	0.0274065
746.979	0.0273454
747.114	0.0273454
747.248	0.0277117
747.383	0.0271013
747.518	0.0272233
747.652	0.028322
747.787	0.0279558
747.922	0.0275896
748.056	0.0272233
748.191	0.0271013
748.326	0.0272844
748.46	0.0275285
748.595	0.0276506
748.73	0.0272844
748.864	0.0280779
748.999	0.0278337
749.134	0.028261
749.268	0.0285052
749.403	0.0271623
749.538	0.0278948
749.672	0.0278948
749.807	0.0274065
749.942	0.0278337
750.076	0.0283831
750.211	0.0270402
750.346	0.0278948
750.48	0.0276506
750.615	0.0277117
750.75	0.0287493
750.884	0.0272844
751.019	0.0272233
751.154	0.0275896
751.288	0.0281389
751.423	0.0268571
751.558	0.0277117
751.692	0.0271013
751.827	0.0273454
751.962	0.0274675
752.096	0.0280168
752.231	0.028322
752.366	0.0272844
752.5	0.0272233
752.635	0.028261
752.77	0.0285052
752.904	0.0277117
753.039	0.028261
753.174	0.0278337
753.308	0.0277727
753.443	0.0275896
753.578	0.0277117
753.712	0.0278948
753.847	0.0277727
753.982	0.0277117
754.116	0.0285052
754.251	0.0282
754.386	0.0278948
754.52	0.0277117
754.655	0.0278337
754.79	0.0273454
754.924	0.0277117
755.059	0.0281389
755.194	0.0268571
755.328	0.028261
755.463	0.0275896
755.597	0.0275896
755.732	0.0276506
755.867	0.0278337
756.001	0.0269792
756.136	0.0279558
756.271	0.0275896
756.405	0.0276506
756.54	0.0268571
756.675	0.026674
756.809	0.0277117
756.944	0.0271013
757.079	0.0271013
757.213	0.0271623
757.348	0.0284441
757.483	0.0280779
757.617	0.0282
757.752	0.0274675
757.887	0.0280168
758.021	0.0272233
758.156	0.0269792
758.29	0.0278337
758.425	0.0273454
758.56	0.0274065
758.694	0.0281389
758.829	0.0272844
758.964	0.0273454
759.098	0.0273454
759.233	0.0279558
759.368	0.0279558
759.502	0.028322
759.637	0.0280779
759.772	0.0270402
759.906	0.0281389
760.041	0.028261
760.175	0.0280779
760.31	0.0273454
760.445	0.0269181
760.579	0.0277727
760.714	0.0282
760.849	0.0268571
760.983	0.0278948
761.118	0.028261
761.253	0.0272233
761.387	0.0272233
761.522	0.0270402
761.656	0.0272233
761.791	0.0280168
761.926	0.0278337
762.06	0.0274065
762.195	0.0273454
762.33	0.0285052
762.464	0.0284441
762.599	0.026613
762.733	0.0275285
762.868	0.0271013
763.003	0.0276506
763.137	0.0272844
763.272	0.0274065
763.407	0.0280168
763.541	0.0274675
763.676	0.028261
763.811	0.0278948
763.945	0.0274065
764.08	0.028261
764.214	0.0278948
764.349	0.0278948
764.484	0.0275896
764.618	0.0277117
764.753	0.0275285
764.888	0.0277727
765.022	0.0280779
765.157	0.0276506
765.291	0.0284441
765.426	0.0273454
765.561	0.0271013
765.695	0.0269181
765.83	0.0271623
765.965	0.0281389
766.099	0.0273454
766.234	0.0275285
766.368	0.0275285
766.503	0.0277117
766.638	0.0280779
766.772	0.0275896
766.907	0.0275285
767.041	0.0277727
767.176	0.0274675
767.311	0.0274065
767.445	0.0276506
767.58	0.0269792
767.715	0.0271013
767.849	0.0277727
767.984	0.0283831
768.118	0.0275896
768.253	0.0272233
768.388	0.0278948
768.522	0.0278337
768.657	0.0269792
768.791	0.0270402
768.926	0.0281389
769.061	0.0277117
769.195	0.0271013
769.33	0.0277117
769.465	0.0282
769.599	0.0278337
769.734	0.0277727
769.868	0.0275285
770.003	0.0275285
770.138	0.0277727
770.272	0.0268571
770.407	0.0276506
770.541	0.0277117
770.676	0.0271013
770.811	0.0278948
770.945	0.0273454
771.08	0.0275896
771.214	0.0269792
771.349	0.0275896
771.484	0.0281389
771.618	0.0275285
771.753	0.026735
771.887	0.0281389
772.022	0.0274065
772.157	0.0280779
772.291	0.0272844
772.426	0.0279558
772.56	0.0280168
772.695	0.0281389
772.83	0.0274065
772.964	0.0275896
773.099	0.028322
773.233	0.0277727
773.368	0.0276506
773.503	0.0269181
773.637	0.028261
773.772	0.0278948
773.906	0.028261
774.041	0.0280779
774.176	0.0271623
774.31	0.0272844
774.445	0.0271623
774.579	0.028322
774.714	0.0285662
774.849	0.0277117
774.983	0.0274065
775.118	0.0277117
775.252	0.0272233
775.387	0.0282
775.522	0.0284441
775.656	0.0278948
775.791	0.0270402
775.925	0.0273454
776.06	0.0280779
776.195	0.0279558
776.329	0.0273454
776.464	0.0283831
776.598	0.0286883
776.733	0.0277117
776.868	0.0276506
777.002	0.0276506
777.137	0.028261
777.271	0.0275896
777.406	0.0265519
777.54	0.028261
777.675	0.028261
777.81	0.0281389
777.944	0.0272844
778.079	0.0274065
778.213	0.0277117
778.348	0.0276506
778.483	0.0275285
778.617	0.0275896
778.752	0.0278948
778.886	0.0271013
779.021	0.0279558
779.155	0.0286883
779.29	0.0274675
779.425	0.0274065
779.559	0.0280168
779.694	0.0282
779.828	0.0277117
779.963	0.0278337
780.098	0.026735
780.232	0.0274675
780.367	0.0278948
780.501	0.0276506
780.636	0.0274065
780.77	0.0280168
780.905	0.0275285
781.04	0.0268571
781.174	0.0281389
781.309	0.028261
781.443	0.0268571
781.578	0.0285662
781.712	0.0278337
781.847	0.0278337
781.982	0.0274675
782.116	0.0264298
782.251	0.0282
782.385	0.0278948
782.52	0.0269181
782.654	0.0284441
782.789	0.0269792
782.924	0.0278337
783.058	0.0277727
783.193	0.0274065
783.327	0.0278337
783.462	0.0281389
783.596	0.0275285
783.731	0.0272233
783.866	0.0273454
784	0.0280779
784.135	0.0286883
784.269	0.0275896
784.404	0.0282
784.538	0.0280168
784.673	0.0271623
784.808	0.028322
784.942	0.0282
785.077	0.0280779
785.211	0.0280168
785.346	0.0275285
785.48	0.0275285
785.615	0.0274675
785.75	0.0281389
785.884	0.0278337
786.019	0.0275285
786.153	0.0274065
786.288	0.0282
786.422	0.0269792
786.557	0.0281389
786.691	0.0273454
786.826	0.0272844
786.961	0.0284441
787.095	0.0277117
787.23	0.0274065
787.364	0.0277117
787.499	0.028261
787.633	0.0276506
787.768	0.0280779
787.902	0.0277727
788.037	0.0269792
788.172	0.0277117
788.306	0.0286272
788.441	0.0272233
788.575	0.0280779
788.71	0.028261
788.844	0.0277117
788.979	0.0284441
789.113	0.0271013
789.248	0.0272233
789.383	0.0274065
789.517	0.0279558
789.652	0.0277727
789.786	0.0271623
789.921	0.0277117
790.055	0.0280779
790.19	0.0272844
790.324	0.0279558
790.459	0.0277727
790.594	0.0277117
790.728	0.028261
790.863	0.0287493
790.997	0.0278948
791.132	0.0277117
791.266	0.0275285
791.401	0.0278337
791.535	0.0269181
791.67	0.0272844
791.804	0.0272844
791.939	0.0281389
792.074	0.028261
792.208	0.0277727
792.343	0.0280779
792.477	0.028322
792.612	0.0280168
792.746	0.0271013
792.881	0.0274675
793.015	0.0277727
793.15	0.0275285
793.284	0.0272233
793.419	0.0275285
793.553	0.0281389
793.688	0.0271013
793.823	0.0271013
793.957	0.0289324
794.092	0.0271623
794.226	0.0275896
794.361	0.0278948
794.495	0.0286272
794.63	0.0278948
794.764	0.0275896
794.899	0.0278337
795.033	0.0277117
795.168	0.0277117
795.302	0.0278337
795.437	0.0275896
795.572	0.0279558
795.706	0.0275896
795.841	0.0275896
795.975	0.0274675
796.11	0.026674
796.244	0.0277117
796.379	0.0274065
796.513	0.0282
796.648	0.0278337
796.782	0.0275285
796.917	0.0280168
797.051	0.0280779
797.186	0.0278337
797.32	0.0274675
797.455	0.0261246
797.589	0.028261
797.724	0.0274065
797.859	0.0280168
797.993	0.0289935
798.128	0.0282
798.262	0.0285052
798.397	0.0277727
798.531	0.0274065
798.666	0.0288714
798.8	0.0273454
798.935	0.0271013
799.069	0.0279558
799.204	0.0276506
799.338	0.0278948
799.473	0.028322
799.607	0.0288714
799.742	0.0275285
799.876	0.0282
800.011	0.0278948
800.145	0.026735
800.28	0.0279558
800.414	0.0286272
800.549	0.0280779
800.683	0.0277727
800.818	0.028322
800.953	0.0280779
801.087	0.0284441
801.222	0.0275285
801.356	0.0286272
801.491	0.028261
801.625	0.0283831
801.76	0.0281389
801.894	0.0288104
802.029	0.0280168
802.163	0.0278337
802.298	0.0281389
802.432	0.0276506
802.567	0.0288104
802.701	0.0270402
802.836	0.0288104
802.97	0.0278948
803.105	0.0288714
803.239	0.0278948
803.374	0.028261
803.508	0.0286883
803.643	0.0284441
803.777	0.0281389
803.912	0.0282
804.046	0.0278948
804.181	0.0288714
804.315	0.0286272
804.45	0.028322
804.584	0.0288104
804.719	0.0287493
804.853	0.0278337
804.988	0.0289935
805.122	0.0289935
805.257	0.0292376
805.391	0.0283831
805.526	0.0289324
805.66	0.028261
805.795	0.0292376
805.929	0.0285662
806.064	0.0286272
806.198	0.0289324
806.333	0.0289935
806.467	0.0289935
806.602	0.029848
806.736	0.0291155
806.871	0.0294818
807.005	0.0291155
807.14	0.0288104
807.274	0.0294207
807.409	0.0296039
807.543	0.0294818
807.678	0.0303974
807.812	0.0299701
807.947	0.0303974
808.081	0.0291766
808.216	0.0288104
808.35	0.0302142
808.485	0.0296649
808.619	0.0307026
808.754	0.0307636
808.888	0.0305194
809.023	0.031374
809.157	0.0307026
809.292	0.031374
809.426	0.0308857
809.561	0.0328389
809.695	0.0322896
809.83	0.032961
809.964	0.0335714
810.099	0.0341818
810.233	0.0346701
810.368	0.0352194
810.502	0.0361961
810.637	0.0355857
810.771	0.0372948
810.906	0.039187
811.04	0.0379662
811.175	0.0404688
811.309	0.0413233
811.444	0.0432155
811.578	0.0461454
811.713	0.0504181
811.847	0.056522
811.982	0.0733077
812.116	0.11103
812.251	0.189709
812.385	0.302326
812.519	0.422389
812.654	0.634499
812.788	1
812.923	0.964475
813.057	0.999451
813.192	0.845022
813.326	0.995056
813.461	0.992248
813.595	0.990539
813.73	0.993408
813.864	0.983031
813.999	0.987304
814.133	0.973692
814.268	0.977416
814.402	0.953488
814.537	0.96063
814.671	0.703839
814.806	0.450406
814.94	0.312946
815.075	0.311909
815.209	0.629433
815.344	0.870964
815.478	0.516206
815.612	0.118965
815.747	0.0477934
815.881	0.0406519
816.016	0.039248
816.15	0.0373558
816.285	0.0358909
816.419	0.034487
816.554	0.0348532
816.688	0.034487
816.823	0.0322285
816.957	0.0323506
817.092	0.0324727
817.226	0.032961
817.361	0.0329
817.495	0.0314961
817.63	0.0312519
817.764	0.0316181
817.898	0.0314961
818.033	0.0305805
818.167	0.0299091
818.302	0.0301532
818.436	0.0300311
818.571	0.0304584
818.705	0.0301532
818.84	0.0291155
818.974	0.0296039
819.109	0.0300311
819.243	0.0299091
819.378	0.0299091
819.512	0.029848
819.646	0.0288714
819.781	0.0290545
819.915	0.0291766
820.05	0.0285662
820.184	0.0277117
820.319	0.0288104
820.453	0.0289324
820.588	0.0285052
820.722	0.0291155
820.857	0.0286272
820.991	0.0280168
821.126	0.0289324
821.26	0.0292376
821.394	0.0275896
821.529	0.0288714
821.663	0.0284441
821.798	0.0285052
821.932	0.0280168
822.067	0.0278337
822.201	0.0289935
822.336	0.0289324
822.47	0.0292376
822.605	0.0287493
822.739	0.0279558
822.873	0.0278948
823.008	0.0288714
823.142	0.0287493
823.277	0.0280779
823.411	0.0288714
823.546	0.0276506
823.68	0.0280779
823.815	0.0285052
823.949	0.0275896
824.083	0.028322
824.218	0.028261
824.352	0.0278337
824.487	0.028322
824.621	0.0290545
824.756	0.0275896
824.89	0.0290545
825.025	0.0278948
825.159	0.0273454
825.293	0.0279558
825.428	0.0278948
825.562	0.0274065
825.697	0.0272844
825.831	0.0289324
825.966	0.0284441
826.1	0.0271623
826.235	0.0280779
826.369	0.0278337
826.503	0.0282
826.638	0.0277727
826.772	0.0287493
826.907	0.0274065
827.041	0.0285662
827.176	0.0274675
827.31	0.028261
827.445	0.0280168
827.579	0.0277117
827.713	0.0275285
827.848	0.0282
827.982	0.0279558
828.117	0.0292987
828.251	0.0270402
828.386	0.0274675
828.52	0.0276506
828.654	0.0280779
828.789	0.0286883
828.923	0.0274675
829.058	0.028322
829.192	0.0281389
829.327	0.0277117
829.461	0.0277117
829.596	0.0273454
829.73	0.0275896
829.864	0.0268571
829.999	0.0277727
830.133	0.0273454
830.268	0.0279558
830.402	0.0273454
830.537	0.0275285
830.671	0.0275896
830.805	0.0278337
830.94	0.0277117
831.074	0.0277117
831.209	0.0275896
831.343	0.0279558
831.478	0.0280168
831.612	0.0276506
831.746	0.0274065
831.881	0.0273454
832.015	0.0275285
832.15	0.0283831
832.284	0.0274675
832.418	0.0274675
832.553	0.0274675
832.687	0.026613
832.822	0.0288714
832.956	0.026735
833.091	0.0275285
833.225	0.0286883
833.359	0.0273454
833.494	0.0274065
833.628	0.0278948
833.763	0.0277727
833.897	0.0274065
834.032	0.0283831
834.166	0.0280168
834.3	0.0273454
834.435	0.0272844
834.569	0.028322
834.704	0.0271623
834.838	0.0278337
834.972	0.0280168
835.107	0.0277117
835.241	0.0276506
835.376	0.0277117
835.51	0.0271013
835.645	0.0276506
835.779	0.0280168
835.913	0.0273454
836.048	0.0273454
836.182	0.0289935
836.317	0.0278337
836.451	0.0275896
836.585	0.0274675
836.72	0.028322
836.854	0.0275285
836.989	0.0279558
837.123	0.0284441
837.257	0.0265519
837.392	0.0272233
837.526	0.0279558
837.661	0.0275896
837.795	0.0280779
837.929	0.0280168
838.064	0.0276506
838.198	0.0277727
838.333	0.0275285
838.467	0.0277727
838.602	0.0280779
838.736	0.0271623
838.87	0.0289324
839.005	0.0276506
839.139	0.0270402
839.274	0.0274675
839.408	0.0276506
839.542	0.0279558
839.677	0.0277117
839.811	0.0272844
839.946	0.0286272
840.08	0.0278337
840.214	0.0276506
840.349	0.0278337
840.483	0.0270402
840.618	0.0268571
840.752	0.0292987
840.886	0.0275896
841.021	0.0280168
841.155	0.0280779
841.29	0.0272233
841.424	0.0280168
841.558	0.028322
841.693	0.0285052
841.827	0.0272233
841.961	0.0275896
842.096	0.0268571
842.23	0.0275285
842.365	0.0272844
842.499	0.0274675
842.633	0.0285052
842.768	0.0275896
842.902	0.0280779
843.037	0.0282
843.171	0.028261
843.305	0.0272233
843.44	0.0279558
843.574	0.0270402
843.709	0.0277117
843.843	0.0280168
843.977	0.0278948
844.112	0.0275285
844.246	0.0275285
844.381	0.0285052
844.515	0.0284441
844.649	0.0275896
844.784	0.0278948
844.918	0.0277117
845.052	0.0273454
845.187	0.0273454
845.321	0.0281389
845.456	0.0265519
845.59	0.0277727
845.724	0.0275285
845.859	0.0277727
845.993	0.0275285
846.128	0.0278337
846.262	0.0285662
846.396	0.0277727
846.531	0.0281389
846.665	0.0275896
846.799	0.0280779
846.934	0.0277117
847.068	0.0274065
847.203	0.0278948
847.337	0.0274065
847.471	0.0282
847.606	0.0275285
847.74	0.0275285
847.874	0.0264909
848.009	0.0274065
848.143	0.0277727
848.278	0.0274675
848.412	0.0274675
848.546	0.0274675
848.681	0.0282
848.815	0.0281389
848.949	0.0270402
849.084	0.0275285
849.218	0.0280168
849.353	0.0270402
849.487	0.0274065
849.621	0.0290545
849.756	0.0277727
849.89	0.0275285
850.024	0.0275285
850.159	0.0279558
850.293	0.0274065
850.428	0.0275896
850.562	0.0280168
850.696	0.0286883
850.831	0.0274065
850.965	0.0278948
851.099	0.0276506
851.234	0.0280779
851.368	0.0277117
851.502	0.0277117
851.637	0.0274675
851.771	0.0272233
851.906	0.0284441
852.04	0.0278948
852.174	0.0275896
852.309	0.0277117
852.443	0.0271013
852.577	0.0284441
852.712	0.0277727
852.846	0.0280168
852.98	0.0280779
853.115	0.0283831
853.249	0.0271013
853.384	0.0276506
853.518	0.0276506
853.652	0.0281389
853.787	0.0272233
853.921	0.0280168
854.055	0.0272233
854.19	0.0275896
854.324	0.0278948
854.458	0.0274675
854.593	0.0275896
854.727	0.0280779
854.861	0.0272233
854.996	0.0273454
855.13	0.0279558
855.265	0.0270402
855.399	0.0272844
855.533	0.0275285
855.668	0.0268571
855.802	0.0281389
855.936	0.0270402
856.071	0.0275285
856.205	0.0278337
856.339	0.0276506
856.474	0.0276506
856.608	0.0284441
856.742	0.0282
856.877	0.0274065
857.011	0.0273454
857.145	0.0275896
857.28	0.028261
857.414	0.0280779
857.549	0.0273454
857.683	0.0286272
857.817	0.0275285
857.952	0.0274675
858.086	0.0272233
858.22	0.0282
858.355	0.0271623
858.489	0.0272233
858.623	0.0280779
858.758	0.0269181
858.892	0.0271013
859.026	0.0284441
859.161	0.0271623
859.295	0.0275896
859.429	0.0280168
859.564	0.0285052
859.698	0.0278948
859.832	0.0278337
859.967	0.0272844
860.101	0.0275896
860.235	0.0278948
860.37	0.0284441
860.504	0.0274065
860.638	0.0277117
860.773	0.0277117
860.907	0.0272844
861.041	0.0278337
861.176	0.0281389
861.31	0.0272233
861.444	0.0272233
861.579	0.0278337
861.713	0.0279558
861.847	0.0276506
861.982	0.0282
862.116	0.0277117
862.25	0.0275285
862.385	0.0275285
862.519	0.0274675
862.653	0.0276506
862.788	0.0281389
862.922	0.0268571
863.056	0.0280779
863.191	0.0264909
863.325	0.0274065
863.459	0.0275896
863.594	0.0275896
863.728	0.0275285
863.862	0.0275896
863.997	0.0274065
864.131	0.0281389
864.265	0.0272233
864.4	0.028261
864.534	0.0277727
864.668	0.0283831
864.803	0.0271623
864.937	0.0278337
865.071	0.0281389
865.206	0.0285662
865.34	0.0285662
865.474	0.0274065
865.609	0.0267961
865.743	0.0278337
865.877	0.0278337
866.012	0.0274065
866.146	0.0268571
866.28	0.028322
866.415	0.0277117
866.549	0.0272233
866.683	0.0271013
866.818	0.0280168
866.952	0.0272233
867.086	0.0275285
867.221	0.0278337
867.355	0.0278337
867.489	0.0280168
867.623	0.0278948
867.758	0.0284441
867.892	0.0274675
868.026	0.0284441
868.161	0.028261
868.295	0.0272233
868.429	0.0278337
868.564	0.0278948
868.698	0.0276506
868.832	0.0277117
868.967	0.0277727
869.101	0.0283831
869.235	0.0270402
869.37	0.0281389
869.504	0.0274675
869.638	0.026674
869.773	0.0275285
869.907	0.0275285
870.041	0.0281389
870.175	0.0269181
870.31	0.0272233
870.444	0.0282
870.578	0.0280168
870.713	0.028261
870.847	0.0272233
870.981	0.0274675
871.116	0.0279558
871.25	0.0277117
871.384	0.0278337
871.519	0.0282
871.653	0.0277727
871.787	0.0273454
871.921	0.0277727
872.056	0.0277727
872.19	0.0280168
872.324	0.0268571
872.459	0.0272844
872.593	0.0280779
872.727	0.0280779
872.862	0.0272844
872.996	0.0285052
873.13	0.0272844
873.264	0.0277727
873.399	0.0280168
873.533	0.0270402
873.667	0.0271623
873.802	0.0278337
873.936	0.0275896
874.07	0.0278337
874.205	0.0275285
874.339	0.0275896
874.473	0.0279558
874.607	0.0278948
874.742	0.0275285
874.876	0.0272233
875.01	0.0277117
875.145	0.0271013
875.279	0.0275896
875.413	0.0275285
875.548	0.0282
875.682	0.0277727
875.816	0.0280779
875.95	0.0278337
876.085	0.0286272
876.219	0.0276506
876.353	0.0271623
876.488	0.0273454
876.622	0.0277117
876.756	0.0280168
876.89	0.0276506
877.025	0.0271013
877.159	0.0277117
877.293	0.0279558
877.428	0.0272233
877.562	0.0269181
877.696	0.0277117
877.83	0.0274675
877.965	0.0273454
878.099	0.0273454
878.233	0.028261
878.368	0.0272233
878.502	0.0278948
878.636	0.0289324
878.77	0.0272844
878.905	0.028322
879.039	0.0277117
879.173	0.0275285
879.308	0.0284441
879.442	0.0277117
879.576	0.0267961
879.71	0.0274675
879.845	0.0278948
879.979	0.0268571
880.113	0.0278948
880.248	0.0276506
880.382	0.0279558
880.516	0.0277117
880.65	0.0272844
880.785	0.0276506
880.919	0.0280168
881.053	0.0271013
881.188	0.0275285
881.322	0.0277117
881.456	0.028322
881.59	0.0277117
881.725	0.0277727
881.859	0.0280168
881.993	0.0275896
882.127	0.0278337
882.262	0.0278948
882.396	0.0274675
882.53	0.0284441
882.665	0.0277727
882.799	0.0269181
882.933	0.0274065
883.067	0.0277727
883.202	0.0277117
883.336	0.0278337
883.47	0.0280168
883.604	0.0274675
883.739	0.0275896
883.873	0.0269181
884.007	0.0277117
884.142	0.0278948
884.276	0.0285662
884.41	0.0278337
884.544	0.0282
884.679	0.0280779
884.813	0.0270402
884.947	0.0280779
885.081	0.0274065
885.216	0.0282
885.35	0.0273454
885.484	0.0271013
885.618	0.0278337
885.753	0.0278337
885.887	0.0274675
886.021	0.0271013
886.155	0.0277727
886.29	0.0286883
886.424	0.0275896
886.558	0.0278948
886.693	0.0277727
886.827	0.0276506
886.961	0.0275896
887.095	0.0275896
887.23	0.0268571
887.364	0.0272844
887.498	0.028322
887.632	0.0275285
887.767	0.0277117
887.901	0.028322
888.035	0.0273454
888.169	0.0275285
888.304	0.0275285
888.438	0.0277727
888.572	0.0269792
888.706	0.0279558
888.841	0.026735
888.975	0.0290545
889.109	0.0274675
889.243	0.0277117
889.378	0.0271013
889.512	0.0279558
889.646	0.0275896
889.78	0.0276506
889.915	0.0274065
890.049	0.0270402
890.183	0.0273454
890.317	0.0277727
890.452	0.0261246
890.586	0.0274065
890.72	0.0274675
890.854	0.0263688
890.989	0.0282
891.123	0.0279558
891.257	0.0278948
891.391	0.0277727
891.526	0.0269792
891.66	0.0271623
891.794	0.0281389
891.928	0.0274675
892.063	0.0277727
892.197	0.0274065
892.331	0.0276506
892.465	0.0283831
892.6	0.0270402
892.734	0.0276506
892.868	0.0282
893.002	0.0275285
893.137	0.0273454
893.271	0.0278948
893.405	0.0264298
893.539	0.0274675
893.674	0.0272233
893.808	0.0279558
893.942	0.0279558
894.076	0.0269792
894.21	0.0275896
894.345	0.0282
894.479	0.0282
894.613	0.0278948
894.747	0.0275285
894.882	0.0268571
895.016	0.0263078
895.15	0.0275285
895.284	0.0270402
895.419	0.0271623
895.553	0.0274675
895.687	0.0282
895.821	0.0277117
895.956	0.0275896
896.09	0.0274065
896.224	0.028261
896.358	0.0287493
896.492	0.0278337
896.627	0.0279558
896.761	0.0277727
896.895	0.0283831
897.029	0.0279558
897.164	0.0286883
897.298	0.0279558
897.432	0.0277117
897.566	0.0278948
897.701	0.0275285
897.835	0.0281389
897.969	0.0275896
898.103	0.0276506
898.237	0.0273454
898.372	0.0277117
898.506	0.0274065
898.64	0.0273454
898.774	0.0277117
898.909	0.0280168
899.043	0.0277727
899.177	0.0278337
899.311	0.0277117
899.445	0.0273454
899.58	0.0275285
899.714	0.0275896
899.848	0.0268571
899.982	0.0286883
900.117	0.0281389
900.251	0.0279558
900.385	0.0277727
900.519	0.0275896
900.653	0.026674
900.788	0.0276506
900.922	0.0263688
901.056	0.0279558
901.19	0.0284441
901.325	0.0284441
901.459	0.0277117
901.593	0.0274065
901.727	0.0274065
901.861	0.0277117
901.996	0.0275896
902.13	0.0278948
902.264	0.0274675
902.398	0.0277727
902.532	0.0281389
902.667	0.0270402
902.801	0.0276506
902.935	0.0282
903.069	0.0280168
903.204	0.0268571
903.338	0.0271013
903.472	0.0284441
903.606	0.0285052
903.74	0.0276506
903.875	0.0275285
904.009	0.0277727
904.143	0.0272233
904.277	0.0272844
904.411	0.0292376
904.546	0.0272844
904.68	0.0280168
904.814	0.0276506
904.948	0.0272233
905.082	0.0278337
905.217	0.0276506
905.351	0.0273454
905.485	0.0276506
905.619	0.0278948
905.753	0.0280168
905.888	0.0271623
906.022	0.0278337
906.156	0.0278337
906.29	0.0279558
906.424	0.0277117
906.559	0.0277117
906.693	0.0273454
906.827	0.0274675
906.961	0.0278337
907.095	0.0275285
907.23	0.0281389
907.364	0.0274675
907.498	0.0272233
907.632	0.0276506
907.766	0.0271623
907.901	0.0272844
908.035	0.028261
908.169	0.0274065
908.303	0.0272233
908.437	0.0280779
908.572	0.0271623
908.706	0.0282
908.84	0.0277727
908.974	0.0269792
909.108	0.028322
909.243	0.0282
909.377	0.0280168
909.511	0.0283831
909.645	0.0277727
909.779	0.0274675
909.914	0.0280168
910.048	0.0279558
910.182	0.0274065
910.316	0.028261
910.45	0.0275285
910.585	0.0277117
910.719	0.0269181
910.853	0.0269792
910.987	0.0262467
911.121	0.0276506
911.255	0.0281389
911.39	0.0274065
911.524	0.026613
911.658	0.0276506
911.792	0.0275896
911.926	0.0277727
912.061	0.0272844
912.195	0.0274675
912.329	0.0283831
912.463	0.0278337
912.597	0.0277727
912.732	0.0280168
912.866	0.0275285
913	0.0268571
913.134	0.0275285
913.268	0.0275285
913.402	0.0272233
913.537	0.0272844
913.671	0.0279558
913.805	0.0282
913.939	0.0274675
914.073	0.0271013
914.208	0.0276506
914.342	0.0277117
914.476	0.0274065
914.61	0.0283831
914.744	0.0277727
914.878	0.028322
915.013	0.0281389
915.147	0.0275285
915.281	0.0281389
915.415	0.0280168
915.549	0.0275896
915.683	0.0275285
915.818	0.0280779
915.952	0.0276506
916.086	0.0279558
916.22	0.0282
916.354	0.0271623
916.488	0.0278948
916.623	0.0271623
916.757	0.0273454
916.891	0.0277117
917.025	0.0275285
917.159	0.0275896
917.293	0.0277727
917.428	0.0279558
917.562	0.0275285
917.696	0.0271013
917.83	0.0272233
917.964	0.0272844
918.098	0.0277117
918.233	0.0278948
918.367	0.0275896
918.501	0.0280168
918.635	0.0271623
918.769	0.0275285
918.903	0.0278337
919.038	0.0280168
919.172	0.0273454
919.306	0.0275285
919.44	0.0272844
919.574	0.0276506
919.708	0.0276506
919.843	0.0270402
919.977	0.0276506
920.111	0.0274065
920.245	0.0280779
920.379	0.0269792
920.513	0.0280779
920.648	0.0283831
920.782	0.0275285
920.916	0.0275896
921.05	0.0279558
921.184	0.0285052
921.318	0.0278337
921.453	0.026674
921.587	0.0278337
921.721	0.0275896
921.855	0.0267961
921.989	0.0276506
922.123	0.0279558
922.257	0.0272233
922.392	0.0276506
922.526	0.028322
922.66	0.0280779
922.794	0.0277727
922.928	0.0280168
923.062	0.026735
923.197	0.0273454
923.331	0.0278337
923.465	0.0270402
923.599	0.0277117
923.733	0.0275896
923.867	0.0284441
924.001	0.0274675
924.136	0.0268571
924.27	0.0278948
924.404	0.0279558
924.538	0.0268571
924.672	0.0277117
924.806	0.0278948
924.94	0.0279558
925.075	0.0277117
925.209	0.0278948
925.343	0.0278337
925.477	0.0279558
925.611	0.0275896
925.745	0.0272233
925.879	0.0280168
926.014	0.0280168
926.148	0.0282
926.282	0.028322
926.416	0.0280168
926.55	0.0272233
926.684	0.0274065
926.818	0.0281389
926.953	0.0269181
927.087	0.0272233
927.221	0.0277117
927.355	0.0272844
927.489	0.0276506
927.623	0.0275285
927.757	0.0279558
927.892	0.0274675
928.026	0.0269181
928.16	0.0275896
928.294	0.0273454
928.428	0.0277117
928.562	0.028261
928.696	0.0277117
928.831	0.0289324
928.965	0.0274675
929.099	0.0277117
929.233	0.0271013
929.367	0.0271623
929.501	0.0274065
929.635	0.0285052
929.769	0.026674
929.904	0.0286272
930.038	0.0279558
930.172	0.0284441
930.306	0.0275285
930.44	0.0276506
930.574	0.026735
930.708	0.0278337
930.843	0.0272844
930.977	0.0277727
931.111	0.0276506
931.245	0.0275285
931.379	0.026674
931.513	0.0274065
931.647	0.0274675
931.781	0.0272844
931.916	0.0269181
932.05	0.0280168
932.184	0.0274675
932.318	0.026674
932.452	0.0278337
932.586	0.028322
932.72	0.0285052
932.854	0.0275285
932.989	0.0278337
933.123	0.0274675
933.257	0.0277117
933.391	0.0281389
933.525	0.0280168
933.659	0.0279558
933.793	0.0278337
933.927	0.0278948
934.061	0.0269792
934.196	0.0280779
934.33	0.0281389
934.464	0.0279558
934.598	0.0276506
934.732	0.0278337
934.866	0.028261
935	0.0274065
935.134	0.0276506
935.269	0.0274065
935.403	0.0272844
935.537	0.0281389
935.671	0.0275896
935.805	0.0272233
935.939	0.0272844
936.073	0.0278948
936.207	0.0271623
936.341	0.0278337
936.476	0.0281389
936.61	0.0277727
936.744	0.0274065
936.878	0.0277727
937.012	0.0275285
937.146	0.0275896
937.28	0.026735
937.414	0.0271013
937.548	0.0280779
937.683	0.0278337
937.817	0.0272844
937.951	0.0277727
938.085	0.0271013
938.219	0.0278948
938.353	0.0268571
938.487	0.0275285
938.621	0.0276506
938.755	0.0282
938.889	0.0270402
939.024	0.0274065
939.158	0.0273454
939.292	0.0278337
939.426	0.0274065
939.56	0.0280168
939.694	0.0282
939.828	0.0275285
939.962	0.0272844
940.096	0.0280779
940.231	0.0279558
940.365	0.0282
940.499	0.0278948
940.633	0.0274675
940.767	0.0280168
940.901	0.0275285
941.035	0.0277117
941.169	0.0270402
941.303	0.0271013
941.437	0.0280779
941.571	0.0267961
941.706	0.0273454
941.84	0.0280779
941.974	0.0278948
942.108	0.0274065
942.242	0.0277117
942.376	0.0279558
942.51	0.0277727
942.644	0.0274675
942.778	0.0280168
942.912	0.0271623
943.047	0.0278337
943.181	0.0275896
943.315	0.0273454
943.449	0.026735
943.583	0.0277117
943.717	0.0285052
943.851	0.0263078
943.985	0.0288714
944.119	0.0272233
944.253	0.0278948
944.387	0.0275285
944.522	0.0264298
944.656	0.0277117
944.79	0.0277117
944.924	0.0277117
945.058	0.0274675
945.192	0.0273454
945.326	0.0278948
945.46	0.0280779
945.594	0.0277117
945.728	0.0274065
945.862	0.0272844
945.996	0.0278948
946.131	0.0278948
946.265	0.0271013
946.399	0.0277727
946.533	0.026735
946.667	0.0277727
946.801	0.0278337
946.935	0.0277117
947.069	0.0282
947.203	0.0277117
947.337	0.0269181
947.471	0.0282
947.605	0.0278948
947.739	0.0277117
947.874	0.0280168
948.008	0.0271623
948.142	0.0282
948.276	0.0270402
948.41	0.0275285
948.544	0.028261
948.678	0.0274675
948.812	0.0273454
948.946	0.0277117
949.08	0.0275896
949.214	0.0281389
949.348	0.0273454
949.482	0.0276506
949.617	0.0288714
949.751	0.0277117
949.885	0.0278948
950.019	0.0273454
950.153	0.0280168
950.287	0.028261
950.421	0.0271013
950.555	0.0273454
950.689	0.0277727
950.823	0.0279558
950.957	0.0274065
951.091	0.0283831
951.225	0.0274065
951.359	0.0284441
951.493	0.0274675
951.628	0.0285052
951.762	0.028261
951.896	0.0282
952.03	0.0274675
952.164	0.0274065
952.298	0.0271623
952.432	0.0269792
952.566	0.0276506
952.7	0.0277727
952.834	0.0273454
952.968	0.028322
953.102	0.0269792
953.236	0.0282
953.37	0.0269792
953.504	0.0278948
953.639	0.0278337
953.773	0.0274675
953.907	0.0276506
954.041	0.0278337
954.175	0.0274065
954.309	0.0280168
954.443	0.0277727
954.577	0.0263078
954.711	0.0272233
954.845	0.0279558
954.979	0.0274675
955.113	0.0285662
955.247	0.0271013
955.381	0.0274675
955.515	0.028261
955.649	0.0272233
955.783	0.0280779
955.917	0.0279558
956.052	0.0278948
956.186	0.0285662
956.32	0.026735
956.454	0.0274675
956.588	0.0285052
956.722	0.028322
956.856	0.0277117
956.99	0.0271013
957.124	0.0272844
957.258	0.028322
957.392	0.0275285
957.526	0.0275285
957.66	0.0275896
957.794	0.0272233
957.928	0.0267961
958.062	0.0276506
958.196	0.0271013
958.33	0.0277117
958.464	0.0274675
958.598	0.028322
958.733	0.028261
958.867	0.0269792
959.001	0.0269181
959.135	0.0274065
959.269	0.0275896
959.403	0.0275285
959.537	0.0275896
959.671	0.0277117
959.805	0.0281389
959.939	0.028322
960.073	0.0271623
960.207	0.0269181
960.341	0.0277117
960.475	0.0288104
960.609	0.0283831
960.743	0.0277117
960.877	0.0286272
961.011	0.0276506
961.145	0.0278948
961.279	0.0285052
961.413	0.0277727
961.547	0.0271623
961.681	0.0277117
961.815	0.0277727
961.949	0.0270402
962.083	0.0276506
962.218	0.0278948
962.352	0.0272233
962.486	0.0267961
962.62	0.0281389
962.754	0.0275896
962.888	0.0284441
963.022	0.0278948
963.156	0.0277117
963.29	0.0277117
963.424	0.0278337
963.558	0.0281389
963.692	0.0278948
963.826	0.0276506
963.96	0.0275896
964.094	0.0272233
964.228	0.0272233
964.362	0.0272844
964.496	0.0278948
964.63	0.0274065
964.764	0.0269792
964.898	0.0282
965.032	0.0273454
965.166	0.0281389
965.3	0.0278337
965.434	0.026735
965.568	0.0270402
965.702	0.0271623
965.836	0.0282
965.97	0.0281389
966.104	0.0272233
966.238	0.0276506
966.372	0.0272844
966.506	0.0279558
966.64	0.0272844
966.774	0.0281389
966.908	0.0277117
967.043	0.0279558
967.177	0.0278337
967.311	0.0275896
967.445	0.0274065
967.579	0.0281389
967.713	0.0274065
967.847	0.0284441
967.981	0.0277117
968.115	0.0287493
968.249	0.0275896
968.383	0.0280168
968.517	0.028261
968.651	0.0281389
968.785	0.0275896
968.919	0.0272233
969.053	0.0284441
969.187	0.0273454
969.321	0.0274675
969.455	0.0277117
969.589	0.0269792
969.723	0.0278948
969.857	0.0277727
969.991	0.0279558
970.125	0.0282
970.259	0.0275285
970.393	0.0286272
970.527	0.0275285
970.661	0.0281389
970.795	0.0276506
970.929	0.0277117
971.063	0.0273454
971.197	0.0275896
971.331	0.0278948
971.465	0.0278337
971.599	0.0271623
971.733	0.0278337
971.867	0.0276506
972.001	0.0272844
972.135	0.0271623
972.269	0.0278948
972.403	0.0286883
972.537	0.0278948
972.671	0.0278948
972.805	0.0277117
972.939	0.0269181
973.073	0.0280168
973.207	0.0278948
973.341	0.0279558
973.475	0.0275285
973.609	0.0279558
973.743	0.026674
973.877	0.028322
974.011	0.0275285
974.145	0.028261
974.279	0.0273454
974.413	0.0274065
974.547	0.0271623
974.681	0.0277727
974.815	0.0272233
974.949	0.0278948
975.083	0.0277117
975.217	0.0271623
975.351	0.0276506
975.485	0.0287493
975.619	0.0275285
975.753	0.0272233
975.887	0.0276506
976.021	0.0277117
976.155	0.0272233
976.289	0.0288104
976.423	0.0285662
976.557	0.0284441
976.691	0.0273454
976.825	0.0280168
976.959	0.0274675
977.093	0.0276506
977.227	0.0272844
977.361	0.0278948
977.495	0.028322
977.629	0.0277727
977.763	0.0271623
977.897	0.0282
978.031	0.0276506
978.165	0.0271623
978.299	0.0265519
978.433	0.0279558
978.567	0.0272844
978.701	0.0278337
978.835	0.0274675
978.969	0.0280779
979.103	0.0271623
979.237	0.0272233
979.371	0.0267961
979.505	0.0272844
979.639	0.0275285
979.773	0.0269792
979.907	0.028322
980.041	0.0270402
980.175	0.0280168
980.308	0.028261
980.442	0.0272233
980.576	0.0286272
980.71	0.0269792
980.844	0.0274675
980.978	0.0275896
981.112	0.0279558
981.246	0.0276506
981.38	0.0284441
981.514	0.028322
981.648	0.0277117
981.782	0.0278337
981.916	0.0280168
982.05	0.0272844
982.184	0.028261
982.318	0.0270402
982.452	0.0284441
982.586	0.0278948
982.72	0.0278337
982.854	0.0274065
982.988	0.0289935
983.122	0.0277727
983.256	0.0275896
983.39	0.0279558
983.524	0.0267961
983.658	0.0278337
983.792	0.0272844
983.926	0.0276506
984.06	0.0279558
984.194	0.026613
984.328	0.0277117
984.462	0.0275896
984.596	0.0273454
984.73	0.0263078
984.864	0.0280168
984.998	0.0276506
985.132	0.0272844
985.265	0.0283831
985.399	0.0282
985.533	0.0263078
985.667	0.0274065
985.801	0.026735
985.935	0.0285662
986.069	0.0277117
986.203	0.0278948
986.337	0.0268571
986.471	0.0271623
986.605	0.0271623
986.739	0.0277117
986.873	0.0280779
987.007	0.0282
987.141	0.0275285
987.275	0.0271013
987.409	0.0278948
987.543	0.0273454
987.677	0.0271013
987.811	0.0267961
987.945	0.0273454
988.079	0.0278337
988.213	0.0280779
988.347	0.0281389
988.481	0.0270402
988.614	0.0269181
988.748	0.0286272
988.882	0.026674
989.016	0.0272233
989.15	0.0289324
989.284	0.0280168
989.418	0.0286272
989.552	0.0282
989.686	0.0291766
989.82	0.0275896
989.954	0.0273454
990.088	0.0278337
990.222	0.0269792
990.356	0.0277117
990.49	0.0277727
990.624	0.0274065
990.758	0.0283831
990.892	0.0277117
991.026	0.0281389
991.16	0.0271623
991.294	0.0280779
991.427	0.0282
991.561	0.0271623
991.695	0.0274065
991.829	0.0277727
991.963	0.0278948
992.097	0.0277727
992.231	0.0269181
992.365	0.0280779
992.499	0.0275896
992.633	0.0272233
992.767	0.0277117
992.901	0.0272233
993.035	0.0280168
993.169	0.0269181
993.303	0.0284441
993.437	0.0283831
993.571	0.0270402
993.704	0.0272233
993.838	0.0282
993.972	0.0271623
994.106	0.0264909
994.24	0.0281389
994.374	0.0269181
994.508	0.0277727
994.642	0.0278337
994.776	0.0271623
994.91	0.0280779
995.044	0.0290545
995.178	0.0278948
995.312	0.0277117
995.446	0.0272233
995.58	0.0277727
995.714	0.0271623
995.847	0.0284441
995.981	0.0269181
996.115	0.0271623
996.249	0.0286272
996.383	0.0273454
996.517	0.0278948
996.651	0.0280779
996.785	0.0279558
996.919	0.0269181
997.053	0.0280779
997.187	0.0278337
997.321	0.0267961
997.455	0.0274675
997.589	0.0268571
997.722	0.0279558
997.856	0.0280168
997.99	0.0273454
998.124	0.0274675
998.258	0.0280779
998.392	0.0271623
998.526	0.0280779
998.66	0.0275896
998.794	0.0279558
998.928	0.028261
999.062	0.0277117
999.196	0.0276506
999.33	0.0272844
999.464	0.0274675
999.597	0.0283831
999.731	0.0269181
999.865	0.0274675
999.999	0.0275285
1000.13	0.0275896
1000.27	0.0276506
1000.4	0.0286883
1000.53	0.0273454
1000.67	0.0275285
1000.8	0.0272233
1000.94	0.0285662
1001.07	0.0274675
1001.2	0.0267961
1001.34	0.0276506
1001.47	0.0278948
1001.61	0.0278948
1001.74	0.0274675
1001.87	0.0280168
1002.01	0.0272844
1002.14	0.026613
1002.28	0.0277727
1002.41	0.0273454
1002.54	0.0277727
1002.68	0.0280779
1002.81	0.0277727
1002.95	0.0275896
1003.08	0.0281389
1003.21	0.0280168
1003.35	0.0275285
1003.48	0.0274675
1003.61	0.026613
1003.75	0.0271623
1003.88	0.0279558
1004.02	0.0277117
1004.15	0.0277117
1004.28	0.0285662
1004.42	0.0272844
1004.55	0.0272233
1004.69	0.0276506
1004.82	0.0264909
1004.95	0.0277117
1005.09	0.0276506
1005.22	0.0271013
1005.36	0.0281389
1005.49	0.0275896
1005.62	0.0270402
1005.76	0.0278337
1005.89	0.0280168
1006.03	0.0281389
1006.16	0.0280168
1006.29	0.0273454
1006.43	0.0277117
1006.56	0.0279558
1006.69	0.028261
1006.83	0.0282
1006.96	0.028322
1007.1	0.0276506
1007.23	0.0279558
1007.36	0.0274675
1007.5	0.0276506
1007.63	0.0280168
1007.77	0.0271623
1007.9	0.0287493
1008.03	0.0276506
1008.17	0.0274065
1008.3	0.0280779
1008.44	0.0275896
1008.57	0.0265519
1008.7	0.0271013
1008.84	0.0288104
1008.97	0.0278337
1009.1	0.0273454
1009.24	0.0267961
1009.37	0.0274675
1009.51	0.0274065
1009.64	0.026674
1009.77	0.0281389
1009.91	0.0280779
1010.04	0.0277117
1010.18	0.0278948
1010.31	0.0274675
1010.44	0.028322
1010.58	0.026613
1010.71	0.0273454
1010.85	0.0274065
1010.98	0.0272233
1011.11	0.028261
1011.25	0.0280779
1011.38	0.028322
1011.51	0.0274675
1011.65	0.0272844
1011.78	0.0275896
1011.92	0.0276506
1012.05	0.0269181
1012.18	0.0275896
1012.32	0.0272844
1012.45	0.0288104
1012.59	0.0278948
1012.72	0.0270402
1012.85	0.0273454
1012.99	0.0267961
1013.12	0.0278948
1013.26	0.0280168
1013.39	0.0274675
1013.52	0.0280779
1013.66	0.0278948
1013.79	0.0272844
1013.92	0.0272844
1014.06	0.0285052
1014.19	0.0278948
1014.33	0.0285052
1014.46	0.0275896
1014.59	0.0275896
1014.73	0.0281389
1014.86	0.0285662
1015	0.0280779
1015.13	0.0278337
1015.26	0.0274675
1015.4	0.0279558
1015.53	0.0286272
1015.67	0.0285052
1015.8	0.0278337
1015.93	0.026613
1016.07	0.0278337
1016.2	0.0273454
1016.33	0.0278337
1016.47	0.0284441
1016.6	0.0286883
1016.74	0.0265519
1016.87	0.0274065
1017	0.0271623
1017.14	0.0288104
1017.27	0.0275285
1017.41	0.0277117
1017.54	0.0274675
1017.67	0.0280168
1017.81	0.0272233
1017.94	0.0280168
1018.07	0.0289324
1018.21	0.0285052
1018.34	0.0283831
1018.48	0.0278948
1018.61	0.0269181
1018.74	0.026674
1018.88	0.0272233
1019.01	0.0271623
1019.15	0.0267961
1019.28	0.0274675
1019.41	0.0278948
1019.55	0.0270402
1019.68	0.028322
1019.82	0.0277117
1019.95	0.0281389
1020.08	0.0280168
1020.22	0.028261
1020.35	0.0283831
1020.48	0.0281389
1020.62	0.0274065
1020.75	0.0279558
1020.89	0.0275285
1021.02	0.0275896
1021.15	0.0277117
1021.29	0.0278948
1021.42	0.0275896
1021.56	0.0274675
1021.69	0.0268571
1021.82	0.0274065
1021.96	0.026735
1022.09	0.0277727
1022.22	0.0279558
1022.36	0.0275285
1022.49	0.0272844
1022.63	0.0278337
1022.76	0.0277117
1022.89	0.0285662
1023.03	0.0280168
1023.16	0.0278337
1023.3	0.0275896
1023.43	0.026613
1023.56	0.0274065
1023.7	0.0282
1023.83	0.028322
1023.96	0.0283831
1024.1	0.0280779
1024.23	0.0275285
1024.37	0.0271623
1024.5	0.0280168
1024.63	0.0277727
1024.77	0.0274065
1024.9	0.0272233
1025.04	0.0276506
1025.17	0.0279558
1025.3	0.0280168
1025.44	0.0277117
1025.57	0.0269181
1025.7	0.0269792
1025.84	0.0272233
1025.97	0.0277117
1026.11	0.0280779
1026.24	0.0274675
1026.37	0.0277117
1026.51	0.028261
1026.64	0.0275285
1026.78	0.0281389
1026.91	0.0275896
1027.04	0.0275285
1027.18	0.0281389
1027.31	0.0269792
1027.44	0.0275285
1027.58	0.0267961
1027.71	0.0279558
1027.85	0.0277117
1027.98	0.0274065
1028.11	0.0275896
1028.25	0.0275896
1028.38	0.0275285
1028.52	0.0278948
1028.65	0.0272233
1028.78	0.0273454
1028.92	0.0269181
1029.05	0.0274675
1029.18	0.0277727
1029.32	0.0274675
1029.45	0.0285052
1029.59	0.0278948
1029.72	0.0274675
1029.85	0.0277727
1029.99	0.0275285
1030.12	0.0272844
1030.26	0.0267961
1030.39	0.0283831
1030.52	0.0281389
1030.66	0.0274675
1030.79	0.0270402
1030.92	0.0271013
1031.06	0.0280168
1031.19	0.0275896
1031.33	0.0278948
1031.46	0.0276506
1031.59	0.0271013
1031.73	0.0282
1031.86	0.0282
1031.99	0.0279558
1032.13	0.0278948
1032.26	0.0274065
1032.4	0.0274675
1032.53	0.0275896
1032.66	0.0277727
1032.8	0.0272233
1032.93	0.028322
1033.07	0.0275285
1033.2	0.0267961
1033.33	0.0286272
1033.47	0.0276506
1033.6	0.0285662
1033.73	0.0272233
1033.87	0.0272233
1034	0.0278337
1034.14	0.0283831
1034.27	0.0285662
1034.4	0.0278337
1034.54	0.0271623
1034.67	0.028261
1034.81	0.0280168
1034.94	0.028322
1035.07	0.0283831
1035.21	0.0274675
1035.34	0.0279558
1035.47	0.0269181
1035.61	0.0269792
1035.74	0.028322
1035.88	0.0279558
1036.01	0.0273454
1036.14	0.0275285
1036.28	0.0277117
1036.41	0.0280168
1036.54	0.0280168
1036.68	0.0278948
1036.81	0.0275285
1036.95	0.0279558
1037.08	0.0278337
1037.21	0.0278337
1037.35	0.0276506
1037.48	0.0270402
1037.62	0.0278337
1037.75	0.0277117
1037.88	0.0271623
1038.02	0.0277117
1038.15	0.0277727
1038.28	0.0280779
1038.42	0.0279558
1038.55	0.0278948
1038.69	0.0273454
1038.82	0.0281389
1038.95	0.0278337
1039.09	0.0277117
1039.22	0.0274675
1039.35	0.0275896
1039.49	0.0276506
1039.62	0.0279558
1039.76	0.0283831
1039.89	0.0277727
1040.02	0.0273454
1040.16	0.0274065
1040.29	0.0274065
1040.43	0.028261
1040.56	0.0279558
1040.69	0.0281389
1040.83	0.0277727
1040.96	0.0276506
1041.09	0.0278337
1041.23	0.0270402
1041.36	0.0280779
1041.5	0.0277117
1041.63	0.0283831
1041.76	0.0279558
1041.9	0.0274065
1042.03	0.0274065
1042.16	0.0277727
1042.3	0.0272844
1042.43	0.0277727
1042.57	0.0276506
1042.7	0.0280779
1042.83	0.0276506
1042.97	0.0284441
1043.1	0.0275896
1043.23	0.0282
1043.37	0.0280779
1043.5	0.0268571
1043.64	0.0270402
1043.77	0.0279558
1043.9	0.0277117
1044.04	0.0283831
1044.17	0.0280168
1044.31	0.0267961
1044.44	0.0272844
1044.57	0.0286272
1044.71	0.0277117
1044.84	0.0277117
1044.97	0.0269792
1045.11	0.0274065
1045.24	0.0274065
1045.38	0.0276506
1045.51	0.0277117
1045.64	0.0278948
1045.78	0.0272844
1045.91	0.0280779
1046.04	0.026674
1046.18	0.0276506
1046.31	0.0270402
1046.45	0.0285662
1046.58	0.0276506
1046.71	0.0274675
1046.85	0.0277117
1046.98	0.0273454
1047.11	0.0275896
1047.25	0.0279558
1047.38	0.0276506
1047.52	0.0271623
1047.65	0.0279558
1047.78	0.0279558
1047.92	0.0272233
1048.05	0.0279558
1048.18	0.0280779
1048.32	0.0278948
1048.45	0.028322
1048.59	0.0274065
1048.72	0.0280168
1048.85	0.028322
1048.99	0.0270402
1049.12	0.0281389
1049.25	0.0277117
1049.39	0.0280779
1049.52	0.0277727
1049.66	0.0277727
1049.79	0.0272233
1049.92	0.0275896
1050.06	0.0270402
1050.19	0.028261
1050.33	0.0280168
1050.46	0.0272844
1050.59	0.0277117
1050.73	0.0277117
1050.86	0.0280779
1050.99	0.0278337
1051.13	0.0278948
1051.26	0.0272844
1051.4	0.0280168
1051.53	0.0277727
1051.66	0.0280168
1051.8	0.0286272
1051.93	0.0278948
1052.06	0.0283831
1052.2	0.0283831
1052.33	0.0264298
1052.47	0.0271013
1052.6	0.0281389
1052.73	0.0280168
1052.87	0.0278337
1053	0.0276506
1053.13	0.0272233
1053.27	0.0272844
1053.4	0.0273454
1053.54	0.0280168
1053.67	0.0281389
1053.8	0.0286883
1053.94	0.0277727
1054.07	0.0268571
1054.2	0.0290545
1054.34	0.0276506
1054.47	0.0275285
1054.61	0.0272844
1054.74	0.0270402
1054.87	0.0274675
1055.01	0.0273454
1055.14	0.028261
1055.27	0.0281389
1055.41	0.0274065
1055.54	0.0274065
1055.68	0.028261
1055.81	0.0283831
1055.94	0.0278948
1056.08	0.0285052
1056.21	0.0280168
1056.34	0.0280168
1056.48	0.0282
1056.61	0.0268571
1056.75	0.0274675
1056.88	0.0277117
1057.01	0.0275285
1057.15	0.0277117
1057.28	0.0277117
1057.41	0.026613
1057.55	0.0268571
1057.68	0.0280779
1057.82	0.0272844
1057.95	0.0272233
1058.08	0.0272844
1058.22	0.0273454
1058.35	0.0272844
1058.48	0.0275896
1058.62	0.0276506
1058.75	0.0269181
1058.89	0.0284441
1059.02	0.0278337
1059.15	0.0271623
1059.29	0.0277727
1059.42	0.0274065
1059.55	0.0280168
1059.69	0.0274065
1059.82	0.0273454
1059.96	0.0277727
1060.09	0.026735
1060.22	0.0276506
1060.36	0.0286272
1060.49	0.0275896
1060.62	0.0274065
1060.76	0.0271623
1060.89	0.0274675
1061.03	0.0276506
1061.16	0.026735
1061.29	0.0276506
1061.43	0.0271623
1061.56	0.0274675
1061.69	0.0277727
1061.83	0.0281389
1061.96	0.0280779
1062.1	0.026613
1062.23	0.028261
1062.36	0.0275896
1062.5	0.0268571
1062.63	0.0278337
1062.76	0.0277727
1062.9	0.0280779
1063.03	0.0287493
1063.17	0.026613
1063.3	0.0282
1063.43	0.0277117
1063.57	0.0278948
1063.7	0.0283831
1063.83	0.0282
1063.97	0.0272233
1064.1	0.0274675
1064.23	0.0276506
1064.37	0.0272844
1064.5	0.0283831
1064.64	0.0278948
1064.77	0.0277727
1064.9	0.0272844
1065.04	0.0286272
1065.17	0.0283831
1065.3	0.0271623
1065.44	0.0278948
1065.57	0.0270402
1065.71	0.0278948
1065.84	0.0286272
1065.97	0.0277117
1066.11	0.0284441
1066.24	0.0273454
1066.37	0.0284441
1066.51	0.0273454
1066.64	0.0281389
1066.78	0.0282
1066.91	0.0277727
1067.04	0.0275896
1067.18	0.0274675
1067.31	0.0284441
1067.44	0.0283831
1067.58	0.0275896
1067.71	0.0278948
1067.85	0.0276506
1067.98	0.0273454
1068.11	0.0274065
1068.25	0.0282
1068.38	0.028261
1068.51	0.0275896
1068.65	0.0276506
1068.78	0.0280779
1068.92	0.028322
1069.05	0.0274065
1069.18	0.0286883
1069.32	0.0275285
1069.45	0.0277727
1069.58	0.0275896
1069.72	0.0274065
1069.85	0.0280779
1069.98	0.0277117
1070.12	0.0276506
1070.25	0.0280779
1070.39	0.0274675
1070.52	0.0273454
1070.65	0.0272233
1070.79	0.0277117
1070.92	0.0269792
1071.05	0.0261857
1071.19	0.0278337
1071.32	0.0274675
1071.46	0.0286272
1071.59	0.0275896
1071.72	0.0275285
1071.86	0.0275285
1071.99	0.028261
1072.12	0.0278948
1072.26	0.0274065
1072.39	0.0270402
1072.53	0.0276506
1072.66	0.0277117
1072.79	0.0271013
1072.93	0.0277117
1073.06	0.0274065
1073.19	0.0281389
1073.33	0.0271623
1073.46	0.0271013
1073.59	0.0276506
1073.73	0.0274675
1073.86	0.0282
1074	0.0281389
1074.13	0.0278948
1074.26	0.0278948
1074.4	0.0271013
1074.53	0.0281389
1074.66	0.0274675
1074.8	0.0270402
1074.93	0.0280168
1075.07	0.0271623
1075.2	0.0265519
1075.33	0.0281389
1075.47	0.026613
1075.6	0.0276506
1075.73	0.0275285
1075.87	0.0277727
1076	0.0277117
1076.14	0.0273454
1076.27	0.0277727
1076.4	0.028261
1076.54	0.0271623
1076.67	0.0271013
1076.8	0.026613
1076.94	0.0273454
1077.07	0.0276506
1077.2	0.028261
1077.34	0.0271623
1077.47	0.028322
1077.61	0.0278948
1077.74	0.0273454
1077.87	0.0280168
1078.01	0.0272233
1078.14	0.0272233
1078.27	0.0276506
1078.41	0.0280168
1078.54	0.0276506
1078.68	0.0276506
1078.81	0.0279558
1078.94	0.0272233
1079.08	0.026613
1079.21	0.0279558
1079.34	0.0274675
1079.48	0.0274065
1079.61	0.0285052
1079.74	0.0275285
1079.88	0.0274675
1080.01	0.028261
1080.15	0.0276506
1080.28	0.0275285
1080.41	0.0282
1080.55	0.0281389
1080.68	0.028261
1080.81	0.0268571
1080.95	0.0279558
1081.08	0.028322
1081.22	0.0277117
1081.35	0.0290545
1081.48	0.0279558
1081.62	0.0276506
1081.75	0.0271623
1081.88	0.0272233
1082.02	0.0277117
1082.15	0.0271013
1082.28	0.028261
1082.42	0.0274675
1082.55	0.0291155
1082.69	0.0269792
1082.82	0.0281389
1082.95	0.0277117
1083.09	0.0277117
1083.22	0.0269792
1083.35	0.0278337
1083.49	0.0275285
1083.62	0.0272233
1083.75	0.0271013
1083.89	0.0271013
1084.02	0.0271013
1084.16	0.0281389
1084.29	0.0277117
1084.42	0.0276506
1084.56	0.0277727
1084.69	0.0269181
1084.82	0.0283831
1084.96	0.0280168
1085.09	0.028322
1085.23	0.0280168
1085.36	0.0278337
1085.49	0.0277117
1085.63	0.0270402
1085.76	0.0274065
1085.89	0.0277727
1086.03	0.0281389
1086.16	0.0277117
1086.29	0.0280779
1086.43	0.0271013
1086.56	0.0277727
1086.7	0.0280779
1086.83	0.0280168
1086.96	0.0276506
1087.1	0.0274675
1087.23	0.0272844
1087.36	0.0272233
1087.5	0.0267961
1087.63	0.0274675
1087.76	0.0272233
1087.9	0.028261
1088.03	0.0278948
1088.17	0.0272233
1088.3	0.0283831
1088.43	0.0273454
1088.57	0.0280168
1088.7	0.0280779
1088.83	0.0269792
1088.97	0.0274675
1089.1	0.0275285
1089.24	0.0277727
1089.37	0.0275896
1089.5	0.0276506
1089.64	0.0276506
1089.77	0.0273454
1089.9	0.028322
1090.04	0.0274065
1090.17	0.0277117
1090.3	0.0271013
1090.44	0.0277727
1090.57	0.0269792
1090.71	0.0273454
1090.84	0.0280779
1090.97	0.0275285
1091.11	0.0277117
1091.24	0.0278337
1091.37	0.0277117
1091.51	0.0271623
1091.64	0.0269792
1091.77	0.0276506
1091.91	0.0279558
1092.04	0.0278948
1092.18	0.0273454
1092.31	0.0275896
1092.44	0.0275285
1092.58	0.0271013
1092.71	0.0272844
1092.84	0.0280168
1092.98	0.028261
1093.11	0.0274675
1093.24	0.0279558
1093.38	0.0278337
1093.51	0.028261
1093.65	0.0285052
1093.78	0.0274675
1093.91	0.0285052
1094.05	0.0273454
1094.18	0.0274675
1094.31	0.0275285
1094.45	0.0288104
1094.58	0.0276506
1094.71	0.0275896
1094.85	0.0274065
1094.98	0.0272844
1095.12	0.0274065
1095.25	0.0270402
1095.38	0.0269792
1095.52	0.0282
1095.65	0.0277117
1095.78	0.0273454
1095.92	0.0277727
1096.05	0.0269181
1096.18	0.0281389
1096.32	0.0269792
1096.45	0.0277727
1096.59	0.028261
1096.72	0.0271623
1096.85	0.0267961
1096.99	0.0280168
1097.12	0.0279558
1097.25	0.0274675
1097.39	0.0279558
1097.52	0.0277117
1097.65	0.0278948
1097.79	0.0278948
1097.92	0.0275285
1098.06	0.0272844
1098.19	0.0282
1098.32	0.0276506
1098.46	0.0280779
1098.59	0.0282
1098.72	0.0273454
1098.86	0.028261
1098.99	0.0278337
1099.12	0.0278337
1099.26	0.0278948
1099.39	0.0271623
1099.53	0.0272233
1099.66	0.0280168
1099.79	0.0272844
1099.93	0.0269792
1100.06	0.028322
1100.19	0.0269792
1100.33	0.0275896
1100.46	0.0277117
1100.59	0.0275285
1100.73	0.0281389
1100.86	0.0285052
1100.99	0.0277727
1101.13	0.0273454
1101.26	0.0282
1101.4	0.026735
1101.53	0.026735
1101.66	0.0274675
1101.8	0.0268571
1101.93	0.028322
1102.06	0.0274675
1102.2	0.0271013
1102.33	0.0276506
1102.46	0.0270402
1102.6	0.0277117
1102.73	0.0268571
1102.87	0.0274675
1103	0.0277117
1103.13	0.0277117
1103.27	0.0275896
1103.4	0.0272844
1103.53	0.0272233
1103.67	0.0278337
1103.8	0.0273454
1103.93	0.0277117
1104.07	0.0275285
1104.2	0.0274675
1104.34	0.0269792
1104.47	0.0276506
1104.6	0.0278948
1104.74	0.0278948
1104.87	0.0272844
1105	0.0280168
1105.14	0.0274675
1105.27	0.0275285
1105.4	0.0269792
1105.54	0.0279558
1105.67	0.0272844
1105.8	0.0288104
1105.94	0.0284441
1106.07	0.0274065
1106.21	0.0273454
1106.34	0.0280168
1106.47	0.0276506
1106.61	0.0274675
1106.74	0.0277117
1106.87	0.0273454
1107.01	0.0278948
1107.14	0.0275896
1107.27	0.0274065
1107.41	0.0278948
1107.54	0.0274675

