Source: Spectrum Viewer

Chart: Pulse Spectrum

Series: 
Wavelength (nm)	S (a.u.)
617.638	0.692771
617.773	0.668675
617.908	0.661145
618.043	0.667169
618.178	0.676205
618.313	0.698795
618.448	0.677711
618.583	0.674699
618.718	0.689759
618.853	0.673193
618.988	0.682229
619.123	0.665663
619.258	0.695783
619.394	0.683735
619.529	0.689759
619.664	0.652108
619.799	0.688253
619.934	0.707831
620.069	0.707831
620.204	0.697289
620.339	0.685241
620.474	0.688253
620.609	0.689759
620.744	0.688253
620.879	0.692771
621.014	0.680723
621.149	0.677711
621.284	0.698795
621.419	0.700301
621.554	0.667169
621.689	0.707831
621.825	0.671687
621.96	0.697289
622.095	0.676205
622.23	0.688253
622.365	0.688253
622.5	0.694277
622.635	0.679217
622.77	0.694277
622.905	0.689759
623.04	0.664157
623.175	0.692771
623.31	0.694277
623.445	0.673193
623.58	0.662651
623.715	0.671687
623.85	0.688253
623.985	0.673193
624.12	0.679217
624.255	0.674699
624.39	0.697289
624.525	0.688253
624.661	0.686747
624.796	0.668675
624.931	0.668675
625.066	0.695783
625.201	0.704819
625.336	0.686747
625.471	0.694277
625.606	0.688253
625.741	0.694277
625.876	0.682229
626.011	0.691265
626.146	0.674699
626.281	0.683735
626.416	0.682229
626.551	0.698795
626.686	0.688253
626.821	0.689759
626.956	0.686747
627.091	0.674699
627.226	0.694277
627.361	0.695783
627.496	0.676205
627.631	0.685241
627.766	0.679217
627.901	0.670181
628.036	0.698795
628.171	0.679217
628.307	0.689759
628.442	0.691265
628.577	0.679217
628.712	0.688253
628.847	0.676205
628.982	0.671687
629.117	0.673193
629.252	0.683735
629.387	0.686747
629.522	0.674699
629.657	0.679217
629.792	0.677711
629.927	0.695783
630.062	0.680723
630.197	0.695783
630.332	0.694277
630.467	0.680723
630.602	0.671687
630.737	0.683735
630.872	0.695783
631.007	0.674699
631.142	0.685241
631.277	0.673193
631.412	0.680723
631.547	0.679217
631.682	0.691265
631.817	0.691265
631.952	0.674699
632.087	0.677711
632.222	0.695783
632.357	0.695783
632.492	0.694277
632.627	0.650602
632.762	0.683735
632.897	0.703313
633.032	0.668675
633.167	0.706325
633.302	0.662651
633.437	0.692771
633.572	0.709337
633.707	0.680723
633.842	0.667169
633.978	0.673193
634.113	0.680723
634.248	0.676205
634.383	0.664157
634.518	0.682229
634.653	0.676205
634.788	0.689759
634.923	0.658133
635.058	0.688253
635.193	0.667169
635.328	0.698795
635.463	0.686747
635.598	0.679217
635.733	0.671687
635.868	0.691265
636.003	0.691265
636.138	0.691265
636.273	0.661145
636.408	0.683735
636.543	0.682229
636.678	0.697289
636.813	0.673193
636.948	0.691265
637.083	0.670181
637.218	0.673193
637.353	0.676205
637.488	0.713855
637.623	0.685241
637.758	0.674699
637.893	0.683735
638.028	0.694277
638.163	0.697289
638.298	0.682229
638.433	0.677711
638.568	0.673193
638.703	0.689759
638.838	0.683735
638.973	0.680723
639.108	0.686747
639.243	0.685241
639.378	0.676205
639.513	0.676205
639.648	0.677711
639.783	0.688253
639.918	0.671687
640.053	0.674699
640.188	0.692771
640.323	0.692771
640.458	0.695783
640.593	0.673193
640.728	0.662651
640.863	0.689759
640.998	0.674699
641.133	0.694277
641.268	0.679217
641.403	0.677711
641.538	0.673193
641.673	0.686747
641.808	0.680723
641.943	0.680723
642.078	0.682229
642.213	0.671687
642.348	0.692771
642.483	0.668675
642.618	0.674699
642.753	0.689759
642.888	0.691265
643.023	0.698795
643.158	0.683735
643.293	0.682229
643.428	0.677711
643.563	0.692771
643.698	0.677711
643.833	0.691265
643.968	0.665663
644.103	0.691265
644.237	0.674699
644.372	0.662651
644.507	0.703313
644.642	0.671687
644.777	0.694277
644.912	0.691265
645.047	0.691265
645.182	0.689759
645.317	0.680723
645.452	0.676205
645.587	0.694277
645.722	0.665663
645.857	0.679217
645.992	0.677711
646.127	0.667169
646.262	0.664157
646.397	0.713855
646.532	0.673193
646.667	0.706325
646.802	0.667169
646.937	0.677711
647.072	0.685241
647.207	0.701807
647.342	0.686747
647.477	0.698795
647.612	0.683735
647.747	0.65512
647.882	0.671687
648.017	0.676205
648.152	0.677711
648.287	0.682229
648.422	0.661145
648.557	0.680723
648.692	0.688253
648.827	0.670181
648.962	0.677711
649.097	0.653614
649.232	0.694277
649.367	0.698795
649.502	0.683735
649.637	0.679217
649.772	0.697289
649.906	0.673193
650.041	0.709337
650.176	0.679217
650.311	0.692771
650.446	0.688253
650.581	0.670181
650.716	0.677711
650.851	0.673193
650.986	0.679217
651.121	0.695783
651.256	0.665663
651.391	0.685241
651.526	0.707831
651.661	0.679217
651.796	0.686747
651.931	0.664157
652.066	0.682229
652.201	0.685241
652.336	0.665663
652.471	0.662651
652.606	0.694277
652.741	0.685241
652.876	0.677711
653.011	0.692771
653.146	0.709337
653.281	0.718373
653.415	0.698795
653.55	0.697289
653.685	0.688253
653.82	0.671687
653.955	0.682229
654.09	0.682229
654.225	0.674699
654.36	0.689759
654.495	0.661145
654.63	0.671687
654.765	0.709337
654.9	0.679217
655.035	0.677711
655.17	0.709337
655.305	0.665663
655.44	0.701807
655.575	0.683735
655.71	0.682229
655.845	0.668675
655.98	0.694277
656.115	0.665663
656.25	0.671687
656.384	0.661145
656.519	0.664157
656.654	0.677711
656.789	0.682229
656.924	0.680723
657.059	0.680723
657.194	0.680723
657.329	0.670181
657.464	0.694277
657.599	0.689759
657.734	0.694277
657.869	0.701807
658.004	0.677711
658.139	0.685241
658.274	0.686747
658.409	0.673193
658.544	0.677711
658.679	0.688253
658.813	0.677711
658.948	0.671687
659.083	0.668675
659.218	0.673193
659.353	0.671687
659.488	0.680723
659.623	0.671687
659.758	0.695783
659.893	0.682229
660.028	0.697289
660.163	0.668675
660.298	0.673193
660.433	0.689759
660.568	0.671687
660.703	0.670181
660.838	0.674699
660.972	0.700301
661.107	0.671687
661.242	0.671687
661.377	0.697289
661.512	0.674699
661.647	0.697289
661.782	0.679217
661.917	0.683735
662.052	0.674699
662.187	0.689759
662.322	0.677711
662.457	0.691265
662.592	0.673193
662.727	0.680723
662.862	0.674699
662.996	0.694277
663.131	0.683735
663.266	0.682229
663.401	0.680723
663.536	0.691265
663.671	0.676205
663.806	0.682229
663.941	0.682229
664.076	0.698795
664.211	0.679217
664.346	0.700301
664.481	0.682229
664.616	0.706325
664.75	0.688253
664.885	0.674699
665.02	0.682229
665.155	0.686747
665.29	0.677711
665.425	0.685241
665.56	0.662651
665.695	0.676205
665.83	0.676205
665.965	0.688253
666.1	0.680723
666.235	0.713855
666.37	0.649096
666.504	0.695783
666.639	0.670181
666.774	0.701807
666.909	0.683735
667.044	0.665663
667.179	0.680723
667.314	0.698795
667.449	0.695783
667.584	0.676205
667.719	0.683735
667.854	0.703313
667.989	0.689759
668.123	0.677711
668.258	0.679217
668.393	0.703313
668.528	0.691265
668.663	0.691265
668.798	0.667169
668.933	0.677711
669.068	0.673193
669.203	0.656627
669.338	0.680723
669.473	0.701807
669.607	0.688253
669.742	0.676205
669.877	0.673193
670.012	0.674699
670.147	0.685241
670.282	0.692771
670.417	0.692771
670.552	0.691265
670.687	0.680723
670.822	0.683735
670.957	0.697289
671.091	0.665663
671.226	0.691265
671.361	0.691265
671.496	0.692771
671.631	0.685241
671.766	0.680723
671.901	0.689759
672.036	0.674699
672.171	0.676205
672.306	0.668675
672.44	0.686747
672.575	0.680723
672.71	0.680723
672.845	0.677711
672.98	0.695783
673.115	0.680723
673.25	0.695783
673.385	0.694277
673.52	0.694277
673.655	0.679217
673.789	0.664157
673.924	0.697289
674.059	0.703313
674.194	0.680723
674.329	0.680723
674.464	0.661145
674.599	0.689759
674.734	0.668675
674.869	0.685241
675.003	0.679217
675.138	0.686747
675.273	0.673193
675.408	0.691265
675.543	0.670181
675.678	0.692771
675.813	0.688253
675.948	0.674699
676.083	0.694277
676.217	0.682229
676.352	0.683735
676.487	0.697289
676.622	0.688253
676.757	0.689759
676.892	0.698795
677.027	0.670181
677.162	0.676205
677.297	0.692771
677.431	0.689759
677.566	0.691265
677.701	0.692771
677.836	0.694277
677.971	0.671687
678.106	0.695783
678.241	0.695783
678.376	0.682229
678.511	0.668675
678.645	0.658133
678.78	0.673193
678.915	0.688253
679.05	0.697289
679.185	0.677711
679.32	0.685241
679.455	0.682229
679.59	0.685241
679.724	0.700301
679.859	0.680723
679.994	0.665663
680.129	0.679217
680.264	0.703313
680.399	0.667169
680.534	0.671687
680.669	0.65512
680.803	0.680723
680.938	0.685241
681.073	0.680723
681.208	0.677711
681.343	0.680723
681.478	0.674699
681.613	0.686747
681.748	0.679217
681.882	0.682229
682.017	0.689759
682.152	0.686747
682.287	0.656627
682.422	0.688253
682.557	0.683735
682.692	0.677711
682.827	0.682229
682.961	0.688253
683.096	0.682229
683.231	0.676205
683.366	0.670181
683.501	0.688253
683.636	0.682229
683.771	0.695783
683.906	0.689759
684.04	0.665663
684.175	0.686747
684.31	0.667169
684.445	0.671687
684.58	0.697289
684.715	0.652108
684.85	0.673193
684.984	0.679217
685.119	0.712349
685.254	0.698795
685.389	0.686747
685.524	0.683735
685.659	0.683735
685.794	0.680723
685.928	0.686747
686.063	0.676205
686.198	0.683735
686.333	0.674699
686.468	0.682229
686.603	0.698795
686.738	0.673193
686.872	0.680723
687.007	0.686747
687.142	0.701807
687.277	0.683735
687.412	0.703313
687.547	0.679217
687.682	0.688253
687.816	0.689759
687.951	0.680723
688.086	0.685241
688.221	0.676205
688.356	0.682229
688.491	0.685241
688.626	0.683735
688.76	0.682229
688.895	0.689759
689.03	0.670181
689.165	0.676205
689.3	0.682229
689.435	0.689759
689.57	0.686747
689.704	0.665663
689.839	0.682229
689.974	0.695783
690.109	0.665663
690.244	0.686747
690.379	0.698795
690.513	0.677711
690.648	0.673193
690.783	0.695783
690.918	0.691265
691.053	0.676205
691.188	0.685241
691.323	0.677711
691.457	0.686747
691.592	0.688253
691.727	0.686747
691.862	0.703313
691.997	0.683735
692.132	0.692771
692.266	0.679217
692.401	0.673193
692.536	0.677711
692.671	0.698795
692.806	0.679217
692.941	0.682229
693.075	0.697289
693.21	0.704819
693.345	0.694277
693.48	0.700301
693.615	0.688253
693.75	0.65512
693.885	0.682229
694.019	0.679217
694.154	0.703313
694.289	0.680723
694.424	0.677711
694.559	0.695783
694.694	0.682229
694.828	0.686747
694.963	0.697289
695.098	0.689759
695.233	0.703313
695.368	0.692771
695.503	0.680723
695.637	0.694277
695.772	0.676205
695.907	0.689759
696.042	0.680723
696.177	0.683735
696.312	0.677711
696.446	0.697289
696.581	0.677711
696.716	0.700301
696.851	0.671687
696.986	0.683735
697.12	0.685241
697.255	0.686747
697.39	0.683735
697.525	0.686747
697.66	0.700301
697.795	0.683735
697.929	0.689759
698.064	0.667169
698.199	0.695783
698.334	0.689759
698.469	0.688253
698.604	0.691265
698.738	0.686747
698.873	0.689759
699.008	0.677711
699.143	0.673193
699.278	0.683735
699.412	0.676205
699.547	0.683735
699.682	0.688253
699.817	0.674699
699.952	0.664157
700.087	0.679217
700.221	0.685241
700.356	0.682229
700.491	0.688253
700.626	0.695783
700.761	0.698795
700.895	0.683735
701.03	0.677711
701.165	0.679217
701.3	0.71988
701.435	0.656627
701.57	0.671687
701.704	0.670181
701.839	0.685241
701.974	0.706325
702.109	0.676205
702.244	0.673193
702.378	0.683735
702.513	0.673193
702.648	0.661145
702.783	0.667169
702.918	0.664157
703.052	0.667169
703.187	0.707831
703.322	0.685241
703.457	0.686747
703.592	0.701807
703.727	0.680723
703.861	0.700301
703.996	0.677711
704.131	0.688253
704.266	0.695783
704.401	0.682229
704.535	0.679217
704.67	0.676205
704.805	0.683735
704.94	0.683735
705.075	0.683735
705.209	0.685241
705.344	0.692771
705.479	0.65512
705.614	0.668675
705.749	0.682229
705.883	0.685241
706.018	0.683735
706.153	0.671687
706.288	0.691265
706.423	0.701807
706.557	0.679217
706.692	0.680723
706.827	0.692771
706.962	0.682229
707.097	0.694277
707.231	0.688253
707.366	0.683735
707.501	0.653614
707.636	0.671687
707.771	0.692771
707.905	0.685241
708.04	0.677711
708.175	0.689759
708.31	0.665663
708.445	0.685241
708.579	0.692771
708.714	0.667169
708.849	0.692771
708.984	0.676205
709.118	0.685241
709.253	0.688253
709.388	0.685241
709.523	0.664157
709.658	0.691265
709.792	0.667169
709.927	0.689759
710.062	0.667169
710.197	0.685241
710.332	0.694277
710.466	0.64759
710.601	0.674699
710.736	0.683735
710.871	0.686747
711.006	0.707831
711.14	0.682229
711.275	0.689759
711.41	0.676205
711.545	0.673193
711.679	0.677711
711.814	0.692771
711.949	0.685241
712.084	0.65512
712.219	0.686747
712.353	0.686747
712.488	0.706325
712.623	0.650602
712.758	0.659639
712.892	0.671687
713.027	0.677711
713.162	0.676205
713.297	0.682229
713.432	0.683735
713.566	0.695783
713.701	0.680723
713.836	0.661145
713.971	0.679217
714.105	0.686747
714.24	0.676205
714.375	0.686747
714.51	0.692771
714.645	0.683735
714.779	0.689759
714.914	0.680723
715.049	0.673193
715.184	0.670181
715.318	0.661145
715.453	0.677711
715.588	0.685241
715.723	0.677711
715.858	0.682229
715.992	0.683735
716.127	0.685241
716.262	0.673193
716.397	0.679217
716.531	0.661145
716.666	0.686747
716.801	0.683735
716.936	0.676205
717.07	0.673193
717.205	0.688253
717.34	0.682229
717.475	0.682229
717.61	0.650602
717.744	0.682229
717.879	0.670181
718.014	0.703313
718.149	0.679217
718.283	0.698795
718.418	0.689759
718.553	0.692771
718.688	0.692771
718.822	0.679217
718.957	0.685241
719.092	0.689759
719.227	0.691265
719.361	0.686747
719.496	0.674699
719.631	0.668675
719.766	0.685241
719.9	0.674699
720.035	0.697289
720.17	0.670181
720.305	0.706325
720.44	0.674699
720.574	0.694277
720.709	0.686747
720.844	0.683735
720.979	0.686747
721.113	0.667169
721.248	0.700301
721.383	0.685241
721.518	0.691265
721.652	0.688253
721.787	0.667169
721.922	0.674699
722.057	0.683735
722.191	0.691265
722.326	0.670181
722.461	0.691265
722.596	0.697289
722.73	0.671687
722.865	0.682229
723	0.667169
723.135	0.667169
723.269	0.692771
723.404	0.709337
723.539	0.680723
723.674	0.683735
723.808	0.674699
723.943	0.683735
724.078	0.679217
724.213	0.697289
724.347	0.688253
724.482	0.703313
724.617	0.712349
724.752	0.683735
724.886	0.688253
725.021	0.694277
725.156	0.664157
725.291	0.683735
725.425	0.686747
725.56	0.698795
725.695	0.679217
725.829	0.689759
725.964	0.683735
726.099	0.671687
726.234	0.679217
726.368	0.674699
726.503	0.691265
726.638	0.700301
726.773	0.689759
726.907	0.683735
727.042	0.679217
727.177	0.700301
727.312	0.689759
727.446	0.679217
727.581	0.683735
727.716	0.680723
727.851	0.682229
727.985	0.698795
728.12	0.701807
728.255	0.680723
728.389	0.701807
728.524	0.671687
728.659	0.683735
728.794	0.695783
728.928	0.691265
729.063	0.703313
729.198	0.686747
729.333	0.683735
729.467	0.673193
729.602	0.674699
729.737	0.670181
729.872	0.682229
730.006	0.692771
730.141	0.688253
730.276	0.674699
730.41	0.703313
730.545	0.698795
730.68	0.704819
730.815	0.667169
730.949	0.680723
731.084	0.686747
731.219	0.679217
731.354	0.700301
731.488	0.698795
731.623	0.670181
731.758	0.670181
731.892	0.692771
732.027	0.707831
732.162	0.691265
732.297	0.676205
732.431	0.686747
732.566	0.682229
732.701	0.683735
732.835	0.697289
732.97	0.677711
733.105	0.688253
733.24	0.692771
733.374	0.685241
733.509	0.692771
733.644	0.679217
733.779	0.661145
733.913	0.676205
734.048	0.685241
734.183	0.685241
734.317	0.692771
734.452	0.674699
734.587	0.686747
734.722	0.680723
734.856	0.667169
734.991	0.683735
735.126	0.668675
735.26	0.671687
735.395	0.689759
735.53	0.668675
735.665	0.664157
735.799	0.673193
735.934	0.688253
736.069	0.686747
736.203	0.692771
736.338	0.685241
736.473	0.691265
736.607	0.677711
736.742	0.680723
736.877	0.680723
737.012	0.691265
737.146	0.679217
737.281	0.686747
737.416	0.674699
737.55	0.683735
737.685	0.686747
737.82	0.695783
737.955	0.659639
738.089	0.691265
738.224	0.688253
738.359	0.691265
738.493	0.667169
738.628	0.683735
738.763	0.700301
738.897	0.686747
739.032	0.694277
739.167	0.677711
739.302	0.691265
739.436	0.659639
739.571	0.670181
739.706	0.685241
739.84	0.691265
739.975	0.677711
740.11	0.685241
740.244	0.670181
740.379	0.673193
740.514	0.661145
740.649	0.676205
740.783	0.671687
740.918	0.683735
741.053	0.676205
741.187	0.692771
741.322	0.698795
741.457	0.677711
741.591	0.689759
741.726	0.664157
741.861	0.683735
741.996	0.685241
742.13	0.709337
742.265	0.674699
742.4	0.677711
742.534	0.668675
742.669	0.686747
742.804	0.686747
742.938	0.686747
743.073	0.691265
743.208	0.676205
743.342	0.680723
743.477	0.701807
743.612	0.677711
743.747	0.685241
743.881	0.671687
744.016	0.662651
744.151	0.661145
744.285	0.668675
744.42	0.656627
744.555	0.685241
744.689	0.688253
744.824	0.683735
744.959	0.668675
745.093	0.683735
745.228	0.689759
745.363	0.691265
745.497	0.695783
745.632	0.713855
745.767	0.683735
745.901	0.692771
746.036	0.691265
746.171	0.670181
746.305	0.692771
746.44	0.685241
746.575	0.689759
746.71	0.653614
746.844	0.692771
746.979	0.703313
747.114	0.673193
747.248	0.685241
747.383	0.677711
747.518	0.694277
747.652	0.659639
747.787	0.670181
747.922	0.664157
748.056	0.664157
748.191	0.668675
748.326	0.686747
748.46	0.691265
748.595	0.685241
748.73	0.688253
748.864	0.671687
748.999	0.680723
749.134	0.682229
749.268	0.679217
749.403	0.709337
749.538	0.695783
749.672	0.671687
749.807	0.688253
749.942	0.686747
750.076	0.691265
750.211	0.683735
750.346	0.683735
750.48	0.677711
750.615	0.683735
750.75	0.682229
750.884	0.674699
751.019	0.680723
751.154	0.692771
751.288	0.704819
751.423	0.688253
751.558	0.665663
751.692	0.686747
751.827	0.695783
751.962	0.682229
752.096	0.680723
752.231	0.700301
752.366	0.664157
752.5	0.686747
752.635	0.679217
752.77	0.691265
752.904	0.688253
753.039	0.677711
753.174	0.650602
753.308	0.683735
753.443	0.674699
753.578	0.656627
753.712	0.673193
753.847	0.700301
753.982	0.682229
754.116	0.679217
754.251	0.695783
754.386	0.673193
754.52	0.686747
754.655	0.694277
754.79	0.679217
754.924	0.686747
755.059	0.665663
755.194	0.692771
755.328	0.683735
755.463	0.680723
755.597	0.682229
755.732	0.679217
755.867	0.691265
756.001	0.673193
756.136	0.685241
756.271	0.664157
756.405	0.664157
756.54	0.706325
756.675	0.664157
756.809	0.686747
756.944	0.683735
757.079	0.680723
757.213	0.664157
757.348	0.695783
757.483	0.692771
757.617	0.665663
757.752	0.686747
757.887	0.683735
758.021	0.674699
758.156	0.676205
758.29	0.688253
758.425	0.683735
758.56	0.677711
758.694	0.679217
758.829	0.677711
758.964	0.680723
759.098	0.682229
759.233	0.671687
759.368	0.682229
759.502	0.670181
759.637	0.689759
759.772	0.704819
759.906	0.692771
760.041	0.683735
760.175	0.676205
760.31	0.700301
760.445	0.677711
760.579	0.691265
760.714	0.673193
760.849	0.700301
760.983	0.643072
761.118	0.686747
761.253	0.679217
761.387	0.686747
761.522	0.668675
761.656	0.694277
761.791	0.674699
761.926	0.688253
762.06	0.689759
762.195	0.695783
762.33	0.695783
762.464	0.686747
762.599	0.679217
762.733	0.691265
762.868	0.686747
763.003	0.691265
763.137	0.685241
763.272	0.691265
763.407	0.680723
763.541	0.667169
763.676	0.673193
763.811	0.661145
763.945	0.686747
764.08	0.677711
764.214	0.667169
764.349	0.682229
764.484	0.677711
764.618	0.704819
764.753	0.691265
764.888	0.676205
765.022	0.689759
765.157	0.686747
765.291	0.677711
765.426	0.689759
765.561	0.685241
765.695	0.700301
765.83	0.664157
765.965	0.671687
766.099	0.671687
766.234	0.659639
766.368	0.671687
766.503	0.707831
766.638	0.710843
766.772	0.698795
766.907	0.667169
767.041	0.677711
767.176	0.673193
767.311	0.688253
767.445	0.673193
767.58	0.668675
767.715	0.686747
767.849	0.682229
767.984	0.674699
768.118	0.688253
768.253	0.677711
768.388	0.683735
768.522	0.664157
768.657	0.694277
768.791	0.691265
768.926	0.679217
769.061	0.679217
769.195	0.697289
769.33	0.674699
769.465	0.700301
769.599	0.667169
769.734	0.694277
769.868	0.697289
770.003	0.661145
770.138	0.671687
770.272	0.671687
770.407	0.683735
770.541	0.679217
770.676	0.677711
770.811	0.685241
770.945	0.692771
771.08	0.65512
771.214	0.688253
771.349	0.679217
771.484	0.682229
771.618	0.679217
771.753	0.703313
771.887	0.692771
772.022	0.682229
772.157	0.698795
772.291	0.679217
772.426	0.689759
772.56	0.701807
772.695	0.686747
772.83	0.682229
772.964	0.664157
773.099	0.685241
773.233	0.671687
773.368	0.692771
773.503	0.698795
773.637	0.673193
773.772	0.712349
773.906	0.667169
774.041	0.676205
774.176	0.673193
774.31	0.686747
774.445	0.697289
774.579	0.688253
774.714	0.674699
774.849	0.659639
774.983	0.692771
775.118	0.676205
775.252	0.652108
775.387	0.686747
775.522	0.680723
775.656	0.698795
775.791	0.680723
775.925	0.676205
776.06	0.658133
776.195	0.662651
776.329	0.674699
776.464	0.665663
776.598	0.662651
776.733	0.673193
776.868	0.697289
777.002	0.703313
777.137	0.671687
777.271	0.703313
777.406	0.676205
777.54	0.674699
777.675	0.697289
777.81	0.685241
777.944	0.685241
778.079	0.692771
778.213	0.689759
778.348	0.679217
778.483	0.689759
778.617	0.671687
778.752	0.658133
778.886	0.683735
779.021	0.701807
779.155	0.680723
779.29	0.686747
779.425	0.679217
779.559	0.694277
779.694	0.679217
779.828	0.683735
779.963	0.691265
780.098	0.685241
780.232	0.686747
780.367	0.686747
780.501	0.676205
780.636	0.682229
780.77	0.682229
780.905	0.650602
781.04	0.685241
781.174	0.683735
781.309	0.703313
781.443	0.674699
781.578	0.667169
781.712	0.695783
781.847	0.686747
781.982	0.686747
782.116	0.697289
782.251	0.670181
782.385	0.691265
782.52	0.688253
782.654	0.679217
782.789	0.686747
782.924	0.676205
783.058	0.680723
783.193	0.683735
783.327	0.691265
783.462	0.701807
783.596	0.689759
783.731	0.664157
783.866	0.683735
784	0.667169
784.135	0.685241
784.269	0.695783
784.404	0.698795
784.538	0.701807
784.673	0.662651
784.808	0.668675
784.942	0.680723
785.077	0.688253
785.211	0.695783
785.346	0.674699
785.48	0.689759
785.615	0.667169
785.75	0.671687
785.884	0.668675
786.019	0.668675
786.153	0.709337
786.288	0.697289
786.422	0.662651
786.557	0.674699
786.691	0.679217
786.826	0.679217
786.961	0.65512
787.095	0.682229
787.23	0.685241
787.364	0.689759
787.499	0.673193
787.633	0.652108
787.768	0.670181
787.902	0.674699
788.037	0.671687
788.172	0.677711
788.306	0.680723
788.441	0.680723
788.575	0.674699
788.71	0.682229
788.844	0.677711
788.979	0.685241
789.113	0.701807
789.248	0.688253
789.383	0.700301
789.517	0.680723
789.652	0.673193
789.786	0.703313
789.921	0.676205
790.055	0.689759
790.19	0.692771
790.324	0.701807
790.459	0.685241
790.594	0.671687
790.728	0.692771
790.863	0.670181
790.997	0.665663
791.132	0.670181
791.266	0.646084
791.401	0.680723
791.535	0.698795
791.67	0.683735
791.804	0.695783
791.939	0.689759
792.074	0.662651
792.208	0.685241
792.343	0.677711
792.477	0.679217
792.612	0.682229
792.746	0.668675
792.881	0.677711
793.015	0.677711
793.15	0.671687
793.284	0.683735
793.419	0.677711
793.553	0.694277
793.688	0.664157
793.823	0.698795
793.957	0.686747
794.092	0.706325
794.226	0.668675
794.361	0.689759
794.495	0.680723
794.63	0.680723
794.764	0.662651
794.899	0.680723
795.033	0.688253
795.168	0.670181
795.302	0.676205
795.437	0.697289
795.572	0.692771
795.706	0.685241
795.841	0.692771
795.975	0.692771
796.11	0.706325
796.244	0.679217
796.379	0.685241
796.513	0.674699
796.648	0.692771
796.782	0.679217
796.917	0.689759
797.051	0.680723
797.186	0.682229
797.32	0.685241
797.455	0.668675
797.589	0.676205
797.724	0.683735
797.859	0.686747
797.993	0.692771
798.128	0.689759
798.262	0.692771
798.397	0.694277
798.531	0.685241
798.666	0.650602
798.8	0.707831
798.935	0.689759
799.069	0.680723
799.204	0.673193
799.338	0.686747
799.473	0.674699
799.607	0.691265
799.742	0.716867
799.876	0.673193
800.011	0.691265
800.145	0.703313
800.28	0.692771
800.414	0.661145
800.549	0.682229
800.683	0.695783
800.818	0.692771
800.953	0.679217
801.087	0.683735
801.222	0.692771
801.356	0.686747
801.491	0.686747
801.625	0.686747
801.76	0.682229
801.894	0.673193
802.029	0.704819
802.163	0.692771
802.298	0.688253
802.432	0.679217
802.567	0.692771
802.701	0.691265
802.836	0.685241
802.97	0.665663
803.105	0.670181
803.239	0.692771
803.374	0.688253
803.508	0.667169
803.643	0.670181
803.777	0.674699
803.912	0.680723
804.046	0.701807
804.181	0.683735
804.315	0.674699
804.45	0.667169
804.584	0.682229
804.719	0.679217
804.853	0.695783
804.988	0.677711
805.122	0.701807
805.257	0.652108
805.391	0.694277
805.526	0.680723
805.66	0.686747
805.795	0.689759
805.929	0.671687
806.064	0.685241
806.198	0.673193
806.333	0.680723
806.467	0.664157
806.602	0.689759
806.736	0.689759
806.871	0.668675
807.005	0.673193
807.14	0.709337
807.274	0.689759
807.409	0.698795
807.543	0.689759
807.678	0.680723
807.812	0.692771
807.947	0.658133
808.081	0.697289
808.216	0.697289
808.35	0.686747
808.485	0.664157
808.619	0.665663
808.754	0.704819
808.888	0.695783
809.023	0.686747
809.157	0.689759
809.292	0.688253
809.426	0.692771
809.561	0.697289
809.695	0.673193
809.83	0.686747
809.964	0.679217
810.099	0.688253
810.233	0.686747
810.368	0.697289
810.502	0.689759
810.637	0.694277
810.771	0.688253
810.906	0.700301
811.04	0.686747
811.175	0.695783
811.309	0.683735
811.444	0.692771
811.578	0.686747
811.713	0.689759
811.847	0.685241
811.982	0.704819
812.116	0.698795
812.251	0.692771
812.385	0.716867
812.519	0.769578
812.654	0.774096
812.788	0.697289
812.923	0.688253
813.057	0.698795
813.192	0.74247
813.326	0.951807
813.461	1
813.595	0.802711
813.73	0.712349
813.864	0.709337
813.999	0.712349
814.133	0.676205
814.268	0.694277
814.402	0.689759
814.537	0.680723
814.671	0.680723
814.806	0.683735
814.94	0.671687
815.075	0.698795
815.209	0.709337
815.344	0.673193
815.478	0.686747
815.612	0.673193
815.747	0.694277
815.881	0.686747
816.016	0.677711
816.15	0.677711
816.285	0.686747
816.419	0.673193
816.554	0.674699
816.688	0.683735
816.823	0.710843
816.957	0.680723
817.092	0.674699
817.226	0.667169
817.361	0.680723
817.495	0.691265
817.63	0.713855
817.764	0.689759
817.898	0.677711
818.033	0.686747
818.167	0.682229
818.302	0.689759
818.436	0.692771
818.571	0.692771
818.705	0.701807
818.84	0.703313
818.974	0.701807
819.109	0.683735
819.243	0.686747
819.378	0.685241
819.512	0.680723
819.646	0.694277
819.781	0.683735
819.915	0.691265
820.05	0.692771
820.184	0.673193
820.319	0.670181
820.453	0.683735
820.588	0.667169
820.722	0.685241
820.857	0.686747
820.991	0.683735
821.126	0.676205
821.26	0.674699
821.394	0.668675
821.529	0.682229
821.663	0.691265
821.798	0.692771
821.932	0.677711
822.067	0.670181
822.201	0.689759
822.336	0.679217
822.47	0.688253
822.605	0.695783
822.739	0.704819
822.873	0.676205
823.008	0.689759
823.142	0.683735
823.277	0.692771
823.411	0.670181
823.546	0.679217
823.68	0.695783
823.815	0.668675
823.949	0.683735
824.083	0.698795
824.218	0.691265
824.352	0.701807
824.487	0.680723
824.621	0.682229
824.756	0.676205
824.89	0.667169
825.025	0.677711
825.159	0.685241
825.293	0.691265
825.428	0.686747
825.562	0.662651
825.697	0.691265
825.831	0.676205
825.966	0.689759
826.1	0.701807
826.235	0.697289
826.369	0.688253
826.503	0.700301
826.638	0.665663
826.772	0.670181
826.907	0.673193
827.041	0.685241
827.176	0.694277
827.31	0.697289
827.445	0.694277
827.579	0.677711
827.713	0.674699
827.848	0.664157
827.982	0.679217
828.117	0.671687
828.251	0.688253
828.386	0.653614
828.52	0.679217
828.654	0.682229
828.789	0.692771
828.923	0.688253
829.058	0.673193
829.192	0.683735
829.327	0.685241
829.461	0.656627
829.596	0.686747
829.73	0.673193
829.864	0.668675
829.999	0.686747
830.133	0.691265
830.268	0.695783
830.402	0.677711
830.537	0.695783
830.671	0.673193
830.805	0.668675
830.94	0.688253
831.074	0.683735
831.209	0.683735
831.343	0.679217
831.478	0.695783
831.612	0.683735
831.746	0.689759
831.881	0.664157
832.015	0.689759
832.15	0.697289
832.284	0.671687
832.418	0.680723
832.553	0.659639
832.687	0.697289
832.822	0.673193
832.956	0.677711
833.091	0.695783
833.225	0.673193
833.359	0.662651
833.494	0.667169
833.628	0.671687
833.763	0.685241
833.897	0.688253
834.032	0.671687
834.166	0.674699
834.3	0.692771
834.435	0.670181
834.569	0.692771
834.704	0.668675
834.838	0.674699
834.972	0.667169
835.107	0.695783
835.241	0.674699
835.376	0.676205
835.51	0.709337
835.645	0.682229
835.779	0.683735
835.913	0.697289
836.048	0.694277
836.182	0.682229
836.317	0.680723
836.451	0.670181
836.585	0.698795
836.72	0.673193
836.854	0.670181
836.989	0.703313
837.123	0.665663
837.257	0.697289
837.392	0.697289
837.526	0.662651
837.661	0.662651
837.795	0.680723
837.929	0.682229
838.064	0.674699
838.198	0.692771
838.333	0.674699
838.467	0.679217
838.602	0.688253
838.736	0.709337
838.87	0.703313
839.005	0.692771
839.139	0.701807
839.274	0.698795
839.408	0.676205
839.542	0.670181
839.677	0.679217
839.811	0.698795
839.946	0.692771
840.08	0.695783
840.214	0.706325
840.349	0.682229
840.483	0.688253
840.618	0.677711
840.752	0.674699
840.886	0.683735
841.021	0.676205
841.155	0.695783
841.29	0.686747
841.424	0.674699
841.558	0.683735
841.693	0.683735
841.827	0.694277
841.961	0.695783
842.096	0.692771
842.23	0.689759
842.365	0.697289
842.499	0.698795
842.633	0.676205
842.768	0.662651
842.902	0.685241
843.037	0.688253
843.171	0.691265
843.305	0.656627
843.44	0.671687
843.574	0.682229
843.709	0.670181
843.843	0.694277
843.977	0.688253
844.112	0.680723
844.246	0.677711
844.381	0.673193
844.515	0.695783
844.649	0.679217
844.784	0.709337
844.918	0.677711
845.052	0.679217
845.187	0.695783
845.321	0.689759
845.456	0.679217
845.59	0.689759
845.724	0.665663
845.859	0.679217
845.993	0.670181
846.128	0.667169
846.262	0.679217
846.396	0.683735
846.531	0.667169
846.665	0.688253
846.799	0.676205
846.934	0.679217
847.068	0.695783
847.203	0.680723
847.337	0.682229
847.471	0.664157
847.606	0.677711
847.74	0.701807
847.874	0.697289
848.009	0.698795
848.143	0.685241
848.278	0.686747
848.412	0.689759
848.546	0.713855
848.681	0.689759
848.815	0.670181
848.949	0.688253
849.084	0.701807
849.218	0.685241
849.353	0.677711
849.487	0.703313
849.621	0.701807
849.756	0.688253
849.89	0.689759
850.024	0.679217
850.159	0.704819
850.293	0.697289
850.428	0.683735
850.562	0.674699
850.696	0.685241
850.831	0.677711
850.965	0.676205
851.099	0.676205
851.234	0.680723
851.368	0.686747
851.502	0.695783
851.637	0.692771
851.771	0.677711
851.906	0.682229
852.04	0.688253
852.174	0.680723
852.309	0.652108
852.443	0.679217
852.577	0.691265
852.712	0.691265
852.846	0.695783
852.98	0.677711
853.115	0.662651
853.249	0.658133
853.384	0.694277
853.518	0.683735
853.652	0.691265
853.787	0.661145
853.921	0.658133
854.055	0.683735
854.19	0.709337
854.324	0.667169
854.458	0.686747
854.593	0.691265
854.727	0.703313
854.861	0.676205
854.996	0.689759
855.13	0.691265
855.265	0.692771
855.399	0.673193
855.533	0.673193
855.668	0.677711
855.802	0.652108
855.936	0.670181
856.071	0.682229
856.205	0.665663
856.339	0.673193
856.474	0.683735
856.608	0.673193
856.742	0.668675
856.877	0.685241
857.011	0.686747
857.145	0.686747
857.28	0.680723
857.414	0.689759
857.549	0.683735
857.683	0.665663
857.817	0.661145
857.952	0.676205
858.086	0.697289
858.22	0.688253
858.355	0.683735
858.489	0.695783
858.623	0.697289
858.758	0.685241
858.892	0.683735
859.026	0.679217
859.161	0.676205
859.295	0.664157
859.429	0.686747
859.564	0.673193
859.698	0.656627
859.832	0.685241
859.967	0.688253
860.101	0.730422
860.235	0.670181
860.37	0.683735
860.504	0.670181
860.638	0.670181
860.773	0.676205
860.907	0.695783
861.041	0.673193
861.176	0.683735
861.31	0.689759
861.444	0.686747
861.579	0.686747
861.713	0.664157
861.847	0.685241
861.982	0.707831
862.116	0.671687
862.25	0.673193
862.385	0.691265
862.519	0.691265
862.653	0.683735
862.788	0.671687
862.922	0.674699
863.056	0.706325
863.191	0.686747
863.325	0.706325
863.459	0.676205
863.594	0.701807
863.728	0.677711
863.862	0.709337
863.997	0.677711
864.131	0.680723
864.265	0.694277
864.4	0.676205
864.534	0.688253
864.668	0.674699
864.803	0.707831
864.937	0.701807
865.071	0.689759
865.206	0.692771
865.34	0.706325
865.474	0.674699
865.609	0.680723
865.743	0.686747
865.877	0.682229
866.012	0.674699
866.146	0.671687
866.28	0.679217
866.415	0.674699
866.549	0.695783
866.683	0.677711
866.818	0.682229
866.952	0.680723
867.086	0.665663
867.221	0.688253
867.355	0.682229
867.489	0.694277
867.623	0.700301
867.758	0.685241
867.892	0.673193
868.026	0.689759
868.161	0.673193
868.295	0.677711
868.429	0.674699
868.564	0.661145
868.698	0.671687
868.832	0.689759
868.967	0.682229
869.101	0.670181
869.235	0.689759
869.37	0.697289
869.504	0.680723
869.638	0.680723
869.773	0.670181
869.907	0.676205
870.041	0.694277
870.175	0.688253
870.31	0.680723
870.444	0.697289
870.578	0.680723
870.713	0.692771
870.847	0.673193
870.981	0.664157
871.116	0.686747
871.25	0.674699
871.384	0.679217
871.519	0.668675
871.653	0.685241
871.787	0.65512
871.921	0.671687
872.056	0.676205
872.19	0.695783
872.324	0.695783
872.459	0.674699
872.593	0.676205
872.727	0.706325
872.862	0.695783
872.996	0.680723
873.13	0.692771
873.264	0.676205
873.399	0.685241
873.533	0.679217
873.667	0.671687
873.802	0.673193
873.936	0.683735
874.07	0.697289
874.205	0.677711
874.339	0.689759
874.473	0.668675
874.607	0.674699
874.742	0.682229
874.876	0.686747
875.01	0.694277
875.145	0.691265
875.279	0.683735
875.413	0.688253
875.548	0.673193
875.682	0.686747
875.816	0.685241
875.95	0.670181
876.085	0.659639
876.219	0.701807
876.353	0.673193
876.488	0.688253
876.622	0.686747
876.756	0.689759
876.89	0.682229
877.025	0.688253
877.159	0.695783
877.293	0.688253
877.428	0.680723
877.562	0.668675
877.696	0.677711
877.83	0.668675
877.965	0.698795
878.099	0.671687
878.233	0.682229
878.368	0.689759
878.502	0.697289
878.636	0.680723
878.77	0.691265
878.905	0.682229
879.039	0.680723
879.173	0.697289
879.308	0.682229
879.442	0.671687
879.576	0.677711
879.71	0.697289
879.845	0.704819
879.979	0.691265
880.113	0.689759
880.248	0.673193
880.382	0.674699
880.516	0.688253
880.65	0.671687
880.785	0.700301
880.919	0.673193
881.053	0.698795
881.188	0.676205
881.322	0.668675
881.456	0.694277
881.59	0.682229
881.725	0.680723
881.859	0.697289
881.993	0.685241
882.127	0.680723
882.262	0.703313
882.396	0.697289
882.53	0.698795
882.665	0.701807
882.799	0.712349
882.933	0.710843
883.067	0.673193
883.202	0.685241
883.336	0.677711
883.47	0.680723
883.604	0.683735
883.739	0.691265
883.873	0.671687
884.007	0.692771
884.142	0.694277
884.276	0.686747
884.41	0.670181
884.544	0.692771
884.679	0.706325
884.813	0.671687
884.947	0.679217
885.081	0.704819
885.216	0.691265
885.35	0.676205
885.484	0.676205
885.618	0.686747
885.753	0.677711
885.887	0.686747
886.021	0.700301
886.155	0.701807
886.29	0.677711
886.424	0.706325
886.558	0.688253
886.693	0.664157
886.827	0.698795
886.961	0.676205
887.095	0.689759
887.23	0.683735
887.364	0.686747
887.498	0.689759
887.632	0.667169
887.767	0.682229
887.901	0.677711
888.035	0.692771
888.169	0.718373
888.304	0.680723
888.438	0.703313
888.572	0.670181
888.706	0.676205
888.841	0.692771
888.975	0.682229
889.109	0.683735
889.243	0.667169
889.378	0.691265
889.512	0.680723
889.646	0.665663
889.78	0.680723
889.915	0.692771
890.049	0.676205
890.183	0.670181
890.317	0.674699
890.452	0.709337
890.586	0.686747
890.72	0.691265
890.854	0.691265
890.989	0.683735
891.123	0.682229
891.257	0.691265
891.391	0.662651
891.526	0.677711
891.66	0.694277
891.794	0.689759
891.928	0.659639
892.063	0.703313
892.197	0.676205
892.331	0.656627
892.465	0.692771
892.6	0.695783
892.734	0.679217
892.868	0.689759
893.002	0.679217
893.137	0.686747
893.271	0.673193
893.405	0.703313
893.539	0.686747
893.674	0.701807
893.808	0.712349
893.942	0.691265
894.076	0.679217
894.21	0.694277
894.345	0.670181
894.479	0.686747
894.613	0.65512
894.747	0.683735
894.882	0.671687
895.016	0.665663
895.15	0.650602
895.284	0.695783
895.419	0.682229
895.553	0.688253
895.687	0.701807
895.821	0.682229
895.956	0.697289
896.09	0.710843
896.224	0.680723
896.358	0.679217
896.492	0.674699
896.627	0.697289
896.761	0.679217
896.895	0.682229
897.029	0.689759
897.164	0.665663
897.298	0.701807
897.432	0.688253
897.566	0.679217
897.701	0.691265
897.835	0.682229
897.969	0.662651
898.103	0.703313
898.237	0.682229
898.372	0.668675
898.506	0.667169
898.64	0.661145
898.774	0.677711
898.909	0.683735
899.043	0.680723
899.177	0.662651
899.311	0.686747
899.445	0.668675
899.58	0.674699
899.714	0.688253
899.848	0.697289
899.982	0.691265
900.117	0.674699
900.251	0.682229
900.385	0.670181
900.519	0.685241
900.653	0.682229
900.788	0.688253
900.922	0.679217
901.056	0.671687
901.19	0.694277
901.325	0.688253
901.459	0.700301
901.593	0.701807
901.727	0.683735
901.861	0.674699
901.996	0.671687
902.13	0.680723
902.264	0.698795
902.398	0.695783
902.532	0.695783
902.667	0.700301
902.801	0.677711
902.935	0.698795
903.069	0.656627
903.204	0.694277
903.338	0.673193
903.472	0.691265
903.606	0.688253
903.74	0.689759
903.875	0.688253
904.009	0.677711
904.143	0.689759
904.277	0.673193
904.411	0.683735
904.546	0.676205
904.68	0.673193
904.814	0.679217
904.948	0.689759
905.082	0.668675
905.217	0.694277
905.351	0.670181
905.485	0.692771
905.619	0.697289
905.753	0.686747
905.888	0.683735
906.022	0.697289
906.156	0.671687
906.29	0.704819
906.424	0.694277
906.559	0.673193
906.693	0.698795
906.827	0.668675
906.961	0.692771
907.095	0.685241
907.23	0.704819
907.364	0.688253
907.498	0.665663
907.632	0.668675
907.766	0.685241
907.901	0.698795
908.035	0.674699
908.169	0.688253
908.303	0.694277
908.437	0.685241
908.572	0.679217
908.706	0.694277
908.84	0.685241
908.974	0.686747
909.108	0.676205
909.243	0.688253
909.377	0.670181
909.511	0.652108
909.645	0.668675
909.779	0.677711
909.914	0.670181
910.048	0.679217
910.182	0.671687
910.316	0.683735
910.45	0.677711
910.585	0.682229
910.719	0.676205
910.853	0.683735
910.987	0.659639
911.121	0.694277
911.255	0.686747
911.39	0.700301
911.524	0.689759
911.658	0.667169
911.792	0.691265
911.926	0.682229
912.061	0.682229
912.195	0.670181
912.329	0.673193
912.463	0.704819
912.597	0.668675
912.732	0.683735
912.866	0.700301
913	0.691265
913.134	0.679217
913.268	0.709337
913.402	0.683735
913.537	0.691265
913.671	0.688253
913.805	0.677711
913.939	0.664157
914.073	0.700301
914.208	0.691265
914.342	0.652108
914.476	0.700301
914.61	0.700301
914.744	0.689759
914.878	0.682229
915.013	0.674699
915.147	0.680723
915.281	0.683735
915.415	0.685241
915.549	0.686747
915.683	0.701807
915.818	0.686747
915.952	0.694277
916.086	0.679217
916.22	0.679217
916.354	0.673193
916.488	0.692771
916.623	0.674699
916.757	0.689759
916.891	0.679217
917.025	0.689759
917.159	0.685241
917.293	0.691265
917.428	0.685241
917.562	0.673193
917.696	0.661145
917.83	0.671687
917.964	0.673193
918.098	0.686747
918.233	0.689759
918.367	0.698795
918.501	0.665663
918.635	0.665663
918.769	0.697289
918.903	0.695783
919.038	0.700301
919.172	0.707831
919.306	0.679217
919.44	0.688253
919.574	0.677711
919.708	0.679217
919.843	0.692771
919.977	0.692771
920.111	0.679217
920.245	0.679217
920.379	0.691265
920.513	0.686747
920.648	0.686747
920.782	0.694277
920.916	0.667169
921.05	0.700301
921.184	0.701807
921.318	0.698795
921.453	0.679217
921.587	0.679217
921.721	0.686747
921.855	0.677711
921.989	0.682229
922.123	0.700301
922.257	0.689759
922.392	0.697289
922.526	0.674699
922.66	0.691265
922.794	0.683735
922.928	0.683735
923.062	0.680723
923.197	0.674699
923.331	0.682229
923.465	0.694277
923.599	0.680723
923.733	0.668675
923.867	0.685241
924.001	0.686747
924.136	0.682229
924.27	0.698795
924.404	0.689759
924.538	0.661145
924.672	0.692771
924.806	0.688253
924.94	0.685241
925.075	0.710843
925.209	0.692771
925.343	0.683735
925.477	0.691265
925.611	0.701807
925.745	0.691265
925.879	0.694277
926.014	0.677711
926.148	0.689759
926.282	0.697289
926.416	0.677711
926.55	0.665663
926.684	0.691265
926.818	0.674699
926.953	0.697289
927.087	0.668675
927.221	0.683735
927.355	0.683735
927.489	0.686747
927.623	0.691265
927.757	0.688253
927.892	0.683735
928.026	0.679217
928.16	0.677711
928.294	0.683735
928.428	0.703313
928.562	0.703313
928.696	0.688253
928.831	0.676205
928.965	0.676205
929.099	0.680723
929.233	0.688253
929.367	0.674699
929.501	0.677711
929.635	0.674699
929.769	0.677711
929.904	0.671687
930.038	0.689759
930.172	0.676205
930.306	0.659639
930.44	0.674699
930.574	0.670181
930.708	0.694277
930.843	0.671687
930.977	0.695783
931.111	0.688253
931.245	0.677711
931.379	0.683735
931.513	0.692771
931.647	0.685241
931.781	0.671687
931.916	0.697289
932.05	0.688253
932.184	0.673193
932.318	0.694277
932.452	0.686747
932.586	0.683735
932.72	0.680723
932.854	0.682229
932.989	0.694277
933.123	0.698795
933.257	0.685241
933.391	0.691265
933.525	0.673193
933.659	0.703313
933.793	0.689759
933.927	0.694277
934.061	0.674699
934.196	0.679217
934.33	0.677711
934.464	0.682229
934.598	0.677711
934.732	0.689759
934.866	0.697289
935	0.683735
935.134	0.698795
935.269	0.686747
935.403	0.676205
935.537	0.685241
935.671	0.692771
935.805	0.670181
935.939	0.686747
936.073	0.658133
936.207	0.686747
936.341	0.670181
936.476	0.680723
936.61	0.674699
936.744	0.686747
936.878	0.671687
937.012	0.682229
937.146	0.683735
937.28	0.676205
937.414	0.673193
937.548	0.683735
937.683	0.683735
937.817	0.676205
937.951	0.701807
938.085	0.688253
938.219	0.670181
938.353	0.685241
938.487	0.683735
938.621	0.667169
938.755	0.677711
938.889	0.665663
939.024	0.664157
939.158	0.706325
939.292	0.695783
939.426	0.671687
939.56	0.682229
939.694	0.694277
939.828	0.677711
939.962	0.685241
940.096	0.697289
940.231	0.662651
940.365	0.688253
940.499	0.700301
940.633	0.662651
940.767	0.686747
940.901	0.685241
941.035	0.680723
941.169	0.695783
941.303	0.676205
941.437	0.695783
941.571	0.679217
941.706	0.700301
941.84	0.677711
941.974	0.667169
942.108	0.683735
942.242	0.683735
942.376	0.662651
942.51	0.680723
942.644	0.658133
942.778	0.676205
942.912	0.700301
943.047	0.692771
943.181	0.701807
943.315	0.685241
943.449	0.658133
943.583	0.686747
943.717	0.689759
943.851	0.671687
943.985	0.700301
944.119	0.694277
944.253	0.661145
944.387	0.682229
944.522	0.685241
944.656	0.676205
944.79	0.697289
944.924	0.701807
945.058	0.704819
945.192	0.698795
945.326	0.674699
945.46	0.689759
945.594	0.688253
945.728	0.676205
945.862	0.698795
945.996	0.689759
946.131	0.677711
946.265	0.688253
946.399	0.677711
946.533	0.65512
946.667	0.694277
946.801	0.691265
946.935	0.670181
947.069	0.685241
947.203	0.691265
947.337	0.673193
947.471	0.694277
947.605	0.686747
947.739	0.682229
947.874	0.688253
948.008	0.686747
948.142	0.673193
948.276	0.688253
948.41	0.700301
948.544	0.656627
948.678	0.688253
948.812	0.676205
948.946	0.676205
949.08	0.691265
949.214	0.689759
949.348	0.682229
949.482	0.670181
949.617	0.680723
949.751	0.713855
949.885	0.673193
950.019	0.665663
950.153	0.691265
950.287	0.688253
950.421	0.692771
950.555	0.680723
950.689	0.674699
950.823	0.682229
950.957	0.692771
951.091	0.676205
951.225	0.683735
951.359	0.691265
951.493	0.685241
951.628	0.691265
951.762	0.686747
951.896	0.691265
952.03	0.659639
952.164	0.673193
952.298	0.680723
952.432	0.691265
952.566	0.697289
952.7	0.682229
952.834	0.671687
952.968	0.674699
953.102	0.697289
953.236	0.685241
953.37	0.673193
953.504	0.679217
953.639	0.674699
953.773	0.679217
953.907	0.676205
954.041	0.686747
954.175	0.685241
954.309	0.689759
954.443	0.673193
954.577	0.677711
954.711	0.683735
954.845	0.692771
954.979	0.686747
955.113	0.674699
955.247	0.679217
955.381	0.686747
955.515	0.682229
955.649	0.658133
955.783	0.686747
955.917	0.667169
956.052	0.682229
956.186	0.694277
956.32	0.682229
956.454	0.698795
956.588	0.679217
956.722	0.680723
956.856	0.676205
956.99	0.697289
957.124	0.667169
957.258	0.686747
957.392	0.682229
957.526	0.679217
957.66	0.683735
957.794	0.692771
957.928	0.674699
958.062	0.692771
958.196	0.701807
958.33	0.701807
958.464	0.670181
958.598	0.688253
958.733	0.706325
958.867	0.685241
959.001	0.676205
959.135	0.658133
959.269	0.677711
959.403	0.688253
959.537	0.676205
959.671	0.688253
959.805	0.679217
959.939	0.673193
960.073	0.694277
960.207	0.682229
960.341	0.692771
960.475	0.688253
960.609	0.683735
960.743	0.677711
960.877	0.701807
961.011	0.682229
961.145	0.671687
961.279	0.704819
961.413	0.686747
961.547	0.697289
961.681	0.671687
961.815	0.650602
961.949	0.674699
962.083	0.688253
962.218	0.683735
962.352	0.679217
962.486	0.700301
962.62	0.698795
962.754	0.682229
962.888	0.700301
963.022	0.689759
963.156	0.698795
963.29	0.682229
963.424	0.685241
963.558	0.691265
963.692	0.686747
963.826	0.701807
963.96	0.680723
964.094	0.665663
964.228	0.667169
964.362	0.698795
964.496	0.673193
964.63	0.659639
964.764	0.695783
964.898	0.677711
965.032	0.676205
965.166	0.671687
965.3	0.671687
965.434	0.692771
965.568	0.683735
965.702	0.658133
965.836	0.676205
965.97	0.673193
966.104	0.703313
966.238	0.689759
966.372	0.676205
966.506	0.674699
966.64	0.686747
966.774	0.698795
966.908	0.659639
967.043	0.682229
967.177	0.698795
967.311	0.685241
967.445	0.670181
967.579	0.683735
967.713	0.698795
967.847	0.694277
967.981	0.683735
968.115	0.674699
968.249	0.676205
968.383	0.688253
968.517	0.677711
968.651	0.671687
968.785	0.682229
968.919	0.685241
969.053	0.685241
969.187	0.695783
969.321	0.671687
969.455	0.677711
969.589	0.667169
969.723	0.659639
969.857	0.677711
969.991	0.680723
970.125	0.676205
970.259	0.709337
970.393	0.679217
970.527	0.691265
970.661	0.676205
970.795	0.685241
970.929	0.685241
971.063	0.691265
971.197	0.689759
971.331	0.670181
971.465	0.670181
971.599	0.677711
971.733	0.683735
971.867	0.674699
972.001	0.662651
972.135	0.676205
972.269	0.667169
972.403	0.674699
972.537	0.682229
972.671	0.667169
972.805	0.715361
972.939	0.688253
973.073	0.691265
973.207	0.679217
973.341	0.688253
973.475	0.674699
973.609	0.706325
973.743	0.677711
973.877	0.694277
974.011	0.688253
974.145	0.680723
974.279	0.673193
974.413	0.685241
974.547	0.682229
974.681	0.674699
974.815	0.694277
974.949	0.676205
975.083	0.683735
975.217	0.710843
975.351	0.658133
975.485	0.683735
975.619	0.686747
975.753	0.695783
975.887	0.673193
976.021	0.691265
976.155	0.682229
976.289	0.679217
976.423	0.667169
976.557	0.685241
976.691	0.688253
976.825	0.692771
976.959	0.694277
977.093	0.707831
977.227	0.692771
977.361	0.671687
977.495	0.680723
977.629	0.691265
977.763	0.685241
977.897	0.691265
978.031	0.682229
978.165	0.674699
978.299	0.682229
978.433	0.694277
978.567	0.677711
978.701	0.679217
978.835	0.688253
978.969	0.688253
979.103	0.676205
979.237	0.691265
979.371	0.689759
979.505	0.676205
979.639	0.691265
979.773	0.695783
979.907	0.662651
980.041	0.670181
980.175	0.674699
980.308	0.686747
980.442	0.682229
980.576	0.679217
980.71	0.709337
980.844	0.670181
980.978	0.685241
981.112	0.686747
981.246	0.676205
981.38	0.683735
981.514	0.694277
981.648	0.677711
981.782	0.685241
981.916	0.688253
982.05	0.683735
982.184	0.685241
982.318	0.677711
982.452	0.670181
982.586	0.676205
982.72	0.677711
982.854	0.685241
982.988	0.703313
983.122	0.682229
983.256	0.670181
983.39	0.686747
983.524	0.689759
983.658	0.694277
983.792	0.680723
983.926	0.703313
984.06	0.673193
984.194	0.682229
984.328	0.691265
984.462	0.679217
984.596	0.673193
984.73	0.692771
984.864	0.692771
984.998	0.679217
985.132	0.674699
985.265	0.677711
985.399	0.677711
985.533	0.680723
985.667	0.686747
985.801	0.677711
985.935	0.683735
986.069	0.677711
986.203	0.673193
986.337	0.701807
986.471	0.698795
986.605	0.698795
986.739	0.679217
986.873	0.700301
987.007	0.665663
987.141	0.676205
987.275	0.683735
987.409	0.670181
987.543	0.686747
987.677	0.692771
987.811	0.683735
987.945	0.674699
988.079	0.677711
988.213	0.701807
988.347	0.695783
988.481	0.695783
988.614	0.692771
988.748	0.674699
988.882	0.680723
989.016	0.688253
989.15	0.683735
989.284	0.694277
989.418	0.671687
989.552	0.683735
989.686	0.698795
989.82	0.674699
989.954	0.698795
990.088	0.692771
990.222	0.685241
990.356	0.692771
990.49	0.679217
990.624	0.677711
990.758	0.689759
990.892	0.695783
991.026	0.701807
991.16	0.680723
991.294	0.704819
991.427	0.674699
991.561	0.679217
991.695	0.683735
991.829	0.689759
991.963	0.650602
992.097	0.671687
992.231	0.691265
992.365	0.691265
992.499	0.667169
992.633	0.689759
992.767	0.703313
992.901	0.688253
993.035	0.683735
993.169	0.695783
993.303	0.683735
993.437	0.698795
993.571	0.691265
993.704	0.686747
993.838	0.685241
993.972	0.682229
994.106	0.71988
994.24	0.674699
994.374	0.712349
994.508	0.682229
994.642	0.689759
994.776	0.706325
994.91	0.682229
995.044	0.676205
995.178	0.704819
995.312	0.691265
995.446	0.671687
995.58	0.668675
995.714	0.692771
995.847	0.682229
995.981	0.686747
996.115	0.685241
996.249	0.668675
996.383	0.685241
996.517	0.668675
996.651	0.701807
996.785	0.691265
996.919	0.680723
997.053	0.686747
997.187	0.682229
997.321	0.694277
997.455	0.685241
997.589	0.706325
997.722	0.683735
997.856	0.667169
997.99	0.688253
998.124	0.671687
998.258	0.682229
998.392	0.667169
998.526	0.676205
998.66	0.671687
998.794	0.698795
998.928	0.668675
999.062	0.665663
999.196	0.673193
999.33	0.691265
999.464	0.680723
999.597	0.658133
999.731	0.671687
999.865	0.686747
999.999	0.661145
1000.13	0.683735
1000.27	0.695783
1000.4	0.677711
1000.53	0.698795
1000.67	0.685241
1000.8	0.686747
1000.94	0.665663
1001.07	0.685241
1001.2	0.686747
1001.34	0.685241
1001.47	0.668675
1001.61	0.667169
1001.74	0.680723
1001.87	0.700301
1002.01	0.703313
1002.14	0.682229
1002.28	0.694277
1002.41	0.685241
1002.54	0.674699
1002.68	0.679217
1002.81	0.697289
1002.95	0.685241
1003.08	0.686747
1003.21	0.668675
1003.35	0.680723
1003.48	0.665663
1003.61	0.676205
1003.75	0.671687
1003.88	0.695783
1004.02	0.685241
1004.15	0.698795
1004.28	0.682229
1004.42	0.698795
1004.55	0.685241
1004.69	0.664157
1004.82	0.704819
1004.95	0.680723
1005.09	0.689759
1005.22	0.692771
1005.36	0.680723
1005.49	0.679217
1005.62	0.674699
1005.76	0.692771
1005.89	0.674699
1006.03	0.694277
1006.16	0.665663
1006.29	0.685241
1006.43	0.689759
1006.56	0.683735
1006.69	0.703313
1006.83	0.698795
1006.96	0.692771
1007.1	0.688253
1007.23	0.680723
1007.36	0.683735
1007.5	0.688253
1007.63	0.673193
1007.77	0.730422
1007.9	0.677711
1008.03	0.677711
1008.17	0.691265
1008.3	0.689759
1008.44	0.694277
1008.57	0.680723
1008.7	0.682229
1008.84	0.685241
1008.97	0.683735
1009.1	0.683735
1009.24	0.685241
1009.37	0.676205
1009.51	0.668675
1009.64	0.691265
1009.77	0.682229
1009.91	0.683735
1010.04	0.686747
1010.18	0.679217
1010.31	0.673193
1010.44	0.665663
1010.58	0.676205
1010.71	0.680723
1010.85	0.667169
1010.98	0.685241
1011.11	0.65512
1011.25	0.691265
1011.38	0.700301
1011.51	0.683735
1011.65	0.661145
1011.78	0.686747
1011.92	0.674699
1012.05	0.674699
1012.18	0.683735
1012.32	0.689759
1012.45	0.701807
1012.59	0.685241
1012.72	0.683735
1012.85	0.683735
1012.99	0.688253
1013.12	0.685241
1013.26	0.686747
1013.39	0.692771
1013.52	0.686747
1013.66	0.661145
1013.79	0.698795
1013.92	0.671687
1014.06	0.677711
1014.19	0.680723
1014.33	0.677711
1014.46	0.673193
1014.59	0.676205
1014.73	0.688253
1014.86	0.664157
1015	0.662651
1015.13	0.694277
1015.26	0.683735
1015.4	0.677711
1015.53	0.689759
1015.67	0.677711
1015.8	0.688253
1015.93	0.694277
1016.07	0.694277
1016.2	0.670181
1016.33	0.685241
1016.47	0.685241
1016.6	0.685241
1016.74	0.670181
1016.87	0.679217
1017	0.694277
1017.14	0.700301
1017.27	0.694277
1017.41	0.674699
1017.54	0.670181
1017.67	0.679217
1017.81	0.697289
1017.94	0.664157
1018.07	0.668675
1018.21	0.686747
1018.34	0.694277
1018.48	0.688253
1018.61	0.686747
1018.74	0.662651
1018.88	0.683735
1019.01	0.665663
1019.15	0.683735
1019.28	0.677711
1019.41	0.682229
1019.55	0.685241
1019.68	0.664157
1019.82	0.691265
1019.95	0.674699
1020.08	0.698795
1020.22	0.686747
1020.35	0.697289
1020.48	0.674699
1020.62	0.671687
1020.75	0.688253
1020.89	0.718373
1021.02	0.674699
1021.15	0.662651
1021.29	0.701807
1021.42	0.680723
1021.56	0.683735
1021.69	0.667169
1021.82	0.700301
1021.96	0.671687
1022.09	0.692771
1022.22	0.683735
1022.36	0.656627
1022.49	0.668675
1022.63	0.667169
1022.76	0.677711
1022.89	0.679217
1023.03	0.695783
1023.16	0.670181
1023.3	0.679217
1023.43	0.695783
1023.56	0.674699
1023.7	0.683735
1023.83	0.686747
1023.96	0.685241
1024.1	0.683735
1024.23	0.688253
1024.37	0.673193
1024.5	0.674699
1024.63	0.695783
1024.77	0.682229
1024.9	0.677711
1025.04	0.694277
1025.17	0.689759
1025.3	0.680723
1025.44	0.680723
1025.57	0.667169
1025.7	0.674699
1025.84	0.677711
1025.97	0.683735
1026.11	0.689759
1026.24	0.701807
1026.37	0.698795
1026.51	0.682229
1026.64	0.707831
1026.78	0.686747
1026.91	0.679217
1027.04	0.704819
1027.18	0.674699
1027.31	0.659639
1027.44	0.709337
1027.58	0.707831
1027.71	0.692771
1027.85	0.682229
1027.98	0.692771
1028.11	0.683735
1028.25	0.700301
1028.38	0.709337
1028.52	0.694277
1028.65	0.679217
1028.78	0.691265
1028.92	0.683735
1029.05	0.680723
1029.18	0.692771
1029.32	0.695783
1029.45	0.685241
1029.59	0.676205
1029.72	0.692771
1029.85	0.670181
1029.99	0.698795
1030.12	0.679217
1030.26	0.686747
1030.39	0.674699
1030.52	0.683735
1030.66	0.697289
1030.79	0.683735
1030.92	0.680723
1031.06	0.698795
1031.19	0.682229
1031.33	0.676205
1031.46	0.689759
1031.59	0.697289
1031.73	0.689759
1031.86	0.689759
1031.99	0.680723
1032.13	0.665663
1032.26	0.679217
1032.4	0.670181
1032.53	0.689759
1032.66	0.685241
1032.8	0.686747
1032.93	0.682229
1033.07	0.698795
1033.2	0.695783
1033.33	0.694277
1033.47	0.670181
1033.6	0.691265
1033.73	0.691265
1033.87	0.700301
1034	0.680723
1034.14	0.704819
1034.27	0.665663
1034.4	0.689759
1034.54	0.668675
1034.67	0.683735
1034.81	0.686747
1034.94	0.668675
1035.07	0.680723
1035.21	0.680723
1035.34	0.676205
1035.47	0.689759
1035.61	0.694277
1035.74	0.683735
1035.88	0.691265
1036.01	0.703313
1036.14	0.697289
1036.28	0.701807
1036.41	0.683735
1036.54	0.668675
1036.68	0.673193
1036.81	0.694277
1036.95	0.688253
1037.08	0.689759
1037.21	0.668675
1037.35	0.688253
1037.48	0.682229
1037.62	0.685241
1037.75	0.667169
1037.88	0.688253
1038.02	0.683735
1038.15	0.701807
1038.28	0.659639
1038.42	0.679217
1038.55	0.676205
1038.69	0.670181
1038.82	0.671687
1038.95	0.685241
1039.09	0.659639
1039.22	0.689759
1039.35	0.680723
1039.49	0.679217
1039.62	0.676205
1039.76	0.692771
1039.89	0.658133
1040.02	0.682229
1040.16	0.680723
1040.29	0.673193
1040.43	0.671687
1040.56	0.692771
1040.69	0.670181
1040.83	0.685241
1040.96	0.686747
1041.09	0.695783
1041.23	0.679217
1041.36	0.680723
1041.5	0.689759
1041.63	0.674699
1041.76	0.668675
1041.9	0.683735
1042.03	0.674699
1042.16	0.691265
1042.3	0.691265
1042.43	0.689759
1042.57	0.682229
1042.7	0.703313
1042.83	0.671687
1042.97	0.694277
1043.1	0.700301
1043.23	0.709337
1043.37	0.664157
1043.5	0.677711
1043.64	0.679217
1043.77	0.677711
1043.9	0.683735
1044.04	0.674699
1044.17	0.695783
1044.31	0.682229
1044.44	0.680723
1044.57	0.691265
1044.71	0.692771
1044.84	0.676205
1044.97	0.677711
1045.11	0.695783
1045.24	0.671687
1045.38	0.685241
1045.51	0.665663
1045.64	0.689759
1045.78	0.698795
1045.91	0.695783
1046.04	0.676205
1046.18	0.673193
1046.31	0.671687
1046.45	0.689759
1046.58	0.695783
1046.71	0.670181
1046.85	0.685241
1046.98	0.686747
1047.11	0.676205
1047.25	0.695783
1047.38	0.677711
1047.52	0.676205
1047.65	0.695783
1047.78	0.676205
1047.92	0.680723
1048.05	0.697289
1048.18	0.701807
1048.32	0.688253
1048.45	0.674699
1048.59	0.680723
1048.72	0.685241
1048.85	0.694277
1048.99	0.670181
1049.12	0.671687
1049.25	0.659639
1049.39	0.682229
1049.52	0.674699
1049.66	0.677711
1049.79	0.673193
1049.92	0.685241
1050.06	0.688253
1050.19	0.691265
1050.33	0.692771
1050.46	0.686747
1050.59	0.698795
1050.73	0.689759
1050.86	0.692771
1050.99	0.692771
1051.13	0.682229
1051.26	0.680723
1051.4	0.677711
1051.53	0.671687
1051.66	0.680723
1051.8	0.682229
1051.93	0.661145
1052.06	0.689759
1052.2	0.676205
1052.33	0.680723
1052.47	0.671687
1052.6	0.671687
1052.73	0.673193
1052.87	0.701807
1053	0.688253
1053.13	0.683735
1053.27	0.664157
1053.4	0.670181
1053.54	0.656627
1053.67	0.688253
1053.8	0.692771
1053.94	0.665663
1054.07	0.679217
1054.2	0.676205
1054.34	0.697289
1054.47	0.683735
1054.61	0.688253
1054.74	0.686747
1054.87	0.674699
1055.01	0.695783
1055.14	0.674699
1055.27	0.686747
1055.41	0.703313
1055.54	0.676205
1055.68	0.704819
1055.81	0.676205
1055.94	0.692771
1056.08	0.686747
1056.21	0.685241
1056.34	0.682229
1056.48	0.685241
1056.61	0.683735
1056.75	0.674699
1056.88	0.659639
1057.01	0.674699
1057.15	0.682229
1057.28	0.692771
1057.41	0.688253
1057.55	0.676205
1057.68	0.709337
1057.82	0.673193
1057.95	0.671687
1058.08	0.686747
1058.22	0.688253
1058.35	0.682229
1058.48	0.671687
1058.62	0.709337
1058.75	0.650602
1058.89	0.676205
1059.02	0.692771
1059.15	0.683735
1059.29	0.704819
1059.42	0.683735
1059.55	0.677711
1059.69	0.685241
1059.82	0.692771
1059.96	0.692771
1060.09	0.688253
1060.22	0.673193
1060.36	0.656627
1060.49	0.673193
1060.62	0.679217
1060.76	0.680723
1060.89	0.688253
1061.03	0.679217
1061.16	0.689759
1061.29	0.677711
1061.43	0.694277
1061.56	0.659639
1061.69	0.679217
1061.83	0.668675
1061.96	0.677711
1062.1	0.691265
1062.23	0.673193
1062.36	0.698795
1062.5	0.688253
1062.63	0.677711
1062.76	0.700301
1062.9	0.688253
1063.03	0.694277
1063.17	0.664157
1063.3	0.674699
1063.43	0.682229
1063.57	0.674699
1063.7	0.695783
1063.83	0.689759
1063.97	0.688253
1064.1	0.700301
1064.23	0.685241
1064.37	0.677711
1064.5	0.694277
1064.64	0.712349
1064.77	0.682229
1064.9	0.685241
1065.04	0.689759
1065.17	0.682229
1065.3	0.682229
1065.44	0.686747
1065.57	0.704819
1065.71	0.691265
1065.84	0.667169
1065.97	0.692771
1066.11	0.674699
1066.24	0.668675
1066.37	0.676205
1066.51	0.677711
1066.64	0.671687
1066.78	0.689759
1066.91	0.653614
1067.04	0.680723
1067.18	0.686747
1067.31	0.673193
1067.44	0.679217
1067.58	0.677711
1067.71	0.704819
1067.85	0.680723
1067.98	0.673193
1068.11	0.689759
1068.25	0.689759
1068.38	0.668675
1068.51	0.697289
1068.65	0.698795
1068.78	0.688253
1068.92	0.664157
1069.05	0.685241
1069.18	0.682229
1069.32	0.677711
1069.45	0.680723
1069.58	0.664157
1069.72	0.694277
1069.85	0.682229
1069.98	0.698795
1070.12	0.676205
1070.25	0.688253
1070.39	0.688253
1070.52	0.676205
1070.65	0.670181
1070.79	0.679217
1070.92	0.670181
1071.05	0.683735
1071.19	0.689759
1071.32	0.688253
1071.46	0.683735
1071.59	0.680723
1071.72	0.673193
1071.86	0.686747
1071.99	0.685241
1072.12	0.664157
1072.26	0.659639
1072.39	0.685241
1072.53	0.673193
1072.66	0.682229
1072.79	0.685241
1072.93	0.691265
1073.06	0.697289
1073.19	0.701807
1073.33	0.706325
1073.46	0.683735
1073.59	0.689759
1073.73	0.683735
1073.86	0.662651
1074	0.692771
1074.13	0.701807
1074.26	0.677711
1074.4	0.704819
1074.53	0.680723
1074.66	0.677711
1074.8	0.682229
1074.93	0.691265
1075.07	0.685241
1075.2	0.682229
1075.33	0.701807
1075.47	0.697289
1075.6	0.700301
1075.73	0.661145
1075.87	0.691265
1076	0.65512
1076.14	0.689759
1076.27	0.674699
1076.4	0.691265
1076.54	0.677711
1076.67	0.683735
1076.8	0.673193
1076.94	0.689759
1077.07	0.698795
1077.2	0.703313
1077.34	0.680723
1077.47	0.671687
1077.61	0.686747
1077.74	0.703313
1077.87	0.694277
1078.01	0.667169
1078.14	0.670181
1078.27	0.665663
1078.41	0.674699
1078.54	0.673193
1078.68	0.688253
1078.81	0.668675
1078.94	0.679217
1079.08	0.682229
1079.21	0.688253
1079.34	0.697289
1079.48	0.689759
1079.61	0.691265
1079.74	0.682229
1079.88	0.688253
1080.01	0.701807
1080.15	0.664157
1080.28	0.694277
1080.41	0.709337
1080.55	0.679217
1080.68	0.673193
1080.81	0.703313
1080.95	0.685241
1081.08	0.686747
1081.22	0.692771
1081.35	0.659639
1081.48	0.679217
1081.62	0.703313
1081.75	0.674699
1081.88	0.674699
1082.02	0.707831
1082.15	0.688253
1082.28	0.680723
1082.42	0.691265
1082.55	0.677711
1082.69	0.686747
1082.82	0.664157
1082.95	0.682229
1083.09	0.695783
1083.22	0.686747
1083.35	0.671687
1083.49	0.689759
1083.62	0.691265
1083.75	0.689759
1083.89	0.697289
1084.02	0.695783
1084.16	0.673193
1084.29	0.677711
1084.42	0.674699
1084.56	0.682229
1084.69	0.671687
1084.82	0.670181
1084.96	0.671687
1085.09	0.652108
1085.23	0.664157
1085.36	0.691265
1085.49	0.704819
1085.63	0.674699
1085.76	0.686747
1085.89	0.682229
1086.03	0.680723
1086.16	0.679217
1086.29	0.686747
1086.43	0.688253
1086.56	0.682229
1086.7	0.670181
1086.83	0.689759
1086.96	0.689759
1087.1	0.673193
1087.23	0.686747
1087.36	0.704819
1087.5	0.691265
1087.63	0.686747
1087.76	0.683735
1087.9	0.680723
1088.03	0.674699
1088.17	0.676205
1088.3	0.673193
1088.43	0.682229
1088.57	0.686747
1088.7	0.677711
1088.83	0.679217
1088.97	0.682229
1089.1	0.683735
1089.24	0.686747
1089.37	0.697289
1089.5	0.689759
1089.64	0.697289
1089.77	0.676205
1089.9	0.688253
1090.04	0.685241
1090.17	0.698795
1090.3	0.677711
1090.44	0.667169
1090.57	0.685241
1090.71	0.677711
1090.84	0.698795
1090.97	0.679217
1091.11	0.688253
1091.24	0.679217
1091.37	0.679217
1091.51	0.674699
1091.64	0.688253
1091.77	0.682229
1091.91	0.697289
1092.04	0.676205
1092.18	0.676205
1092.31	0.677711
1092.44	0.689759
1092.58	0.668675
1092.71	0.697289
1092.84	0.685241
1092.98	0.712349
1093.11	0.682229
1093.24	0.707831
1093.38	0.685241
1093.51	0.676205
1093.65	0.677711
1093.78	0.689759
1093.91	0.683735
1094.05	0.683735
1094.18	0.661145
1094.31	0.680723
1094.45	0.65512
1094.58	0.691265
1094.71	0.683735
1094.85	0.673193
1094.98	0.659639
1095.12	0.688253
1095.25	0.683735
1095.38	0.686747
1095.52	0.677711
1095.65	0.679217
1095.78	0.688253
1095.92	0.682229
1096.05	0.703313
1096.18	0.694277
1096.32	0.665663
1096.45	0.641566
1096.59	0.689759
1096.72	0.680723
1096.85	0.698795
1096.99	0.668675
1097.12	0.679217
1097.25	0.691265
1097.39	0.676205
1097.52	0.679217
1097.65	0.670181
1097.79	0.676205
1097.92	0.671687
1098.06	0.677711
1098.19	0.698795
1098.32	0.679217
1098.46	0.712349
1098.59	0.685241
1098.72	0.692771
1098.86	0.673193
1098.99	0.674699
1099.12	0.692771
1099.26	0.688253
1099.39	0.671687
1099.53	0.686747
1099.66	0.707831
1099.79	0.659639
1099.93	0.691265
1100.06	0.671687
1100.19	0.676205
1100.33	0.674699
1100.46	0.665663
1100.59	0.683735
1100.73	0.670181
1100.86	0.712349
1100.99	0.685241
1101.13	0.692771
1101.26	0.688253
1101.4	0.694277
1101.53	0.682229
1101.66	0.704819
1101.8	0.718373
1101.93	0.686747
1102.06	0.683735
1102.2	0.659639
1102.33	0.671687
1102.46	0.701807
1102.6	0.688253
1102.73	0.682229
1102.87	0.686747
1103	0.658133
1103.13	0.661145
1103.27	0.656627
1103.4	0.676205
1103.53	0.667169
1103.67	0.691265
1103.8	0.697289
1103.93	0.670181
1104.07	0.683735
1104.2	0.674699
1104.34	0.694277
1104.47	0.677711
1104.6	0.697289
1104.74	0.697289
1104.87	0.685241
1105	0.673193
1105.14	0.670181
1105.27	0.686747
1105.4	0.680723
1105.54	0.680723
1105.67	0.701807
1105.8	0.664157
1105.94	0.677711
1106.07	0.683735
1106.21	0.686747
1106.34	0.685241
1106.47	0.674699
1106.61	0.698795
1106.74	0.646084
1106.87	0.676205
1107.01	0.692771
1107.14	0.662651
1107.27	0.701807
1107.41	0.700301
1107.54	0.697289

